{
  "format": "overlay_json_v1",
  "kind": "morph_bundle",
  "version": 1,
  "asset_id": "morph_1336-pawg-ass-urnewx-2v",
  "name": "Pawg Ass (Urnewx 2V)",
  "source_file": "1336-pawg-ass-urnewx-2v.rbxmx",
  "anchor": "LowerTorso",
  "anchor_candidates": [
    "LowerTorso",
    "Torso",
    "HumanoidRootPart",
    "UpperTorso"
  ],
  "jiggle": true,
  "root_cframe": {
    "position": [
      3.19580078,
      2,
      -5.03881836
    ],
    "rotation": [
      0.999982893,
      -1.06087477e-8,
      -0.00592318177,
      -3.20969775e-8,
      1,
      -1.49011612e-8,
      0.00592318177,
      4.40609611e-8,
      0.999982893
    ]
  },
  "class_counts": {
    "Folder": 1,
    "Model": 3,
    "Part": 3,
    "SpecialMesh": 3,
    "Weld": 3,
    "MeshPart": 2,
    "Bone": 32,
    "Decal": 1
  },
  "nodes": [
    {
      "id": "RBX48E2A8EA86ED44279C900BDDCD919E47",
      "parent": null,
      "class": "Folder",
      "name": "Pawg Ass (Urnewx 2V)",
      "properties": {
        "Name": "Pawg Ass (Urnewx 2V)"
      }
    },
    {
      "id": "RBXE1DD8F6CEE5847B194E95E7D32A76183",
      "parent": "RBX48E2A8EA86ED44279C900BDDCD919E47",
      "class": "Model",
      "name": "LowerL",
      "properties": {
        "PrimaryPart": null,
        "Name": "LowerL"
      }
    },
    {
      "id": "RBX8F0974A04AA648EABF39083124805C06",
      "parent": "RBXE1DD8F6CEE5847B194E95E7D32A76183",
      "class": "Part",
      "name": "Middle",
      "properties": {
        "shape": 1,
        "Anchored": false,
        "CanCollide": false,
        "CanQuery": true,
        "CanTouch": true,
        "Color3uint8": [
          1,
          0,
          0
        ],
        "Massless": false,
        "Material": 272,
        "PivotOffset": {
          "position": [
            0,
            0,
            0
          ],
          "rotation": [
            1,
            0,
            0,
            0,
            1,
            0,
            0,
            0,
            1
          ]
        },
        "Reflectance": 0,
        "Transparency": 1,
        "size": [
          0.226228729,
          0.226228729,
          0.226228729
        ],
        "Name": "Middle",
        "LocalCFrame": {
          "position": [
            0,
            0,
            0
          ],
          "rotation": [
            1.000001,
            0,
            0,
            0,
            1,
            0,
            0,
            0,
            1.000001
          ]
        }
      }
    },
    {
      "id": "RBX17EDA30078DF4FBEBC95C0900C961F94",
      "parent": "RBX8F0974A04AA648EABF39083124805C06",
      "class": "SpecialMesh",
      "name": "Mesh",
      "properties": {
        "MeshType": 6,
        "MeshId": null,
        "TextureId": null,
        "Offset": [
          0,
          0,
          0
        ],
        "Scale": [
          0,
          0,
          0
        ],
        "VertexColor": [
          1,
          1,
          1
        ],
        "Name": "Mesh"
      }
    },
    {
      "id": "RBX6E32448CADFF4F14BD8512823EF037D8",
      "parent": "RBX8F0974A04AA648EABF39083124805C06",
      "class": "Weld",
      "name": "Weld",
      "properties": {
        "C0": {
          "position": [
            0,
            0,
            0
          ],
          "rotation": [
            -1,
            0,
            0,
            0,
            1,
            0,
            0,
            0,
            -1
          ]
        },
        "C1": {
          "position": [
            0,
            0,
            0
          ],
          "rotation": [
            -1,
            0,
            0,
            0,
            1,
            0,
            0,
            0,
            -1
          ]
        },
        "Enabled": true,
        "Part0": "RBX8F0974A04AA648EABF39083124805C06",
        "Part1": "RBX8F0974A04AA648EABF39083124805C06",
        "Name": "Weld"
      }
    },
    {
      "id": "RBXDD6055E6D86B47E9807185BAB52FBD9C",
      "parent": "RBXE1DD8F6CEE5847B194E95E7D32A76183",
      "class": "MeshPart",
      "name": "color5",
      "properties": {
        "HasSkinnedMesh": true,
        "MeshId": "rbxassetid://17837346792",
        "RenderFidelity": 0,
        "TextureID": null,
        "Anchored": false,
        "CanCollide": false,
        "CanQuery": true,
        "CanTouch": true,
        "Color3uint8": [
          1,
          0.8,
          0.6
        ],
        "Massless": false,
        "Material": 272,
        "PivotOffset": {
          "position": [
            0.0290862378,
            -0.00234352564,
            -6.25266168e-8
          ],
          "rotation": [
            1,
            0,
            0,
            0,
            0,
            -1,
            0,
            1,
            0
          ]
        },
        "Reflectance": 0,
        "Transparency": 0,
        "size": [
          1.4357276,
          1.58625209,
          1.25777221
        ],
        "Name": "color5",
        "LocalCFrame": {
          "position": [
            -0.276016,
            -0.125,
            0.018969
          ],
          "rotation": [
            0.965932,
            0.258797,
            -0.000029,
            -0.249973,
            0.933026,
            0.258797,
            0.067003,
            -0.249973,
            0.965932
          ]
        }
      }
    },
    {
      "id": "RBX76B634966FC744CBBF3E5E0E0474A85A",
      "parent": "RBXDD6055E6D86B47E9807185BAB52FBD9C",
      "class": "Bone",
      "name": "Bone",
      "properties": {
        "CFrame": {
          "position": [
            0.0290862378,
            0.752770722,
            -6.25266239e-8
          ],
          "rotation": [
            -1,
            0,
            0,
            0,
            -1,
            0,
            0,
            0,
            1
          ]
        },
        "Visible": false,
        "Name": "Bone"
      }
    },
    {
      "id": "RBX3FFAA45F97C64CF1BCB2419D1047FB3C",
      "parent": "RBX76B634966FC744CBBF3E5E0E0474A85A",
      "class": "Bone",
      "name": "Bone.001",
      "properties": {
        "CFrame": {
          "position": [
            0.00938074663,
            0.802265167,
            -0.00864720158
          ],
          "rotation": [
            0.999890924,
            0.0147747649,
            0.0000266659881,
            -0.0147747658,
            0.999884486,
            0.00359380082,
            0.0000264346545,
            -0.00359380245,
            0.999993682
          ]
        },
        "Visible": false,
        "Name": "Bone.001"
      }
    },
    {
      "id": "RBX1D80853EA9354C8B9DB34D4BBC543FDA",
      "parent": "RBX3FFAA45F97C64CF1BCB2419D1047FB3C",
      "class": "Bone",
      "name": "Bone.001_Tail",
      "properties": {
        "CFrame": {
          "position": [
            0.00121682172,
            0.801738799,
            0.0185025949
          ],
          "rotation": [
            0.999998808,
            0.00159010675,
            0.000157747578,
            -0.00158429076,
            0.999493718,
            -0.0317785069,
            -0.000208198922,
            0.0317782126,
            0.999495029
          ]
        },
        "Visible": false,
        "Name": "Bone.001_Tail"
      }
    },
    {
      "id": "RBXD099843D65D449328C387DE8790A95CF",
      "parent": "RBX1D80853EA9354C8B9DB34D4BBC543FDA",
      "class": "Bone",
      "name": "Bone.001_Tail_Tail",
      "properties": {
        "CFrame": {
          "position": [
            -0.00187269726,
            0.802170336,
            -0.00125997129
          ],
          "rotation": [
            1,
            3.72528817e-8,
            0,
            -3.72528817e-8,
            1,
            0,
            0,
            0,
            1
          ]
        },
        "Visible": false,
        "Name": "Bone.001_Tail_Tail"
      }
    },
    {
      "id": "RBXC82C917AFCF940CFBD27949C8CA576CD",
      "parent": "RBX76B634966FC744CBBF3E5E0E0474A85A",
      "class": "Bone",
      "name": "Bone.002",
      "properties": {
        "CFrame": {
          "position": [
            0.00938074663,
            0.802265167,
            -0.00864720158
          ],
          "rotation": [
            0.00630102307,
            0.999944925,
            -0.00839659292,
            -0.999980211,
            0.00630102027,
            -0.0000268017357,
            0.0000261068344,
            0.00839659385,
            0.999964833
          ]
        },
        "Visible": false,
        "Name": "Bone.002"
      }
    },
    {
      "id": "RBX302B0FFA089040F787B4AA495B5CD3E4",
      "parent": "RBXC82C917AFCF940CFBD27949C8CA576CD",
      "class": "Bone",
      "name": "Bone.002_Tail",
      "properties": {
        "CFrame": {
          "position": [
            0.0823037401,
            0.68042773,
            0.0407678448
          ],
          "rotation": [
            0.997199237,
            0.074786,
            -0.000899672741,
            -0.074778907,
            0.996740699,
            -0.0302700102,
            -0.00136703218,
            0.0302525051,
            0.999541461
          ]
        },
        "Visible": false,
        "Name": "Bone.002_Tail"
      }
    },
    {
      "id": "RBX476255B5AE1F4C29B780D5850B57C138",
      "parent": "RBX302B0FFA089040F787B4AA495B5CD3E4",
      "class": "Bone",
      "name": "Bone.002_Tail_Tail",
      "properties": {
        "CFrame": {
          "position": [
            0.00791365653,
            0.688548446,
            0.00272706151
          ],
          "rotation": [
            1,
            -6.70552112e-8,
            2.98023171e-8,
            6.70552112e-8,
            1,
            -2.98022993e-8,
            -2.98023153e-8,
            2.98023011e-8,
            1
          ]
        },
        "Visible": false,
        "Name": "Bone.002_Tail_Tail"
      }
    },
    {
      "id": "RBX329049A5DED34509BDE1602A68420040",
      "parent": "RBX76B634966FC744CBBF3E5E0E0474A85A",
      "class": "Bone",
      "name": "Bone.003",
      "properties": {
        "CFrame": {
          "position": [
            0.00938074663,
            0.802265167,
            -0.00864720158
          ],
          "rotation": [
            0.00288033485,
            -0.999964237,
            0.00795358233,
            0.999995947,
            0.00288033625,
            -0.0000112566868,
            -0.0000116527081,
            0.0079535814,
            0.999968469
          ]
        },
        "Visible": false,
        "Name": "Bone.003"
      }
    },
    {
      "id": "RBX50062E452FDD4B4E818AD31865FB03B7",
      "parent": "RBX329049A5DED34509BDE1602A68420040",
      "class": "Bone",
      "name": "Bone.003_Tail",
      "properties": {
        "CFrame": {
          "position": [
            -0.0768237412,
            0.686805248,
            0.0417861752
          ],
          "rotation": [
            0.99770391,
            -0.0677050352,
            0.00174193038,
            0.0676899776,
            0.995966971,
            -0.0588901006,
            0.00225225068,
            0.0588727891,
            0.998263061
          ]
        },
        "Visible": false,
        "Name": "Bone.003_Tail"
      }
    },
    {
      "id": "RBX3060BB75ECD943C1A76BCE0DF767D2DB",
      "parent": "RBX50062E452FDD4B4E818AD31865FB03B7",
      "class": "Bone",
      "name": "Bone.003_Tail_Tail",
      "properties": {
        "CFrame": {
          "position": [
            -0.0073268204,
            0.688695192,
            0.00453934912
          ],
          "rotation": [
            1,
            1.34110451e-7,
            -1.19209233e-7,
            -1.34110422e-7,
            1,
            2.08616129e-7,
            1.19209261e-7,
            -2.08616115e-7,
            1
          ]
        },
        "Visible": false,
        "Name": "Bone.003_Tail_Tail"
      }
    },
    {
      "id": "RBXEB2AA1EA2C1A4396A951274D04A67450",
      "parent": "RBX76B634966FC744CBBF3E5E0E0474A85A",
      "class": "Bone",
      "name": "Bone.004",
      "properties": {
        "CFrame": {
          "position": [
            0.00938074663,
            0.802265167,
            -0.00864720158
          ],
          "rotation": [
            0.999959946,
            0.00895156991,
            0.0000225305648,
            -0.0000218748937,
            0.00496050576,
            -0.999987781,
            -0.00895156991,
            0.999947727,
            0.00496050296
          ]
        },
        "Visible": false,
        "Name": "Bone.004"
      }
    },
    {
      "id": "RBXE873E6B5403F432E8ABCA2A1E5C42D69",
      "parent": "RBXEB2AA1EA2C1A4396A951274D04A67450",
      "class": "Bone",
      "name": "Bone.004_Tail",
      "properties": {
        "CFrame": {
          "position": [
            0.0206773374,
            0.759055078,
            0.0783598721
          ],
          "rotation": [
            0.999349296,
            0.0360454023,
            -0.00131896615,
            -0.0360380933,
            0.996284366,
            -0.078222841,
            -0.00150550809,
            0.0782194659,
            0.996935129
          ]
        },
        "Visible": false,
        "Name": "Bone.004_Tail"
      }
    },
    {
      "id": "RBXD024EF3B4C0F4838B33F73B142D1F6A5",
      "parent": "RBXE873E6B5403F432E8ABCA2A1E5C42D69",
      "class": "Bone",
      "name": "Bone.004_Tail_Tail",
      "properties": {
        "CFrame": {
          "position": [
            -0.00307225925,
            0.755827546,
            0.00333978701
          ],
          "rotation": [
            1,
            1.78813863e-7,
            -6.70551685e-8,
            -1.78813849e-7,
            1,
            1.78813835e-7,
            6.7055197e-8,
            -1.78813821e-7,
            1
          ]
        },
        "Visible": false,
        "Name": "Bone.004_Tail_Tail"
      }
    },
    {
      "id": "RBX208846024E5B4CB5986DDA35BA11D7E3",
      "parent": "RBX76B634966FC744CBBF3E5E0E0474A85A",
      "class": "Bone",
      "name": "Bone.005",
      "properties": {
        "CFrame": {
          "position": [
            0.00938074663,
            0.802265167,
            -0.00864720158
          ],
          "rotation": [
            0.999962032,
            0.00871857442,
            -0.000022030963,
            -0.0000212713967,
            0.00496655516,
            0.999987781,
            0.00871857628,
            -0.999949753,
            0.0049665519
          ]
        },
        "Visible": false,
        "Name": "Bone.005"
      }
    },
    {
      "id": "RBX7FACB0E35B754D209CF07DF44CD97869",
      "parent": "RBX208846024E5B4CB5986DDA35BA11D7E3",
      "class": "Bone",
      "name": "Bone.005_Tail",
      "properties": {
        "CFrame": {
          "position": [
            0.0209534951,
            0.744177043,
            -0.0819326639
          ],
          "rotation": [
            0.999394,
            0.0347894952,
            0.00119384076,
            -0.0347842053,
            0.996747255,
            0.0726979226,
            0.00133916654,
            -0.0726953894,
            0.997353375
          ]
        },
        "Visible": false,
        "Name": "Bone.005_Tail"
      }
    },
    {
      "id": "RBX7E238AEAFE224A6AA3F34E27B1E9C34C",
      "parent": "RBX7FACB0E35B754D209CF07DF44CD97869",
      "class": "Bone",
      "name": "Bone.005_Tail_Tail",
      "properties": {
        "CFrame": {
          "position": [
            -0.00295143994,
            0.755810201,
            -0.00314129842
          ],
          "rotation": [
            1,
            -5.9604595e-8,
            9.68574838e-8,
            5.96046021e-8,
            1,
            -7.45057704e-8,
            -9.68574767e-8,
            7.45057775e-8,
            1
          ]
        },
        "Visible": false,
        "Name": "Bone.005_Tail_Tail"
      }
    },
    {
      "id": "RBXB8EF9CE2CACA4807B6B740BD23D97EFF",
      "parent": "RBX48E2A8EA86ED44279C900BDDCD919E47",
      "class": "Model",
      "name": "LowerStatic",
      "properties": {
        "PrimaryPart": "RBX6674A4B7B2364015A43FED60EBADE74A",
        "Name": "LowerStatic"
      }
    },
    {
      "id": "RBX6674A4B7B2364015A43FED60EBADE74A",
      "parent": "RBXB8EF9CE2CACA4807B6B740BD23D97EFF",
      "class": "Part",
      "name": "Middle",
      "properties": {
        "shape": 1,
        "Anchored": false,
        "CanCollide": false,
        "CanQuery": true,
        "CanTouch": true,
        "Color3uint8": [
          0.972549,
          0.972549,
          0.972549
        ],
        "Massless": false,
        "Material": 272,
        "PivotOffset": {
          "position": [
            0,
            0,
            0
          ],
          "rotation": [
            1,
            0,
            0,
            0,
            1,
            0,
            0,
            0,
            1
          ]
        },
        "Reflectance": 0,
        "Transparency": 0,
        "size": [
          2,
          2,
          1
        ],
        "Name": "Middle",
        "LocalCFrame": {
          "position": [
            0.279779,
            0.900133,
            -0.498778
          ],
          "rotation": [
            1,
            0,
            0,
            0,
            1,
            0,
            0,
            0,
            1
          ]
        }
      }
    },
    {
      "id": "RBXB7329792241E4E5BBF0995F8564DD7D4",
      "parent": "RBX6674A4B7B2364015A43FED60EBADE74A",
      "class": "SpecialMesh",
      "name": "Mesh",
      "properties": {
        "MeshType": 5,
        "MeshId": "rbxassetid://12221758",
        "TextureId": null,
        "Offset": [
          0,
          0,
          0
        ],
        "Scale": [
          1,
          1,
          1
        ],
        "VertexColor": [
          1,
          1,
          1
        ],
        "Name": "Mesh"
      }
    },
    {
      "id": "RBXE99CEE971C7E4DBEA5CAB1EBF8FB8E1A",
      "parent": "RBX6674A4B7B2364015A43FED60EBADE74A",
      "class": "Weld",
      "name": "Weld",
      "properties": {
        "C0": {
          "position": [
            0,
            0,
            0
          ],
          "rotation": [
            -1,
            0,
            0,
            0,
            1,
            0,
            0,
            0,
            -1
          ]
        },
        "C1": {
          "position": [
            0,
            0,
            0
          ],
          "rotation": [
            -1,
            0,
            0,
            0,
            1,
            0,
            0,
            0,
            -1
          ]
        },
        "Enabled": true,
        "Part0": "RBX6674A4B7B2364015A43FED60EBADE74A",
        "Part1": "RBX6674A4B7B2364015A43FED60EBADE74A",
        "Name": "Weld"
      }
    },
    {
      "id": "RBX81A374D5EC4B488BB332AF51D1BA6EF1",
      "parent": "RBX48E2A8EA86ED44279C900BDDCD919E47",
      "class": "Model",
      "name": "LowerR",
      "properties": {
        "PrimaryPart": null,
        "Name": "LowerR"
      }
    },
    {
      "id": "RBXC8E65DE9CADF4221AB97961FE8E0597B",
      "parent": "RBX81A374D5EC4B488BB332AF51D1BA6EF1",
      "class": "Part",
      "name": "Middle",
      "properties": {
        "shape": 1,
        "Anchored": false,
        "CanCollide": false,
        "CanQuery": true,
        "CanTouch": true,
        "Color3uint8": [
          1,
          0,
          0
        ],
        "Massless": false,
        "Material": 272,
        "PivotOffset": {
          "position": [
            0,
            0,
            0
          ],
          "rotation": [
            1,
            0,
            0,
            0,
            1,
            0,
            0,
            0,
            1
          ]
        },
        "Reflectance": 0,
        "Transparency": 1,
        "size": [
          0.226228729,
          0.226228729,
          0.226228729
        ],
        "Name": "Middle",
        "LocalCFrame": {
          "position": [
            0.566901,
            0,
            -0.000672
          ],
          "rotation": [
            1,
            0,
            0,
            0,
            1,
            0,
            0,
            0,
            1
          ]
        }
      }
    },
    {
      "id": "RBXDBEF3C939D194F868CA75FB3EB60C844",
      "parent": "RBXC8E65DE9CADF4221AB97961FE8E0597B",
      "class": "SpecialMesh",
      "name": "Mesh",
      "properties": {
        "MeshType": 6,
        "MeshId": null,
        "TextureId": null,
        "Offset": [
          0,
          0,
          0
        ],
        "Scale": [
          0,
          0,
          0
        ],
        "VertexColor": [
          1,
          1,
          1
        ],
        "Name": "Mesh"
      }
    },
    {
      "id": "RBX08C0E325816F4DC0A80625BCAA32320C",
      "parent": "RBXC8E65DE9CADF4221AB97961FE8E0597B",
      "class": "Weld",
      "name": "Weld",
      "properties": {
        "C0": {
          "position": [
            0,
            0,
            0
          ],
          "rotation": [
            -1,
            0,
            0,
            0,
            1,
            0,
            0,
            0,
            -1
          ]
        },
        "C1": {
          "position": [
            0,
            0,
            0
          ],
          "rotation": [
            -1,
            0,
            0,
            0,
            1,
            0,
            0,
            0,
            -1
          ]
        },
        "Enabled": true,
        "Part0": "RBXC8E65DE9CADF4221AB97961FE8E0597B",
        "Part1": "RBXC8E65DE9CADF4221AB97961FE8E0597B",
        "Name": "Weld"
      }
    },
    {
      "id": "RBX0924855F95F44FA79F3894D4D107C8FB",
      "parent": "RBX81A374D5EC4B488BB332AF51D1BA6EF1",
      "class": "MeshPart",
      "name": "color5",
      "properties": {
        "HasSkinnedMesh": true,
        "MeshId": "rbxassetid://17837346792",
        "RenderFidelity": 0,
        "TextureID": null,
        "Anchored": false,
        "CanCollide": false,
        "CanQuery": true,
        "CanTouch": true,
        "Color3uint8": [
          1,
          0.8,
          0.6
        ],
        "Massless": false,
        "Material": 272,
        "PivotOffset": {
          "position": [
            0.0290862359,
            -0.00234352518,
            -6.25266168e-8
          ],
          "rotation": [
            1,
            0,
            0,
            0,
            0,
            -1,
            0,
            1,
            0
          ]
        },
        "Reflectance": 0,
        "Transparency": 0,
        "size": [
          1.4357276,
          1.58625209,
          1.25777221
        ],
        "Name": "color5",
        "LocalCFrame": {
          "position": [
            0.84241,
            -0.125,
            0.018448
          ],
          "rotation": [
            -0.965932,
            -0.258797,
            -0.000029,
            -0.249973,
            0.933026,
            -0.258797,
            0.067003,
            -0.249973,
            -0.965932
          ]
        }
      }
    },
    {
      "id": "RBXAB70586A2A7D45BC9E05FEAA56B58854",
      "parent": "RBX0924855F95F44FA79F3894D4D107C8FB",
      "class": "Bone",
      "name": "Bone",
      "properties": {
        "CFrame": {
          "position": [
            0.0290862359,
            0.752770722,
            -6.25266239e-8
          ],
          "rotation": [
            -1,
            0,
            0,
            0,
            -1,
            0,
            0,
            0,
            1
          ]
        },
        "Visible": false,
        "Name": "Bone"
      }
    },
    {
      "id": "RBX12AAFB0357A74ABF86FD36E130E533D8",
      "parent": "RBXAB70586A2A7D45BC9E05FEAA56B58854",
      "class": "Bone",
      "name": "Bone.001",
      "properties": {
        "CFrame": {
          "position": [
            -0.00636889692,
            0.80218327,
            -0.00519522466
          ],
          "rotation": [
            0.999963522,
            -0.00854535308,
            -0.0000752888591,
            0.00854535773,
            0.999809325,
            0.0175590795,
            -0.0000747740269,
            -0.0175590813,
            0.999845862
          ]
        },
        "Visible": false,
        "Name": "Bone.001"
      }
    },
    {
      "id": "RBX709239C425E941C1BD37D036134708D8",
      "parent": "RBX12AAFB0357A74ABF86FD36E130E533D8",
      "class": "Bone",
      "name": "Bone.001_Tail",
      "properties": {
        "CFrame": {
          "position": [
            -0.0090528084,
            0.801844537,
            -0.00659327535
          ],
          "rotation": [
            0.999887049,
            -0.0150314309,
            -0.000286507711,
            0.0150341447,
            0.999675274,
            0.0205750894,
            -0.0000228583795,
            -0.0205770712,
            0.999788344
          ]
        },
        "Visible": false,
        "Name": "Bone.001_Tail"
      }
    },
    {
      "id": "RBX2E09B94B63B64230A0E7C5BCF2515F70",
      "parent": "RBX709239C425E941C1BD37D036134708D8",
      "class": "Bone",
      "name": "Bone.001_Tail_Tail",
      "properties": {
        "CFrame": {
          "position": [
            0.00267528184,
            0.8021487,
            0.00169146853
          ],
          "rotation": [
            1,
            -2.16066795e-7,
            2.38418508e-7,
            2.1606678e-7,
            1,
            4.47035085e-8,
            -2.38418522e-7,
            -4.47034587e-8,
            1
          ]
        },
        "Visible": false,
        "Name": "Bone.001_Tail_Tail"
      }
    },
    {
      "id": "RBX8932A45BAB9C4C5F8F8891046EBB09C8",
      "parent": "RBXAB70586A2A7D45BC9E05FEAA56B58854",
      "class": "Bone",
      "name": "Bone.002",
      "properties": {
        "CFrame": {
          "position": [
            -0.00691258302,
            0.802096963,
            -0.00485002715
          ],
          "rotation": [
            0.00296132313,
            0.999844909,
            0.0173668545,
            -0.999995649,
            0.00296131615,
            0.0000261231726,
            -0.0000253096259,
            -0.0173668563,
            0.999849319
          ]
        },
        "Visible": false,
        "Name": "Bone.002"
      }
    },
    {
      "id": "RBXED062FB397744E6E962588D36E2F07E0",
      "parent": "RBX8932A45BAB9C4C5F8F8891046EBB09C8",
      "class": "Bone",
      "name": "Bone.002_Tail",
      "properties": {
        "CFrame": {
          "position": [
            0.0848948881,
            0.684509635,
            -0.0121509572
          ],
          "rotation": [
            0.996672034,
            0.0815074891,
            0.00115855539,
            -0.0815156996,
            0.996580362,
            0.0135237034,
            -0.0000523105264,
            -0.013573138,
            0.999907911
          ]
        },
        "Visible": false,
        "Name": "Bone.002_Tail"
      }
    },
    {
      "id": "RBXF378986C738D43788E48FB16A50A8EBB",
      "parent": "RBXED062FB397744E6E962588D36E2F07E0",
      "class": "Bone",
      "name": "Bone.002_Tail_Tail",
      "properties": {
        "CFrame": {
          "position": [
            0.00895895809,
            0.688660622,
            -0.002053926
          ],
          "rotation": [
            1,
            -2.60770321e-8,
            -2.23517489e-8,
            2.60770356e-8,
            1,
            1.49011584e-7,
            2.23517453e-8,
            -1.49011584e-7,
            1
          ]
        },
        "Visible": false,
        "Name": "Bone.002_Tail_Tail"
      }
    },
    {
      "id": "RBX0B6348530E564106B08500AF3B6FC9FD",
      "parent": "RBXAB70586A2A7D45BC9E05FEAA56B58854",
      "class": "Bone",
      "name": "Bone.003",
      "properties": {
        "CFrame": {
          "position": [
            -0.00691258302,
            0.802096963,
            -0.00485002715
          ],
          "rotation": [
            0.000139225274,
            -0.999832869,
            -0.0182837863,
            1,
            0.000139225158,
            0.00000127917815,
            0.0000012665987,
            -0.0182837863,
            0.999832869
          ]
        },
        "Visible": false,
        "Name": "Bone.003"
      }
    },
    {
      "id": "RBX89FDEBFCB293473A9ED3F607F6872514",
      "parent": "RBX0B6348530E564106B08500AF3B6FC9FD",
      "class": "Bone",
      "name": "Bone.003_Tail",
      "properties": {
        "CFrame": {
          "position": [
            -0.0989660025,
            0.681558251,
            -0.0175705608
          ],
          "rotation": [
            0.994820237,
            -0.10165026,
            -0.000206183176,
            0.101642586,
            0.994766295,
            -0.0104342625,
            0.00126574945,
            0.0103592565,
            0.999945641
          ]
        },
        "Visible": false,
        "Name": "Bone.003_Tail"
      }
    },
    {
      "id": "RBX1BDB1F0F55C94669852453136949D175",
      "parent": "RBX89FDEBFCB293473A9ED3F607F6872514",
      "class": "Bone",
      "name": "Bone.003_Tail_Tail",
      "properties": {
        "CFrame": {
          "position": [
            -0.0115382308,
            0.689109445,
            -0.000569576165
          ],
          "rotation": [
            1,
            7.45058948e-9,
            7.4505806e-8,
            -7.4505806e-9,
            1,
            -1.19209261e-7,
            -7.4505806e-8,
            1.19209261e-7,
            1
          ]
        },
        "Visible": false,
        "Name": "Bone.003_Tail_Tail"
      }
    },
    {
      "id": "RBXBE034AD55BDC4DA4ADF77A358EC3F9A2",
      "parent": "RBXAB70586A2A7D45BC9E05FEAA56B58854",
      "class": "Bone",
      "name": "Bone.004",
      "properties": {
        "CFrame": {
          "position": [
            -0.00691258302,
            0.802096963,
            -0.00485002715
          ],
          "rotation": [
            0.999946713,
            -0.0103248954,
            -0.00000734331206,
            0.00000678375363,
            0.00136821705,
            -0.999999166,
            0.0103248954,
            0.999945819,
            0.00136821426
          ]
        },
        "Visible": false,
        "Name": "Bone.004"
      }
    },
    {
      "id": "RBXE17D12294BB0455DA31EBF49E019035C",
      "parent": "RBXBE034AD55BDC4DA4ADF77A358EC3F9A2",
      "class": "Bone",
      "name": "Bone.004_Tail",
      "properties": {
        "CFrame": {
          "position": [
            0.00469468813,
            0.750356138,
            0.0866748169
          ],
          "rotation": [
            0.999949694,
            -0.0100160027,
            0.000586080016,
            0.0100281537,
            0.995906115,
            -0.0898363665,
            0.000316120684,
            0.0898377225,
            0.995956421
          ]
        },
        "Visible": false,
        "Name": "Bone.004_Tail"
      }
    },
    {
      "id": "RBXC2822FEA24844E6486A55463019D6452",
      "parent": "RBXE17D12294BB0455DA31EBF49E019035C",
      "class": "Bone",
      "name": "Bone.004_Tail_Tail",
      "properties": {
        "CFrame": {
          "position": [
            0.00139805058,
            0.756190002,
            0.00409706449
          ],
          "rotation": [
            1,
            -5.24580252e-15,
            -5.21540571e-8,
            0,
            1,
            -1.00582824e-7,
            5.21540571e-8,
            1.00582824e-7,
            1
          ]
        },
        "Visible": false,
        "Name": "Bone.004_Tail_Tail"
      }
    },
    {
      "id": "RBX36641A7E01414A7A94DF065D01ABD0A0",
      "parent": "RBXAB70586A2A7D45BC9E05FEAA56B58854",
      "class": "Bone",
      "name": "Bone.005",
      "properties": {
        "CFrame": {
          "position": [
            -0.00691258302,
            0.802096963,
            -0.00485002715
          ],
          "rotation": [
            0.999945879,
            -0.0104075968,
            0.00000832736896,
            0.00000809878111,
            0.00157824159,
            0.999998808,
            -0.0104075968,
            -0.999944627,
            0.00157824042
          ]
        },
        "Visible": false,
        "Name": "Bone.005"
      }
    },
    {
      "id": "RBX889E16F1B26244429F1D56A3E3E938DF",
      "parent": "RBX36641A7E01414A7A94DF065D01ABD0A0",
      "class": "Bone",
      "name": "Bone.005_Tail",
      "properties": {
        "CFrame": {
          "position": [
            0.00488454709,
            0.750873864,
            -0.0967718437
          ],
          "rotation": [
            1,
            0.00014160898,
            -0.000133150388,
            -0.000129044041,
            0.995937586,
            0.090046078,
            0.000145360813,
            -0.0900460556,
            0.995937586
          ]
        },
        "Visible": false,
        "Name": "Bone.005_Tail"
      }
    },
    {
      "id": "RBX8AD84F8159264FD491079CEB9E907ED7",
      "parent": "RBX889E16F1B26244429F1D56A3E3E938DF",
      "class": "Bone",
      "name": "Bone.005_Tail_Tail",
      "properties": {
        "CFrame": {
          "position": [
            0.000966553402,
            0.755465031,
            -0.00411648164
          ],
          "rotation": [
            1,
            4.66293543e-15,
            2.23517365e-8,
            0,
            1,
            -2.08616257e-7,
            -2.23517365e-8,
            2.08616257e-7,
            1
          ]
        },
        "Visible": false,
        "Name": "Bone.005_Tail_Tail"
      }
    },
    {
      "id": "RBXB5DE73FF33364F3DB6BAFF0B43DB5C58",
      "parent": "RBX0924855F95F44FA79F3894D4D107C8FB",
      "class": "Decal",
      "name": "Decal",
      "properties": {
        "Color3": [
          1,
          1,
          1
        ],
        "Texture": "rbxassetid://118997578153887",
        "Transparency": 0,
        "Face": 5,
        "Name": "Decal"
      }
    }
  ]
}
