{
  "format": "overlay_json_v1",
  "kind": "morph_bundle",
  "version": 1,
  "asset_id": "morph_2273-cock-2",
  "name": "cock 2",
  "source_file": "2273-cock-2.rbxmx",
  "anchor": "HumanoidRootPart",
  "anchor_candidates": [
    "HumanoidRootPart",
    "UpperTorso",
    "Torso",
    "Head"
  ],
  "jiggle": false,
  "root_cframe": {
    "position": [
      4.31859398,
      -1.17294705,
      1.21000004
    ],
    "rotation": [
      1,
      0,
      0,
      0,
      1,
      0,
      0,
      0,
      1
    ]
  },
  "class_counts": {
    "Folder": 1,
    "Model": 3,
    "Part": 4,
    "SpecialMesh": 1,
    "UnionOperation": 12,
    "ParticleEmitter": 1,
    "Motor6D": 8
  },
  "nodes": [
    {
      "id": "RBXDF6DFD496C5440F992062E9F78873930",
      "parent": null,
      "class": "Folder",
      "name": "cock 2",
      "properties": {
        "Name": "cock 2"
      }
    },
    {
      "id": "RBX976499DBD390481C912F50C196606CEB",
      "parent": "RBXDF6DFD496C5440F992062E9F78873930",
      "class": "Model",
      "name": "LowerStaticA",
      "properties": {
        "PrimaryPart": "RBXC2165B733364483EB402BE9C15F1E1BF",
        "Name": "LowerStaticA"
      }
    },
    {
      "id": "RBXC2165B733364483EB402BE9C15F1E1BF",
      "parent": "RBX976499DBD390481C912F50C196606CEB",
      "class": "Part",
      "name": "Middle",
      "properties": {
        "shape": 1,
        "Anchored": true,
        "CanCollide": false,
        "CanQuery": true,
        "CanTouch": true,
        "Color3uint8": [
          0.972549,
          0.972549,
          0.972549
        ],
        "Massless": false,
        "Material": 272,
        "PivotOffset": {
          "position": [
            0,
            0,
            0
          ],
          "rotation": [
            1,
            0,
            0,
            0,
            1,
            0,
            0,
            0,
            1
          ]
        },
        "Reflectance": 0,
        "Transparency": 0,
        "size": [
          2,
          2,
          1
        ],
        "Name": "Middle",
        "LocalCFrame": {
          "position": [
            0,
            0,
            0
          ],
          "rotation": [
            1,
            0,
            0,
            0,
            1,
            0,
            0,
            0,
            1
          ]
        }
      }
    },
    {
      "id": "RBX37686F94082041AAA865AC412B4E8FCD",
      "parent": "RBXC2165B733364483EB402BE9C15F1E1BF",
      "class": "SpecialMesh",
      "name": "Mesh",
      "properties": {
        "MeshType": 5,
        "MeshId": "rbxassetid://12221758",
        "TextureId": null,
        "Offset": [
          0,
          0,
          0
        ],
        "Scale": [
          1,
          1,
          1
        ],
        "VertexColor": [
          1,
          1,
          1
        ],
        "Name": "Mesh"
      }
    },
    {
      "id": "RBX7D65FD50AD7B448689ABF68E0F2BCDC6",
      "parent": "RBXDF6DFD496C5440F992062E9F78873930",
      "class": "Model",
      "name": "Orbs",
      "properties": {
        "PrimaryPart": null,
        "Name": "Orbs"
      }
    },
    {
      "id": "RBX7DD1F5E9E96F4789B25F30125EAA771C",
      "parent": "RBX7D65FD50AD7B448689ABF68E0F2BCDC6",
      "class": "Part",
      "name": "Middle",
      "properties": {
        "shape": 1,
        "Anchored": true,
        "CanCollide": false,
        "CanQuery": true,
        "CanTouch": true,
        "Color3uint8": [
          1,
          0,
          0
        ],
        "Massless": false,
        "Material": 256,
        "PivotOffset": {
          "position": [
            0,
            0,
            0
          ],
          "rotation": [
            1,
            0,
            0,
            0,
            1,
            0,
            0,
            0,
            1
          ]
        },
        "Reflectance": 0,
        "Transparency": 0,
        "size": [
          0.200000003,
          0.200000003,
          0.200000003
        ],
        "Name": "Middle",
        "LocalCFrame": {
          "position": [
            -0.000244,
            -0.850221,
            -0.5
          ],
          "rotation": [
            1,
            0,
            0,
            0,
            1,
            0,
            0,
            0,
            1
          ]
        }
      }
    },
    {
      "id": "RBX630FA41A15104726870D97C81523ECCA",
      "parent": "RBX7D65FD50AD7B448689ABF68E0F2BCDC6",
      "class": "UnionOperation",
      "name": "color5",
      "properties": {
        "UsePartColor": true,
        "Anchored": false,
        "CanCollide": true,
        "CanQuery": true,
        "CanTouch": true,
        "Color3uint8": [
          0.972549,
          0.972549,
          0.972549
        ],
        "Massless": false,
        "Material": 272,
        "PivotOffset": {
          "position": [
            0,
            0,
            0
          ],
          "rotation": [
            1,
            0,
            0,
            0,
            1,
            0,
            0,
            0,
            1
          ]
        },
        "Reflectance": 0,
        "Transparency": 0,
        "size": [
          0.934382975,
          0.48762092,
          0.819720864
        ],
        "Name": "color5",
        "LocalCFrame": {
          "position": [
            0.039551,
            -1.254273,
            -0.487549
          ],
          "rotation": [
            -0.342876,
            -0.001166,
            0.93938,
            -0.93938,
            0.001416,
            -0.342874,
            -0.00093,
            -0.999998,
            -0.001581
          ]
        }
      }
    },
    {
      "id": "RBXF391E74C244F4AC58078C1E777EA620F",
      "parent": "RBXDF6DFD496C5440F992062E9F78873930",
      "class": "Model",
      "name": "Rod",
      "properties": {
        "PrimaryPart": null,
        "Name": "Rod"
      }
    },
    {
      "id": "RBX8C1E6995197C422CA95FD36C68445D1E",
      "parent": "RBXF391E74C244F4AC58078C1E777EA620F",
      "class": "Part",
      "name": "Middle",
      "properties": {
        "shape": 1,
        "Anchored": true,
        "CanCollide": false,
        "CanQuery": true,
        "CanTouch": true,
        "Color3uint8": [
          1,
          0,
          0
        ],
        "Massless": false,
        "Material": 256,
        "PivotOffset": {
          "position": [
            0,
            0,
            0
          ],
          "rotation": [
            1,
            0,
            0,
            0,
            1,
            0,
            0,
            0,
            1
          ]
        },
        "Reflectance": 0,
        "Transparency": 0,
        "size": [
          0.20137006,
          0.20137006,
          0.20137006
        ],
        "Name": "Middle",
        "LocalCFrame": {
          "position": [
            0.002441,
            -0.818115,
            -0.514404
          ],
          "rotation": [
            1,
            0,
            0,
            0,
            1,
            0.000038,
            -0.000005,
            -0.000038,
            1
          ]
        }
      }
    },
    {
      "id": "RBX4F95EBD6F1DD4C0194251CB88D12AE58",
      "parent": "RBXF391E74C244F4AC58078C1E777EA620F",
      "class": "Part",
      "name": "Particle1",
      "properties": {
        "shape": 1,
        "Anchored": true,
        "CanCollide": true,
        "CanQuery": true,
        "CanTouch": true,
        "Color3uint8": [
          1,
          0.580392,
          0.580392
        ],
        "Massless": false,
        "Material": 272,
        "PivotOffset": {
          "position": [
            0,
            0,
            0
          ],
          "rotation": [
            1,
            0,
            0,
            0,
            1,
            0,
            0,
            0,
            1
          ]
        },
        "Reflectance": 0,
        "Transparency": 1,
        "size": [
          0.155455127,
          0.155455127,
          0.155455127
        ],
        "Name": "Particle1",
        "LocalCFrame": {
          "position": [
            0.012695,
            -0.39978,
            -2.068115
          ],
          "rotation": [
            -0.999751,
            0.022197,
            0.002303,
            0.00367,
            0.265327,
            -0.964152,
            -0.022007,
            -0.963903,
            -0.265343
          ]
        }
      }
    },
    {
      "id": "RBX20B452AA9DC242B08E54CA95214EBE93",
      "parent": "RBX4F95EBD6F1DD4C0194251CB88D12AE58",
      "class": "ParticleEmitter",
      "name": "Particles",
      "properties": {
        "Acceleration": [
          0,
          -15,
          0
        ],
        "Color": "0 1 1 1 0 1 1 1 1 0",
        "Drag": 0,
        "Enabled": false,
        "Lifetime": [
          1,
          1.5
        ],
        "LightEmission": 0,
        "LightInfluence": 1,
        "LockedToPart": false,
        "Rate": 25,
        "RotSpeed": [
          0,
          0
        ],
        "Rotation": [
          90,
          90
        ],
        "Size": "0 0.08 0 0.8 0.08 0 1 0 0",
        "Speed": [
          4,
          6
        ],
        "SpreadAngle": [
          10,
          10
        ],
        "Texture": "rbxassetid://3202767053",
        "TimeScale": 1,
        "Transparency": "0 0 0 0.9 0 0 1 1 0",
        "VelocityInheritance": 0,
        "ZOffset": 0,
        "Name": "Particles"
      }
    },
    {
      "id": "RBX53823900EE474B879608C45FE4C48DC7",
      "parent": "RBXF391E74C244F4AC58078C1E777EA620F",
      "class": "UnionOperation",
      "name": "color5",
      "properties": {
        "UsePartColor": true,
        "Anchored": false,
        "CanCollide": true,
        "CanQuery": true,
        "CanTouch": true,
        "Color3uint8": [
          0.972549,
          0.972549,
          0.972549
        ],
        "Massless": false,
        "Material": 272,
        "PivotOffset": {
          "position": [
            0,
            0,
            0
          ],
          "rotation": [
            1,
            0,
            0,
            0,
            1,
            0,
            0,
            0,
            1
          ]
        },
        "Reflectance": 0,
        "Transparency": 0,
        "size": [
          0.0672404617,
          0.74760133,
          0.094783783
        ],
        "Name": "color5",
        "LocalCFrame": {
          "position": [
            -0.127197,
            -0.951171,
            -0.761963
          ],
          "rotation": [
            0.666572,
            -0.173829,
            -0.72489,
            -0.719341,
            0.10507,
            -0.686666,
            0.195523,
            0.979156,
            -0.055002
          ]
        }
      }
    },
    {
      "id": "RBXB164DF8D3B9647729004366529AF27AF",
      "parent": "RBXF391E74C244F4AC58078C1E777EA620F",
      "class": "UnionOperation",
      "name": "color5",
      "properties": {
        "UsePartColor": true,
        "Anchored": false,
        "CanCollide": true,
        "CanQuery": true,
        "CanTouch": true,
        "Color3uint8": [
          0.972549,
          0.972549,
          0.972549
        ],
        "Massless": false,
        "Material": 272,
        "PivotOffset": {
          "position": [
            0,
            0,
            0
          ],
          "rotation": [
            1,
            0,
            0,
            0,
            1,
            0,
            0,
            0,
            1
          ]
        },
        "Reflectance": 0,
        "Transparency": 0,
        "size": [
          0.101011865,
          0.4268713,
          0.0498303063
        ],
        "Name": "color5",
        "LocalCFrame": {
          "position": [
            0.055908,
            -0.531616,
            -1.604248
          ],
          "rotation": [
            0.999438,
            -0.018992,
            -0.027642,
            -0.022939,
            0.214141,
            -0.976533,
            0.02446,
            0.976618,
            0.213585
          ]
        }
      }
    },
    {
      "id": "RBXD94F5937D8264752AA3514AC37DCDC75",
      "parent": "RBXF391E74C244F4AC58078C1E777EA620F",
      "class": "UnionOperation",
      "name": "color5",
      "properties": {
        "UsePartColor": true,
        "Anchored": false,
        "CanCollide": true,
        "CanQuery": true,
        "CanTouch": true,
        "Color3uint8": [
          0.972549,
          0.972549,
          0.972549
        ],
        "Massless": false,
        "Material": 272,
        "PivotOffset": {
          "position": [
            0,
            0,
            0
          ],
          "rotation": [
            1,
            0,
            0,
            0,
            1,
            0,
            0,
            0,
            1
          ]
        },
        "Reflectance": 0,
        "Transparency": 0,
        "size": [
          0.193128511,
          0.958393097,
          0.129691765
        ],
        "Name": "color5",
        "LocalCFrame": {
          "position": [
            0.06388,
            -0.638767,
            -0.759851
          ],
          "rotation": [
            0.922327,
            -0.267771,
            0.278588,
            0.267695,
            -0.077144,
            -0.960411,
            0.278656,
            0.960391,
            0.000527
          ]
        }
      }
    },
    {
      "id": "RBXB763C52FEC58468D8FACF4A92E89E876",
      "parent": "RBXF391E74C244F4AC58078C1E777EA620F",
      "class": "UnionOperation",
      "name": "color5",
      "properties": {
        "UsePartColor": true,
        "Anchored": false,
        "CanCollide": true,
        "CanQuery": true,
        "CanTouch": true,
        "Color3uint8": [
          0.972549,
          0.972549,
          0.972549
        ],
        "Massless": false,
        "Material": 272,
        "PivotOffset": {
          "position": [
            0,
            0,
            0
          ],
          "rotation": [
            1,
            0,
            0,
            0,
            1,
            0,
            0,
            0,
            1
          ]
        },
        "Reflectance": 0,
        "Transparency": 0,
        "size": [
          0.159674957,
          0.414373487,
          0.159429312
        ],
        "Name": "color5",
        "LocalCFrame": {
          "position": [
            0.210169,
            -0.68921,
            -1.502111
          ],
          "rotation": [
            0.303835,
            -0.314184,
            -0.899429,
            -0.838377,
            0.36027,
            -0.409058,
            0.452557,
            0.878347,
            -0.153942
          ]
        }
      }
    },
    {
      "id": "RBXCFDA6ED154E34E24B5C62AE810D9943A",
      "parent": "RBXF391E74C244F4AC58078C1E777EA620F",
      "class": "UnionOperation",
      "name": "color5",
      "properties": {
        "UsePartColor": true,
        "Anchored": false,
        "CanCollide": true,
        "CanQuery": true,
        "CanTouch": true,
        "Color3uint8": [
          0.972549,
          0.972549,
          0.972549
        ],
        "Massless": false,
        "Material": 272,
        "PivotOffset": {
          "position": [
            0,
            0,
            0
          ],
          "rotation": [
            1,
            0,
            0,
            0,
            1,
            0,
            0,
            0,
            1
          ]
        },
        "Reflectance": 0,
        "Transparency": 0,
        "size": [
          0.231794223,
          0.372422874,
          0.230792791
        ],
        "Name": "color5",
        "LocalCFrame": {
          "position": [
            0.197212,
            -0.749586,
            -1.315436
          ],
          "rotation": [
            0.017919,
            0.249478,
            -0.968215,
            -0.466685,
            0.858498,
            0.21257,
            0.884242,
            0.448041,
            0.131816
          ]
        }
      }
    },
    {
      "id": "RBX20DE6C52106E4E1EAE0669A0AD02DE42",
      "parent": "RBXF391E74C244F4AC58078C1E777EA620F",
      "class": "UnionOperation",
      "name": "color5",
      "properties": {
        "UsePartColor": true,
        "Anchored": false,
        "CanCollide": true,
        "CanQuery": true,
        "CanTouch": true,
        "Color3uint8": [
          0.972549,
          0.972549,
          0.972549
        ],
        "Massless": false,
        "Material": 272,
        "PivotOffset": {
          "position": [
            0,
            0,
            0
          ],
          "rotation": [
            1,
            0,
            0,
            0,
            1,
            0,
            0,
            0,
            1
          ]
        },
        "Reflectance": 0,
        "Transparency": 0,
        "size": [
          0.209427893,
          0.871791184,
          0.223462313
        ],
        "Name": "color5",
        "LocalCFrame": {
          "position": [
            -0.135831,
            -0.963345,
            -0.919336
          ],
          "rotation": [
            0.685659,
            0.463744,
            0.561081,
            0.687674,
            -0.159912,
            -0.70819,
            -0.238699,
            0.871416,
            -0.428553
          ]
        }
      }
    },
    {
      "id": "RBX2D6B038803ED47ABB60B74E727578B83",
      "parent": "RBXF391E74C244F4AC58078C1E777EA620F",
      "class": "UnionOperation",
      "name": "color5",
      "properties": {
        "UsePartColor": true,
        "Anchored": false,
        "CanCollide": true,
        "CanQuery": true,
        "CanTouch": true,
        "Color3uint8": [
          0.972549,
          0.972549,
          0.972549
        ],
        "Massless": false,
        "Material": 272,
        "PivotOffset": {
          "position": [
            0,
            0,
            0
          ],
          "rotation": [
            1,
            0,
            0,
            0,
            1,
            0,
            0,
            0,
            1
          ]
        },
        "Reflectance": 0,
        "Transparency": 0,
        "size": [
          0.09340287,
          0.336072564,
          0.297804117
        ],
        "Name": "color5",
        "LocalCFrame": {
          "position": [
            -0.191216,
            -0.831595,
            -1.618685
          ],
          "rotation": [
            0.964944,
            0.185562,
            0.185607,
            0.245322,
            -0.88903,
            -0.386579,
            0.093276,
            0.418561,
            -0.903386
          ]
        }
      }
    },
    {
      "id": "RBX9A676A9456C3485891C62AE3BBE84B9D",
      "parent": "RBXF391E74C244F4AC58078C1E777EA620F",
      "class": "UnionOperation",
      "name": "color5",
      "properties": {
        "UsePartColor": true,
        "Anchored": false,
        "CanCollide": true,
        "CanQuery": true,
        "CanTouch": true,
        "Color3uint8": [
          0.972549,
          0.972549,
          0.972549
        ],
        "Massless": false,
        "Material": 272,
        "PivotOffset": {
          "position": [
            0,
            0,
            0
          ],
          "rotation": [
            1,
            0,
            0,
            0,
            1,
            0,
            0,
            0,
            1
          ]
        },
        "Reflectance": 0,
        "Transparency": 0,
        "size": [
          0.157960832,
          0.723692298,
          0.23527348
        ],
        "Name": "color5",
        "LocalCFrame": {
          "position": [
            -0.179453,
            -0.856242,
            -1.48102
          ],
          "rotation": [
            0.94893,
            -0.0343,
            0.313616,
            0.315299,
            0.068887,
            -0.946489,
            0.010856,
            0.997035,
            0.076182
          ]
        }
      }
    },
    {
      "id": "RBXE77D1EEA225B4BFDBAA0F8A8F93DE21B",
      "parent": "RBXF391E74C244F4AC58078C1E777EA620F",
      "class": "UnionOperation",
      "name": "color1",
      "properties": {
        "UsePartColor": true,
        "Anchored": false,
        "CanCollide": true,
        "CanQuery": true,
        "CanTouch": true,
        "Color3uint8": [
          0.972549,
          0.972549,
          0.972549
        ],
        "Massless": false,
        "Material": 272,
        "PivotOffset": {
          "position": [
            0,
            0,
            0
          ],
          "rotation": [
            1,
            0,
            0,
            0,
            1,
            0,
            0,
            0,
            1
          ]
        },
        "Reflectance": 0,
        "Transparency": 0,
        "size": [
          0.444578707,
          0.463351339,
          0.338040709
        ],
        "Name": "color1",
        "LocalCFrame": {
          "position": [
            0.011272,
            -0.448792,
            -1.893569
          ],
          "rotation": [
            -1,
            -0.000008,
            -0.000055,
            -0.000052,
            0.490331,
            0.871537,
            0.000026,
            0.871537,
            -0.490331
          ]
        }
      }
    },
    {
      "id": "RBX908071223C8A40FFA652217629A5AD70",
      "parent": "RBXF391E74C244F4AC58078C1E777EA620F",
      "class": "UnionOperation",
      "name": "color5",
      "properties": {
        "UsePartColor": true,
        "Anchored": false,
        "CanCollide": true,
        "CanQuery": true,
        "CanTouch": true,
        "Color3uint8": [
          0.972549,
          0.972549,
          0.972549
        ],
        "Massless": false,
        "Material": 272,
        "PivotOffset": {
          "position": [
            0,
            0,
            0
          ],
          "rotation": [
            1,
            0,
            0,
            0,
            1,
            0,
            0,
            0,
            1
          ]
        },
        "Reflectance": 0,
        "Transparency": 0,
        "size": [
          0.239110559,
          1.65540743,
          0.673674107
        ],
        "Name": "color5",
        "LocalCFrame": {
          "position": [
            0.00552,
            -0.81847,
            -1.254277
          ],
          "rotation": [
            -1,
            0.000041,
            -0.000033,
            -0.000049,
            -0.476723,
            0.879054,
            0.000026,
            0.879054,
            0.476723
          ]
        }
      }
    },
    {
      "id": "RBX99D324B7B2CA457DBD59B1173A119989",
      "parent": "RBXF391E74C244F4AC58078C1E777EA620F",
      "class": "UnionOperation",
      "name": "color5",
      "properties": {
        "UsePartColor": true,
        "Anchored": false,
        "CanCollide": true,
        "CanQuery": true,
        "CanTouch": true,
        "Color3uint8": [
          0.972549,
          0.972549,
          0.972549
        ],
        "Massless": false,
        "Material": 272,
        "PivotOffset": {
          "position": [
            0,
            0,
            0
          ],
          "rotation": [
            1,
            0,
            0,
            0,
            1,
            0,
            0,
            0,
            1
          ]
        },
        "Reflectance": 0,
        "Transparency": 0,
        "size": [
          0.564713299,
          1.92810857,
          0.60895431
        ],
        "Name": "color5",
        "LocalCFrame": {
          "position": [
            0.005371,
            -0.805176,
            -1.130859
          ],
          "rotation": [
            -1,
            0.000031,
            -0.000044,
            -0.00005,
            -0.207794,
            0.978173,
            0.000027,
            0.978173,
            0.207794
          ]
        }
      }
    },
    {
      "id": "RBX0A0C282E1C7B43138FEA2D114FA20023",
      "parent": "RBX99D324B7B2CA457DBD59B1173A119989",
      "class": "Motor6D",
      "name": "urethra",
      "properties": {
        "C0": {
          "position": [
            -0.000150749649,
            -0.117961615,
            -0.0386496186
          ],
          "rotation": [
            1,
            0.00000136332346,
            -3.03055458e-7,
            -0.00000122116944,
            0.95892626,
            0.283655882,
            6.73657382e-7,
            -0.283655852,
            0.95892626
          ]
        },
        "C1": {
          "position": [
            0,
            0,
            0
          ],
          "rotation": [
            1,
            0,
            0,
            0,
            1,
            0,
            0,
            0,
            1
          ]
        },
        "Enabled": true,
        "Part0": "RBX99D324B7B2CA457DBD59B1173A119989",
        "Part1": "RBX908071223C8A40FFA652217629A5AD70",
        "Name": "urethra"
      }
    },
    {
      "id": "RBXA4FDB8C270224CA086C15DC4B5252D85",
      "parent": "RBX99D324B7B2CA457DBD59B1173A119989",
      "class": "Motor6D",
      "name": "tip",
      "properties": {
        "C0": {
          "position": [
            -0.0059357672,
            -0.820115805,
            0.190118879
          ],
          "rotation": [
            1,
            0.00000207558151,
            9.18792466e-7,
            -9.50723916e-7,
            0.75062573,
            -0.660727739,
            -0.00000206473169,
            0.66072768,
            0.75062573
          ]
        },
        "C1": {
          "position": [
            0,
            0,
            0
          ],
          "rotation": [
            1,
            0,
            0,
            0,
            1,
            0,
            0,
            0,
            1
          ]
        },
        "Enabled": true,
        "Part0": "RBX99D324B7B2CA457DBD59B1173A119989",
        "Part1": "RBXE77D1EEA225B4BFDBAA0F8A8F93DE21B",
        "Name": "tip"
      }
    },
    {
      "id": "RBX600EF6570C1F4F8CA891F945F4231117",
      "parent": "RBX99D324B7B2CA457DBD59B1173A119989",
      "class": "Motor6D",
      "name": "Union",
      "properties": {
        "C0": {
          "position": [
            -0.204812229,
            -0.387238175,
            0.0362823829
          ],
          "rotation": [
            -0.303783685,
            0.31418559,
            0.899445951,
            0.616900623,
            0.784308553,
            -0.0656115264,
            -0.726053238,
            0.534935832,
            -0.432079792
          ]
        },
        "C1": {
          "position": [
            0,
            0,
            0
          ],
          "rotation": [
            1,
            0,
            0,
            0,
            1,
            0,
            0,
            0,
            1
          ]
        },
        "Enabled": true,
        "Part0": "RBX99D324B7B2CA457DBD59B1173A119989",
        "Part1": "RBXB763C52FEC58468D8FACF4A92E89E876",
        "Name": "Union"
      }
    },
    {
      "id": "RBXBDAFFC39989C4E22BD0AE00D3FDD8E91",
      "parent": "RBX99D324B7B2CA457DBD59B1173A119989",
      "class": "Motor6D",
      "name": "Union",
      "properties": {
        "C0": {
          "position": [
            0.184819087,
            -0.331913054,
            -0.122704335
          ],
          "rotation": [
            -0.948945522,
            0.0343185924,
            -0.313567549,
            -0.0548634455,
            0.960956752,
            0.271205038,
            0.310632259,
            0.27456221,
            -0.910012782
          ]
        },
        "C1": {
          "position": [
            0,
            0,
            0
          ],
          "rotation": [
            1,
            0,
            0,
            0,
            1,
            0,
            0,
            0,
            1
          ]
        },
        "Enabled": true,
        "Part0": "RBX99D324B7B2CA457DBD59B1173A119989",
        "Part1": "RBX9A676A9456C3485891C62AE3BBE84B9D",
        "Name": "Union"
      }
    },
    {
      "id": "RBXB2D9D93F880E41D0AD21731CEF52F79D",
      "parent": "RBX99D324B7B2CA457DBD59B1173A119989",
      "class": "Motor6D",
      "name": "Union",
      "properties": {
        "C0": {
          "position": [
            0.141214743,
            0.239767328,
            -0.110757418
          ],
          "rotation": [
            -0.685698569,
            -0.46371761,
            -0.561055541,
            -0.376358211,
            0.885640562,
            -0.272020817,
            0.623034537,
            0.0246336069,
            -0.781806469
          ]
        },
        "C1": {
          "position": [
            0,
            0,
            0
          ],
          "rotation": [
            1,
            0,
            0,
            0,
            1,
            0,
            0,
            0,
            1
          ]
        },
        "Enabled": true,
        "Part0": "RBX99D324B7B2CA457DBD59B1173A119989",
        "Part1": "RBX20DE6C52106E4E1EAE0669A0AD02DE42",
        "Name": "Union"
      }
    },
    {
      "id": "RBXD7220B0E8D5249F69261F3CCCBED8DEB",
      "parent": "RBX99D324B7B2CA457DBD59B1173A119989",
      "class": "Motor6D",
      "name": "Union",
      "properties": {
        "C0": {
          "position": [
            -0.191847801,
            -0.192092732,
            0.0160147976
          ],
          "rotation": [
            -0.0178767499,
            -0.24951078,
            0.968206942,
            0.961916268,
            0.259879798,
            0.0847326368,
            -0.27275908,
            0.93284893,
            0.235362619
          ]
        },
        "C1": {
          "position": [
            0,
            0,
            0
          ],
          "rotation": [
            1,
            0,
            0,
            0,
            1,
            0,
            0,
            0,
            1
          ]
        },
        "Enabled": true,
        "Part0": "RBX99D324B7B2CA457DBD59B1173A119989",
        "Part1": "RBXCFDA6ED154E34E24B5C62AE810D9943A",
        "Name": "Union"
      }
    },
    {
      "id": "RBX46FBA72B466C4BBDA255BEF51B75B15E",
      "parent": "RBX99D324B7B2CA457DBD59B1173A119989",
      "class": "Motor6D",
      "name": "Union",
      "properties": {
        "C0": {
          "position": [
            -0.0585097075,
            0.328332722,
            0.239867404
          ],
          "rotation": [
            -0.922334492,
            0.267795175,
            -0.278540492,
            0.216982558,
            0.955448329,
            0.200092822,
            0.319714934,
            0.124114089,
            -0.93934989
          ]
        },
        "C1": {
          "position": [
            0,
            0,
            0
          ],
          "rotation": [
            1,
            0,
            0,
            0,
            1,
            0,
            0,
            0,
            1
          ]
        },
        "Enabled": true,
        "Part0": "RBX99D324B7B2CA457DBD59B1173A119989",
        "Part1": "RBXD94F5937D8264752AA3514AC37DCDC75",
        "Name": "Union"
      }
    },
    {
      "id": "RBXD2D3C24C419B4E2C87CDF29CAB4CB52F",
      "parent": "RBX99D324B7B2CA457DBD59B1173A119989",
      "class": "Motor6D",
      "name": "Union",
      "properties": {
        "C0": {
          "position": [
            0.196577579,
            -0.471695662,
            -0.127200902
          ],
          "rotation": [
            -0.964953959,
            -0.185506433,
            -0.185611039,
            0.040298935,
            0.594166815,
            -0.803338349,
            0.259307563,
            -0.782660186,
            -0.565866709
          ]
        },
        "C1": {
          "position": [
            0,
            0,
            0
          ],
          "rotation": [
            1,
            0,
            0,
            0,
            1,
            0,
            0,
            0,
            1
          ]
        },
        "Enabled": true,
        "Part0": "RBX99D324B7B2CA457DBD59B1173A119989",
        "Part1": "RBX2D6B038803ED47ABB60B74E727578B83",
        "Name": "Union"
      }
    }
  ]
}
