{
  "format": "overlay_json_v1",
  "kind": "morph_bundle",
  "version": 1,
  "asset_id": "morph_2600-bbc-2-cum",
  "name": "BBC 2+ CUM",
  "source_file": "2600-bbc-2-cum.rbxmx",
  "anchor": "HumanoidRootPart",
  "anchor_candidates": [
    "HumanoidRootPart",
    "UpperTorso",
    "Torso",
    "Head"
  ],
  "jiggle": false,
  "root_cframe": {
    "position": [
      766.733032,
      -68.3360062,
      -130.524628
    ],
    "rotation": [
      1,
      0,
      0,
      0,
      1,
      0,
      0,
      0,
      1
    ]
  },
  "class_counts": {
    "Folder": 1,
    "Model": 3,
    "Part": 4,
    "UnionOperation": 16,
    "SpecialMesh": 1,
    "ParticleEmitter": 1,
    "Motor6D": 24,
    "MeshPart": 2
  },
  "nodes": [
    {
      "id": "RBX04D75B8B23E04B629663BF1A8EDE262A",
      "parent": null,
      "class": "Folder",
      "name": "BBC 2+ CUM",
      "properties": {
        "Name": "BBC 2+ CUM"
      }
    },
    {
      "id": "RBX2A3BCB7033D747E09743C9564AE7DD57",
      "parent": "RBX04D75B8B23E04B629663BF1A8EDE262A",
      "class": "Model",
      "name": "Orbs",
      "properties": {
        "PrimaryPart": null,
        "Name": "Orbs"
      }
    },
    {
      "id": "RBX22132BA1262A4FCA98D8AF16A1C5D841",
      "parent": "RBX2A3BCB7033D747E09743C9564AE7DD57",
      "class": "Part",
      "name": "Middle",
      "properties": {
        "shape": 1,
        "Anchored": true,
        "CanCollide": false,
        "CanQuery": true,
        "CanTouch": true,
        "Color3uint8": [
          1,
          0,
          0
        ],
        "Massless": false,
        "Material": 256,
        "PivotOffset": {
          "position": [
            0,
            0,
            0
          ],
          "rotation": [
            1,
            0,
            0,
            0,
            1,
            0,
            0,
            0,
            1
          ]
        },
        "Reflectance": 0,
        "Transparency": 0,
        "size": [
          0.261200011,
          0.261200011,
          0.261200011
        ],
        "Name": "Middle",
        "LocalCFrame": {
          "position": [
            -0.002014,
            -0.779633,
            -0.494354
          ],
          "rotation": [
            1,
            0,
            0,
            0,
            1,
            0,
            0,
            0,
            1
          ]
        }
      }
    },
    {
      "id": "RBXDB9E73E734B44A6BBBB182D6BCE9C9AC",
      "parent": "RBX2A3BCB7033D747E09743C9564AE7DD57",
      "class": "UnionOperation",
      "name": "color5",
      "properties": {
        "UsePartColor": true,
        "Anchored": false,
        "CanCollide": false,
        "CanQuery": true,
        "CanTouch": true,
        "Color3uint8": [
          0.972549,
          0.972549,
          0.972549
        ],
        "Massless": false,
        "Material": 272,
        "PivotOffset": {
          "position": [
            0,
            0,
            0
          ],
          "rotation": [
            1,
            0,
            0,
            0,
            1,
            0,
            0,
            0,
            1
          ]
        },
        "Reflectance": 0,
        "Transparency": 0,
        "size": [
          1.22030413,
          0.636832893,
          1.07055545
        ],
        "Name": "color5",
        "LocalCFrame": {
          "position": [
            0.049988,
            -1.307213,
            -0.477935
          ],
          "rotation": [
            -0.342878,
            -0.001166,
            0.939379,
            -0.939379,
            0.001416,
            -0.342877,
            -0.00093,
            -0.999998,
            -0.001581
          ]
        }
      }
    },
    {
      "id": "RBXD5D89C2CDC054C6384F433190D4B7CA8",
      "parent": "RBX04D75B8B23E04B629663BF1A8EDE262A",
      "class": "Model",
      "name": "LowerStaticA",
      "properties": {
        "PrimaryPart": "RBXA8B87184753C47CCA6F32AEA4E22407B",
        "Name": "LowerStaticA"
      }
    },
    {
      "id": "RBXA8B87184753C47CCA6F32AEA4E22407B",
      "parent": "RBXD5D89C2CDC054C6384F433190D4B7CA8",
      "class": "Part",
      "name": "Middle",
      "properties": {
        "shape": 1,
        "Anchored": true,
        "CanCollide": false,
        "CanQuery": true,
        "CanTouch": true,
        "Color3uint8": [
          0.972549,
          0.972549,
          0.972549
        ],
        "Massless": false,
        "Material": 272,
        "PivotOffset": {
          "position": [
            0,
            0,
            0
          ],
          "rotation": [
            1,
            0,
            0,
            0,
            1,
            0,
            0,
            0,
            1
          ]
        },
        "Reflectance": 0,
        "Transparency": 0,
        "size": [
          2,
          2,
          1
        ],
        "Name": "Middle",
        "LocalCFrame": {
          "position": [
            0,
            0,
            0
          ],
          "rotation": [
            1,
            0,
            0,
            0,
            1,
            0,
            0,
            0,
            1
          ]
        }
      }
    },
    {
      "id": "RBXA7FE5D6FC1CA49C9A9340CF03362E6C2",
      "parent": "RBXA8B87184753C47CCA6F32AEA4E22407B",
      "class": "SpecialMesh",
      "name": "Mesh",
      "properties": {
        "MeshType": 5,
        "MeshId": "rbxassetid://12221758",
        "TextureId": null,
        "Offset": [
          0,
          0,
          0
        ],
        "Scale": [
          1,
          1,
          1
        ],
        "VertexColor": [
          1,
          1,
          1
        ],
        "Name": "Mesh"
      }
    },
    {
      "id": "RBXDA00208895BD4BD58ADB5FF2077B79AA",
      "parent": "RBX04D75B8B23E04B629663BF1A8EDE262A",
      "class": "Model",
      "name": "Rod",
      "properties": {
        "PrimaryPart": null,
        "Name": "Rod"
      }
    },
    {
      "id": "RBX221A13B2EEA242C191D972F61BBED7D1",
      "parent": "RBXDA00208895BD4BD58ADB5FF2077B79AA",
      "class": "Part",
      "name": "Middle",
      "properties": {
        "shape": 1,
        "Anchored": true,
        "CanCollide": false,
        "CanQuery": true,
        "CanTouch": true,
        "Color3uint8": [
          0.627451,
          0.372549,
          0.207843
        ],
        "Massless": false,
        "Material": 256,
        "PivotOffset": {
          "position": [
            0,
            0,
            0
          ],
          "rotation": [
            1,
            0,
            0,
            0,
            1,
            0,
            0,
            0,
            1
          ]
        },
        "Reflectance": 0,
        "Transparency": 0,
        "size": [
          0.262989312,
          0.262989312,
          0.262989312
        ],
        "Name": "Middle",
        "LocalCFrame": {
          "position": [
            -0.009582,
            -0.90213,
            -0.485229
          ],
          "rotation": [
            1,
            -0.000005,
            -0.000006,
            0.000006,
            0.9848,
            0.173694,
            0.000005,
            -0.173694,
            0.9848
          ]
        }
      }
    },
    {
      "id": "RBX8C42BEF757BB4CFD91868E5027F7AFFD",
      "parent": "RBXDA00208895BD4BD58ADB5FF2077B79AA",
      "class": "Part",
      "name": "Particle1",
      "properties": {
        "shape": 1,
        "Anchored": true,
        "CanCollide": false,
        "CanQuery": true,
        "CanTouch": true,
        "Color3uint8": [
          1,
          0.580392,
          0.580392
        ],
        "Massless": false,
        "Material": 272,
        "PivotOffset": {
          "position": [
            0,
            0,
            0
          ],
          "rotation": [
            1,
            0,
            0,
            0,
            1,
            0,
            0,
            0,
            1
          ]
        },
        "Reflectance": 0,
        "Transparency": 1,
        "size": [
          0.203024402,
          0.203024402,
          0.203024402
        ],
        "Name": "Particle1",
        "LocalCFrame": {
          "position": [
            0.003601,
            -0.716461,
            -2.578521
          ],
          "rotation": [
            -0.999751,
            0.022201,
            0.00231,
            -0.000215,
            0.093908,
            -0.995581,
            -0.02232,
            -0.995334,
            -0.09388
          ]
        }
      }
    },
    {
      "id": "RBX24A6FA511B6B4F5F8A6E05C80F0BC59F",
      "parent": "RBX8C42BEF757BB4CFD91868E5027F7AFFD",
      "class": "ParticleEmitter",
      "name": "Particles",
      "properties": {
        "Acceleration": [
          0,
          -19.5900002,
          0
        ],
        "Color": "0 1 1 1 0 1 1 1 1 0",
        "Drag": 0,
        "Enabled": false,
        "Lifetime": [
          1,
          1.5
        ],
        "LightEmission": 0,
        "LightInfluence": 1,
        "LockedToPart": false,
        "Rate": 25,
        "RotSpeed": [
          0,
          0
        ],
        "Rotation": [
          90,
          90
        ],
        "Size": "0 0.10448 0 0.8 0.10448 0 1 0 0",
        "Speed": [
          5.224,
          7.836
        ],
        "SpreadAngle": [
          10,
          10
        ],
        "Texture": "rbxassetid://3202767053",
        "TimeScale": 1,
        "Transparency": "0 0 0 0.9 0 0 1 1 0",
        "VelocityInheritance": 0,
        "ZOffset": 0,
        "Name": "Particles"
      }
    },
    {
      "id": "RBX6B70B8948775427598440FE490B7B59C",
      "parent": "RBXDA00208895BD4BD58ADB5FF2077B79AA",
      "class": "UnionOperation",
      "name": "color5",
      "properties": {
        "UsePartColor": true,
        "Anchored": false,
        "CanCollide": false,
        "CanQuery": true,
        "CanTouch": true,
        "Color3uint8": [
          0.627451,
          0.372549,
          0.207843
        ],
        "Massless": false,
        "Material": 272,
        "PivotOffset": {
          "position": [
            0,
            0,
            0
          ],
          "rotation": [
            1,
            0,
            0,
            0,
            1,
            0,
            0,
            0,
            1
          ]
        },
        "Reflectance": 0,
        "Transparency": 0,
        "size": [
          0.0878160447,
          0.976367354,
          0.123787619
        ],
        "Name": "color5",
        "LocalCFrame": {
          "position": [
            -0.178894,
            -1.129379,
            -0.773498
          ],
          "rotation": [
            0.666575,
            -0.173835,
            -0.724886,
            -0.674453,
            0.273509,
            -0.685789,
            0.317477,
            0.946031,
            0.06507
          ]
        }
      }
    },
    {
      "id": "RBX6F21A348070D4145A8F568A00CF7CBE1",
      "parent": "RBXDA00208895BD4BD58ADB5FF2077B79AA",
      "class": "UnionOperation",
      "name": "color5",
      "properties": {
        "UsePartColor": true,
        "Anchored": false,
        "CanCollide": false,
        "CanQuery": true,
        "CanTouch": true,
        "Color3uint8": [
          0.627451,
          0.372549,
          0.207843
        ],
        "Massless": false,
        "Material": 272,
        "PivotOffset": {
          "position": [
            0,
            0,
            0
          ],
          "rotation": [
            1,
            0,
            0,
            0,
            1,
            0,
            0,
            0,
            1
          ]
        },
        "Reflectance": 0,
        "Transparency": 0,
        "size": [
          0.1319215,
          0.557493925,
          0.0650783777
        ],
        "Name": "color5",
        "LocalCFrame": {
          "position": [
            0.060181,
            -0.780678,
            -1.951904
          ],
          "rotation": [
            0.999437,
            -0.018999,
            -0.027638,
            -0.018336,
            0.380484,
            -0.924606,
            0.028082,
            0.924593,
            0.379921
          ]
        }
      }
    },
    {
      "id": "RBX31E252B381E645639112A42628D648A3",
      "parent": "RBXDA00208895BD4BD58ADB5FF2077B79AA",
      "class": "UnionOperation",
      "name": "color5",
      "properties": {
        "UsePartColor": true,
        "Anchored": false,
        "CanCollide": false,
        "CanQuery": true,
        "CanTouch": true,
        "Color3uint8": [
          0.627451,
          0.372549,
          0.207843
        ],
        "Massless": false,
        "Material": 272,
        "PivotOffset": {
          "position": [
            0,
            0,
            0
          ],
          "rotation": [
            1,
            0,
            0,
            0,
            1,
            0,
            0,
            0,
            1
          ]
        },
        "Reflectance": 0,
        "Transparency": 0,
        "size": [
          0.252225846,
          1.25166142,
          0.169377446
        ],
        "Name": "color5",
        "LocalCFrame": {
          "position": [
            0.070618,
            -0.726974,
            -0.841491
          ],
          "rotation": [
            0.922324,
            -0.267776,
            0.278594,
            0.312025,
            0.090807,
            -0.945725,
            0.227944,
            0.959193,
            0.167306
          ]
        }
      }
    },
    {
      "id": "RBX43E2282CD1C140ADBB91B07FE32A2ACA",
      "parent": "RBXDA00208895BD4BD58ADB5FF2077B79AA",
      "class": "UnionOperation",
      "name": "color5",
      "properties": {
        "UsePartColor": true,
        "Anchored": false,
        "CanCollide": false,
        "CanQuery": true,
        "CanTouch": true,
        "Color3uint8": [
          0.627451,
          0.372549,
          0.207843
        ],
        "Massless": false,
        "Material": 272,
        "PivotOffset": {
          "position": [
            0,
            0,
            0
          ],
          "rotation": [
            1,
            0,
            0,
            0,
            1,
            0,
            0,
            0,
            1
          ]
        },
        "Reflectance": 0,
        "Transparency": 0,
        "size": [
          0.208535492,
          0.541171789,
          0.208214685
        ],
        "Name": "color5",
        "LocalCFrame": {
          "position": [
            0.261658,
            -0.96019,
            -1.784713
          ],
          "rotation": [
            0.303837,
            -0.314191,
            -0.899426,
            -0.747047,
            0.507328,
            -0.429584,
            0.591277,
            0.802441,
            -0.080572
          ]
        }
      }
    },
    {
      "id": "RBXBB842447F55A4DEEBC782A34F0547749",
      "parent": "RBXDA00208895BD4BD58ADB5FF2077B79AA",
      "class": "UnionOperation",
      "name": "color5",
      "properties": {
        "UsePartColor": true,
        "Anchored": false,
        "CanCollide": false,
        "CanQuery": true,
        "CanTouch": true,
        "Color3uint8": [
          0.627451,
          0.372549,
          0.207843
        ],
        "Massless": false,
        "Material": 272,
        "PivotOffset": {
          "position": [
            0,
            0,
            0
          ],
          "rotation": [
            1,
            0,
            0,
            0,
            1,
            0,
            0,
            0,
            1
          ]
        },
        "Reflectance": 0,
        "Transparency": 0,
        "size": [
          0.302723259,
          0.486384273,
          0.301415384
        ],
        "Name": "color5",
        "LocalCFrame": {
          "position": [
            0.235657,
            -0.993332,
            -1.530136
          ],
          "rotation": [
            0.017928,
            0.249481,
            -0.968214,
            -0.306049,
            0.923257,
            0.23223,
            0.951847,
            0.292157,
            0.092906
          ]
        }
      }
    },
    {
      "id": "RBXBD62820025BC403D8FAC17663EB3CAFE",
      "parent": "RBXDA00208895BD4BD58ADB5FF2077B79AA",
      "class": "UnionOperation",
      "name": "color5",
      "properties": {
        "UsePartColor": true,
        "Anchored": false,
        "CanCollide": false,
        "CanQuery": true,
        "CanTouch": true,
        "Color3uint8": [
          0.627451,
          0.372549,
          0.207843
        ],
        "Massless": false,
        "Material": 272,
        "PivotOffset": {
          "position": [
            0,
            0,
            0
          ],
          "rotation": [
            1,
            0,
            0,
            0,
            1,
            0,
            0,
            0,
            1
          ]
        },
        "Reflectance": 0,
        "Transparency": 0,
        "size": [
          0.27351284,
          1.13855922,
          0.291841775
        ],
        "Name": "color5",
        "LocalCFrame": {
          "position": [
            -0.190185,
            -1.180603,
            -0.973007
          ],
          "rotation": [
            0.685657,
            0.46374,
            0.561088,
            0.635778,
            -0.006149,
            -0.771848,
            -0.354487,
            0.88595,
            -0.299052
          ]
        }
      }
    },
    {
      "id": "RBXE64932C3B42849B690DE41340F2B17A1",
      "parent": "RBXDA00208895BD4BD58ADB5FF2077B79AA",
      "class": "UnionOperation",
      "name": "color5",
      "properties": {
        "UsePartColor": true,
        "Anchored": false,
        "CanCollide": false,
        "CanQuery": true,
        "CanTouch": true,
        "Color3uint8": [
          0.627451,
          0.372549,
          0.207843
        ],
        "Massless": false,
        "Material": 272,
        "PivotOffset": {
          "position": [
            0,
            0,
            0
          ],
          "rotation": [
            1,
            0,
            0,
            0,
            1,
            0,
            0,
            0,
            1
          ]
        },
        "Reflectance": 0,
        "Transparency": 0,
        "size": [
          0.121984147,
          0.438910753,
          0.388932168
        ],
        "Name": "color5",
        "LocalCFrame": {
          "position": [
            -0.262512,
            -1.169769,
            -1.902359
          ],
          "rotation": [
            0.964942,
            0.185562,
            0.185618,
            0.2578,
            -0.802835,
            -0.537585,
            0.049266,
            0.566592,
            -0.822532
          ]
        }
      }
    },
    {
      "id": "RBXD5725E785400465EBEE7C3B71703CF96",
      "parent": "RBXDA00208895BD4BD58ADB5FF2077B79AA",
      "class": "UnionOperation",
      "name": "color5",
      "properties": {
        "UsePartColor": true,
        "Anchored": false,
        "CanCollide": false,
        "CanQuery": true,
        "CanTouch": true,
        "Color3uint8": [
          0.627451,
          0.372549,
          0.207843
        ],
        "Massless": false,
        "Material": 272,
        "PivotOffset": {
          "position": [
            0,
            0,
            0
          ],
          "rotation": [
            1,
            0,
            0,
            0,
            1,
            0,
            0,
            0,
            1
          ]
        },
        "Reflectance": 0,
        "Transparency": 0,
        "size": [
          0.206296846,
          0.94514215,
          0.307267159
        ],
        "Name": "color5",
        "LocalCFrame": {
          "position": [
            -0.247192,
            -1.170242,
            -1.719711
          ],
          "rotation": [
            0.948928,
            -0.034307,
            0.313621,
            0.312401,
            0.240984,
            -0.918876,
            -0.044054,
            0.969923,
            0.239394
          ]
        }
      }
    },
    {
      "id": "RBX5078DF64E4EC4ECC8E33BE8189A0FDA4",
      "parent": "RBXDA00208895BD4BD58ADB5FF2077B79AA",
      "class": "UnionOperation",
      "name": "color1",
      "properties": {
        "UsePartColor": true,
        "Anchored": false,
        "CanCollide": false,
        "CanQuery": true,
        "CanTouch": true,
        "Color3uint8": [
          0.627451,
          0.372549,
          0.207843
        ],
        "Massless": false,
        "Material": 272,
        "PivotOffset": {
          "position": [
            0,
            0,
            0
          ],
          "rotation": [
            1,
            0,
            0,
            0,
            1,
            0,
            0,
            0,
            1
          ]
        },
        "Reflectance": 0,
        "Transparency": 0,
        "size": [
          0.580619812,
          0.605136871,
          0.441481173
        ],
        "Name": "color1",
        "LocalCFrame": {
          "position": [
            0.001892,
            -0.739761,
            -2.342727
          ],
          "rotation": [
            -1,
            -0.000015,
            -0.000057,
            -0.000054,
            0.634231,
            0.773144,
            0.000024,
            0.773144,
            -0.634231
          ]
        }
      }
    },
    {
      "id": "RBX0281BE4C71C949BE8EA99009DE1E474A",
      "parent": "RBXDA00208895BD4BD58ADB5FF2077B79AA",
      "class": "UnionOperation",
      "name": "color5",
      "properties": {
        "UsePartColor": true,
        "Anchored": false,
        "CanCollide": false,
        "CanQuery": true,
        "CanTouch": true,
        "Color3uint8": [
          0.627451,
          0.372549,
          0.207843
        ],
        "Massless": false,
        "Material": 272,
        "PivotOffset": {
          "position": [
            0,
            0,
            0
          ],
          "rotation": [
            1,
            0,
            0,
            0,
            1,
            0,
            0,
            0,
            1
          ]
        },
        "Reflectance": 0,
        "Transparency": 0,
        "size": [
          0.31227839,
          2.16196203,
          0.87981838
        ],
        "Name": "color5",
        "LocalCFrame": {
          "position": [
            -0.005615,
            -1.070236,
            -1.436645
          ],
          "rotation": [
            -1,
            0.000039,
            -0.000041,
            -0.000051,
            -0.316824,
            0.948485,
            0.000024,
            0.948485,
            0.316824
          ]
        }
      }
    },
    {
      "id": "RBXDB60E5C4FE4142499685426003D8C893",
      "parent": "RBXDA00208895BD4BD58ADB5FF2077B79AA",
      "class": "UnionOperation",
      "name": "color5",
      "properties": {
        "UsePartColor": true,
        "Anchored": false,
        "CanCollide": false,
        "CanQuery": true,
        "CanTouch": true,
        "Color3uint8": [
          0.627451,
          0.372549,
          0.207843
        ],
        "Massless": false,
        "Material": 272,
        "PivotOffset": {
          "position": [
            0,
            0,
            0
          ],
          "rotation": [
            1,
            0,
            0,
            0,
            1,
            0,
            0,
            0,
            1
          ]
        },
        "Reflectance": 0,
        "Transparency": 0,
        "size": [
          0.737515569,
          2.5181098,
          0.795294344
        ],
        "Name": "color5",
        "LocalCFrame": {
          "position": [
            -0.005798,
            -1.025146,
            -1.280929
          ],
          "rotation": [
            -1,
            0.000027,
            -0.000051,
            -0.000052,
            -0.034768,
            0.999396,
            0.000025,
            0.999396,
            0.034768
          ]
        }
      }
    },
    {
      "id": "RBX4400565E168E4E38B2A3A37AA9E2A64F",
      "parent": "RBXDB60E5C4FE4142499685426003D8C893",
      "class": "Motor6D",
      "name": "urethra",
      "properties": {
        "C0": {
          "position": [
            -0.000196879046,
            -0.154057875,
            -0.050476402
          ],
          "rotation": [
            1,
            0.00000136332346,
            -3.03055458e-7,
            -0.00000122116944,
            0.95892626,
            0.283655882,
            6.73657382e-7,
            -0.283655852,
            0.95892626
          ]
        },
        "C1": {
          "position": [
            0,
            0,
            0
          ],
          "rotation": [
            1,
            0,
            0,
            0,
            1,
            0,
            0,
            0,
            1
          ]
        },
        "Enabled": true,
        "Part0": "RBXDB60E5C4FE4142499685426003D8C893",
        "Part1": "RBX0281BE4C71C949BE8EA99009DE1E474A",
        "Name": "urethra"
      }
    },
    {
      "id": "RBXC94F08F5778641D48E8775B2608A39E2",
      "parent": "RBXDB60E5C4FE4142499685426003D8C893",
      "class": "Motor6D",
      "name": "tip",
      "properties": {
        "C0": {
          "position": [
            -0.00775211211,
            -1.07107127,
            0.248295248
          ],
          "rotation": [
            1,
            0.00000207558151,
            9.18792466e-7,
            -9.50723916e-7,
            0.75062573,
            -0.660727739,
            -0.00000206473169,
            0.66072768,
            0.75062573
          ]
        },
        "C1": {
          "position": [
            0,
            0,
            0
          ],
          "rotation": [
            1,
            0,
            0,
            0,
            1,
            0,
            0,
            0,
            1
          ]
        },
        "Enabled": true,
        "Part0": "RBXDB60E5C4FE4142499685426003D8C893",
        "Part1": "RBX5078DF64E4EC4ECC8E33BE8189A0FDA4",
        "Name": "tip"
      }
    },
    {
      "id": "RBX191D2C5FE6244732B937A41FC34F30A4",
      "parent": "RBXDB60E5C4FE4142499685426003D8C893",
      "class": "Motor6D",
      "name": "Union",
      "properties": {
        "C0": {
          "position": [
            -0.267484784,
            -0.505733073,
            0.0473847911
          ],
          "rotation": [
            -0.303783685,
            0.31418559,
            0.899445951,
            0.616900623,
            0.784308553,
            -0.0656115264,
            -0.726053238,
            0.534935832,
            -0.432079792
          ]
        },
        "C1": {
          "position": [
            0,
            0,
            0
          ],
          "rotation": [
            1,
            0,
            0,
            0,
            1,
            0,
            0,
            0,
            1
          ]
        },
        "Enabled": true,
        "Part0": "RBXDB60E5C4FE4142499685426003D8C893",
        "Part1": "RBX43E2282CD1C140ADBB91B07FE32A2ACA",
        "Name": "Union"
      }
    },
    {
      "id": "RBX954178B320F84E2ABDA8658C88E7FE41",
      "parent": "RBXDB60E5C4FE4142499685426003D8C893",
      "class": "Motor6D",
      "name": "Union",
      "properties": {
        "C0": {
          "position": [
            0.241373733,
            -0.433478445,
            -0.160251856
          ],
          "rotation": [
            -0.948945522,
            0.0343185924,
            -0.313567549,
            -0.0548634455,
            0.960956752,
            0.271205038,
            0.310632259,
            0.27456221,
            -0.910012782
          ]
        },
        "C1": {
          "position": [
            0,
            0,
            0
          ],
          "rotation": [
            1,
            0,
            0,
            0,
            1,
            0,
            0,
            0,
            1
          ]
        },
        "Enabled": true,
        "Part0": "RBXDB60E5C4FE4142499685426003D8C893",
        "Part1": "RBXD5725E785400465EBEE7C3B71703CF96",
        "Name": "Union"
      }
    },
    {
      "id": "RBX027FCA7DE0C54178BD1FBCF638BB8F5A",
      "parent": "RBXDB60E5C4FE4142499685426003D8C893",
      "class": "Motor6D",
      "name": "Union",
      "properties": {
        "C0": {
          "position": [
            0.184426457,
            0.313136131,
            -0.144649193
          ],
          "rotation": [
            -0.685698569,
            -0.46371761,
            -0.561055541,
            -0.376358211,
            0.885640562,
            -0.272020817,
            0.623034537,
            0.0246336069,
            -0.781806469
          ]
        },
        "C1": {
          "position": [
            0,
            0,
            0
          ],
          "rotation": [
            1,
            0,
            0,
            0,
            1,
            0,
            0,
            0,
            1
          ]
        },
        "Enabled": true,
        "Part0": "RBXDB60E5C4FE4142499685426003D8C893",
        "Part1": "RBXBD62820025BC403D8FAC17663EB3CAFE",
        "Name": "Union"
      }
    },
    {
      "id": "RBX510540B5E7DC41FD987E1AF009523EC3",
      "parent": "RBXDB60E5C4FE4142499685426003D8C893",
      "class": "Motor6D",
      "name": "Union",
      "properties": {
        "C0": {
          "position": [
            -0.250553221,
            -0.250873119,
            0.0209153257
          ],
          "rotation": [
            -0.0178767499,
            -0.24951078,
            0.968206942,
            0.961916268,
            0.259879798,
            0.0847326368,
            -0.27275908,
            0.93284893,
            0.235362619
          ]
        },
        "C1": {
          "position": [
            0.0000797301036,
            0.0000199414917,
            -0.00935618673
          ],
          "rotation": [
            1,
            -0.00000938776429,
            -0.0000145582053,
            0.00000938760786,
            1,
            -0.000010739971,
            0.0000145583053,
            0.0000107398346,
            1
          ]
        },
        "Enabled": true,
        "Part0": "RBXDB60E5C4FE4142499685426003D8C893",
        "Part1": "RBXBB842447F55A4DEEBC782A34F0547749",
        "Name": "Union"
      }
    },
    {
      "id": "RBXE182119C872F48328042BE54D9CD1B0F",
      "parent": "RBXDB60E5C4FE4142499685426003D8C893",
      "class": "Motor6D",
      "name": "Union",
      "properties": {
        "C0": {
          "position": [
            -0.0764136761,
            0.42880252,
            0.313266814
          ],
          "rotation": [
            -0.922334492,
            0.267795175,
            -0.278540492,
            0.216982558,
            0.955448329,
            0.200092822,
            0.319714934,
            0.124114089,
            -0.93934989
          ]
        },
        "C1": {
          "position": [
            0,
            0,
            0
          ],
          "rotation": [
            1,
            0,
            0,
            0,
            1,
            0,
            0,
            0,
            1
          ]
        },
        "Enabled": true,
        "Part0": "RBXDB60E5C4FE4142499685426003D8C893",
        "Part1": "RBX31E252B381E645639112A42628D648A3",
        "Name": "Union"
      }
    },
    {
      "id": "RBX9FD64892EA034038AEED4AAE4E90E7E8",
      "parent": "RBXDB60E5C4FE4142499685426003D8C893",
      "class": "Motor6D",
      "name": "Union",
      "properties": {
        "C0": {
          "position": [
            0.256730318,
            -0.616034508,
            -0.166124374
          ],
          "rotation": [
            -0.964953959,
            -0.185506433,
            -0.185611039,
            0.040298935,
            0.594166815,
            -0.803338349,
            0.259307563,
            -0.782660186,
            -0.565866709
          ]
        },
        "C1": {
          "position": [
            0,
            0,
            0
          ],
          "rotation": [
            1,
            0,
            0,
            0,
            1,
            0,
            0,
            0,
            1
          ]
        },
        "Enabled": true,
        "Part0": "RBXDB60E5C4FE4142499685426003D8C893",
        "Part1": "RBXE64932C3B42849B690DE41340F2B17A1",
        "Name": "Union"
      }
    },
    {
      "id": "RBX2F7DF3B990914BAE994EBDAD032FA02A",
      "parent": "RBXDA00208895BD4BD58ADB5FF2077B79AA",
      "class": "UnionOperation",
      "name": "cum",
      "properties": {
        "UsePartColor": true,
        "Anchored": false,
        "CanCollide": false,
        "CanQuery": true,
        "CanTouch": true,
        "Color3uint8": [
          0.968627,
          0.972549,
          0.8
        ],
        "Massless": false,
        "Material": 1568,
        "PivotOffset": {
          "position": [
            0,
            0,
            0
          ],
          "rotation": [
            1,
            0,
            0,
            0,
            1,
            0,
            0,
            0,
            1
          ]
        },
        "Reflectance": 0,
        "Transparency": 0.100000001,
        "size": [
          0.737515569,
          1.90594053,
          0.682977021
        ],
        "Name": "cum",
        "LocalCFrame": {
          "position": [
            -0.005859,
            -1.033089,
            -1.571777
          ],
          "rotation": [
            -1,
            0.000037,
            -0.000046,
            -0.000047,
            -0.034761,
            0.999396,
            0.000035,
            0.999396,
            0.034761
          ]
        }
      }
    },
    {
      "id": "RBXE727AF755DE24F8C81C084B563DDAB7E",
      "parent": "RBX2F7DF3B990914BAE994EBDAD032FA02A",
      "class": "Motor6D",
      "name": "urethra",
      "properties": {
        "C0": {
          "position": [
            -0.000215602035,
            0.136341229,
            -0.0324270763
          ],
          "rotation": [
            1,
            0.00000934723539,
            0.00000698651365,
            -0.0000109451003,
            0.958924294,
            0.2836622,
            -0.00000404807997,
            -0.28366217,
            0.958924353
          ]
        },
        "C1": {
          "position": [
            0,
            0,
            0
          ],
          "rotation": [
            1,
            0,
            0,
            0,
            1,
            0,
            0,
            0,
            1
          ]
        },
        "Enabled": true,
        "Part0": "RBX2F7DF3B990914BAE994EBDAD032FA02A",
        "Part1": "RBX0281BE4C71C949BE8EA99009DE1E474A",
        "Name": "urethra"
      }
    },
    {
      "id": "RBX9A935CB01B3C47E587447F21CBB00076",
      "parent": "RBX2F7DF3B990914BAE994EBDAD032FA02A",
      "class": "Motor6D",
      "name": "tip",
      "properties": {
        "C0": {
          "position": [
            -0.00779140042,
            -0.780738592,
            0.266363531
          ],
          "rotation": [
            1,
            0.0000129505643,
            -0.00000115543344,
            -0.0000104851124,
            0.750682294,
            -0.660663366,
            -0.000007688599,
            0.660663307,
            0.750682294
          ]
        },
        "C1": {
          "position": [
            0,
            0,
            0
          ],
          "rotation": [
            1,
            0,
            0,
            0,
            1,
            0,
            0,
            0,
            1
          ]
        },
        "Enabled": true,
        "Part0": "RBX2F7DF3B990914BAE994EBDAD032FA02A",
        "Part1": "RBX5078DF64E4EC4ECC8E33BE8189A0FDA4",
        "Name": "tip"
      }
    },
    {
      "id": "RBX243D572008554CF682F1C58E7DAF6208",
      "parent": "RBX2F7DF3B990914BAE994EBDAD032FA02A",
      "class": "Motor6D",
      "name": "Union",
      "properties": {
        "C0": {
          "position": [
            -0.267518342,
            -0.215333059,
            0.0654372349
          ],
          "rotation": [
            -0.303761035,
            0.314190626,
            0.899451792,
            0.616913497,
            0.784290612,
            -0.0656205118,
            -0.726048946,
            0.534951031,
            -0.432065278
          ]
        },
        "C1": {
          "position": [
            0,
            0,
            0
          ],
          "rotation": [
            1,
            0,
            0,
            0,
            1,
            0,
            0,
            0,
            1
          ]
        },
        "Enabled": true,
        "Part0": "RBX2F7DF3B990914BAE994EBDAD032FA02A",
        "Part1": "RBX43E2282CD1C140ADBB91B07FE32A2ACA",
        "Name": "Union"
      }
    },
    {
      "id": "RBX95500E8B9CA7426D9D58E696EFAE6D2E",
      "parent": "RBX2F7DF3B990914BAE994EBDAD032FA02A",
      "class": "Motor6D",
      "name": "Union",
      "properties": {
        "C0": {
          "position": [
            0.241342694,
            -0.143085301,
            -0.142210558
          ],
          "rotation": [
            -0.948942065,
            0.0343265012,
            -0.313577503,
            -0.0548438206,
            0.960969985,
            0.271162122,
            0.310646623,
            0.274514914,
            -0.91002214
          ]
        },
        "C1": {
          "position": [
            0,
            0,
            0
          ],
          "rotation": [
            1,
            0,
            0,
            0,
            1,
            0,
            0,
            0,
            1
          ]
        },
        "Enabled": true,
        "Part0": "RBX2F7DF3B990914BAE994EBDAD032FA02A",
        "Part1": "RBXD5725E785400465EBEE7C3B71703CF96",
        "Name": "Union"
      }
    },
    {
      "id": "RBX51A6C4BB475F48DCAE076C2440C4BDA3",
      "parent": "RBX2F7DF3B990914BAE994EBDAD032FA02A",
      "class": "Motor6D",
      "name": "Union",
      "properties": {
        "C0": {
          "position": [
            0.184403554,
            0.603631377,
            -0.126621008
          ],
          "rotation": [
            -0.68568635,
            -0.463704348,
            -0.561081588,
            -0.376356721,
            0.88564682,
            -0.272002548,
            0.623048842,
            0.024658395,
            -0.78179419
          ]
        },
        "C1": {
          "position": [
            0,
            0,
            0
          ],
          "rotation": [
            1,
            0,
            0,
            0,
            1,
            0,
            0,
            0,
            1
          ]
        },
        "Enabled": true,
        "Part0": "RBX2F7DF3B990914BAE994EBDAD032FA02A",
        "Part1": "RBXBD62820025BC403D8FAC17663EB3CAFE",
        "Name": "Union"
      }
    },
    {
      "id": "RBX07C5EC77E0004D0C89F512DF4883AA8C",
      "parent": "RBX2F7DF3B990914BAE994EBDAD032FA02A",
      "class": "Motor6D",
      "name": "Union",
      "properties": {
        "C0": {
          "position": [
            -0.250583857,
            0.0395595767,
            0.0389620326
          ],
          "rotation": [
            -0.0178637225,
            -0.249495685,
            0.968211174,
            0.961917996,
            0.259879291,
            0.0847152025,
            -0.272754133,
            0.932852983,
            0.235351965
          ]
        },
        "C1": {
          "position": [
            0.0000797301036,
            0.0000199414917,
            -0.00935618673
          ],
          "rotation": [
