{
  "format": "overlay_json_v1",
  "kind": "morph_bundle",
  "version": 1,
  "asset_id": "morph_1821-fluffy-tail-2-brown",
  "name": "Fluffy Tail 2 (brown)",
  "source_file": "1821-fluffy-tail-2-brown.rbxmx",
  "anchor": "LowerTorso",
  "anchor_candidates": [
    "LowerTorso",
    "Torso",
    "HumanoidRootPart",
    "UpperTorso"
  ],
  "jiggle": true,
  "root_cframe": {
    "position": [
      -28320.8613,
      11745.2412,
      -146.931763
    ],
    "rotation": [
      1,
      -2.94676283e-10,
      1.49760312e-30,
      -2.94676283e-10,
      1,
      -2.03287907e-20,
      1.49760312e-30,
      -2.03287907e-20,
      1
    ]
  },
  "class_counts": {
    "Folder": 1,
    "Model": 1,
    "Part": 1,
    "SpecialMesh": 1,
    "MeshPart": 1,
    "Bone": 7
  },
  "nodes": [
    {
      "id": "RBX45F561A37FEF41EC83280965F9EE91DD",
      "parent": null,
      "class": "Folder",
      "name": "Fluffy Tail 2 (brown)",
      "properties": {
        "Name": "Fluffy Tail 2 (brown)"
      }
    },
    {
      "id": "RBX09B820ACA8F3499193E544837995DF88",
      "parent": "RBX45F561A37FEF41EC83280965F9EE91DD",
      "class": "Model",
      "name": "LowerStatic",
      "properties": {
        "PrimaryPart": "RBX5330D486D3434909892FA009D4B8F496",
        "Name": "LowerStatic"
      }
    },
    {
      "id": "RBX5330D486D3434909892FA009D4B8F496",
      "parent": "RBX09B820ACA8F3499193E544837995DF88",
      "class": "Part",
      "name": "Middle",
      "properties": {
        "shape": 1,
        "Anchored": true,
        "CanCollide": false,
        "CanQuery": true,
        "CanTouch": true,
        "Color3uint8": [
          0.972549,
          0.972549,
          0.972549
        ],
        "Massless": false,
        "Material": 272,
        "PivotOffset": {
          "position": [
            0,
            0,
            0
          ],
          "rotation": [
            1,
            0,
            0,
            0,
            1,
            0,
            0,
            0,
            1
          ]
        },
        "Reflectance": 0,
        "Transparency": 0,
        "size": [
          2,
          2,
          1
        ],
        "Name": "Middle",
        "LocalCFrame": {
          "position": [
            0,
            0,
            0
          ],
          "rotation": [
            1,
            0,
            0,
            0,
            1,
            0,
            0,
            0,
            1
          ]
        }
      }
    },
    {
      "id": "RBXCE0FC10D331B4CC18CBD80A0099A586F",
      "parent": "RBX5330D486D3434909892FA009D4B8F496",
      "class": "SpecialMesh",
      "name": "MaleMesh",
      "properties": {
        "MeshType": 5,
        "MeshId": "rbxassetid://12221758",
        "TextureId": null,
        "Offset": [
          0,
          0,
          0
        ],
        "Scale": [
          1,
          1,
          1
        ],
        "VertexColor": [
          1,
          1,
          1
        ],
        "Name": "MaleMesh"
      }
    },
    {
      "id": "RBX7880D4FF448242DCAE8AC20C1A4D0771",
      "parent": "RBX09B820ACA8F3499193E544837995DF88",
      "class": "MeshPart",
      "name": "Tail",
      "properties": {
        "HasSkinnedMesh": true,
        "MeshId": "rbxassetid://10005204741",
        "RenderFidelity": 1,
        "TextureID": null,
        "Anchored": false,
        "CanCollide": false,
        "CanQuery": true,
        "CanTouch": true,
        "Color3uint8": [
          0.486275,
          0.360784,
          0.27451
        ],
        "Massless": true,
        "Material": 272,
        "PivotOffset": {
          "position": [
            0,
            0,
            0
          ],
          "rotation": [
            1,
            0,
            0,
            0,
            1,
            0,
            0,
            0,
            1
          ]
        },
        "Reflectance": 0,
        "Transparency": 0,
        "size": [
          1.49124181,
          2.70791411,
          3.50221276
        ],
        "Name": "Tail",
        "LocalCFrame": {
          "position": [
            -0.0293,
            -0.1211,
            1.900894
          ],
          "rotation": [
            1,
            0,
            0,
            0,
            0.707107,
            0.707107,
            0,
            -0.707107,
            0.707107
          ]
        }
      }
    },
    {
      "id": "RBXA03DEAE1F882424DB7407551F2F67F6A",
      "parent": "RBX7880D4FF448242DCAE8AC20C1A4D0771",
      "class": "Bone",
      "name": "spine",
      "properties": {
        "CFrame": {
          "position": [
            0.0870916247,
            0.730547667,
            -1.72673368
          ],
          "rotation": [
            1,
            -1.65722611e-7,
            7.15854867e-7,
            1.57353384e-7,
            0.999931812,
            0.0116754705,
            -7.17740988e-7,
            -0.0116754705,
            0.999931812
          ]
        },
        "Visible": false,
        "Name": "spine"
      }
    },
    {
      "id": "RBX6FB91FB1EB6B4510983002E57AE42CE3",
      "parent": "RBXA03DEAE1F882424DB7407551F2F67F6A",
      "class": "Bone",
      "name": "spine.001",
      "properties": {
        "CFrame": {
          "position": [
            9.53674316e-7,
            0.407718658,
            0.000417709351
          ],
          "rotation": [
            0.99989599,
            0.0144265201,
            0.000230022182,
            -0.0144169889,
            0.998348653,
            0.0556072779,
            0.000572577119,
            -0.0556048006,
            0.998452783
          ]
        },
        "Visible": false,
        "Name": "spine.001"
      }
    },
    {
      "id": "RBX8CAC6E4B01F44839A4A6FFBDA21EC4EA",
      "parent": "RBXA03DEAE1F882424DB7407551F2F67F6A",
      "class": "Bone",
      "name": "Tail.001",
      "properties": {
        "CFrame": {
          "position": [
            9.53674316e-7,
            0.407718658,
            0.000417709351
          ],
          "rotation": [
            1,
            -4.27730754e-7,
            7.28342911e-7,
            3.96608868e-7,
            -0.523546815,
            -0.851996899,
            7.45746945e-7,
            0.851996899,
            -0.523546815
          ]
        },
        "Visible": false,
        "Name": "Tail.001"
      }
    },
    {
      "id": "RBX119D8A02236D4881A52BE61154EB1E6B",
      "parent": "RBX8CAC6E4B01F44839A4A6FFBDA21EC4EA",
      "class": "Bone",
      "name": "Tail.002",
      "properties": {
        "CFrame": {
          "position": [
            -0.0000400543213,
            0.579381943,
            0.0232958794
          ],
          "rotation": [
            1,
            -1.99851726e-7,
            4.68633274e-8,
            2.01373609e-7,
            0.910813153,
            -0.412819117,
            3.98188718e-8,
            0.412819117,
            0.910813153
          ]
        },
        "Visible": false,
        "Name": "Tail.002"
      }
    },
    {
      "id": "RBXF1862F1371CF49A98A28FE0EE885E74E",
      "parent": "RBX119D8A02236D4881A52BE61154EB1E6B",
      "class": "Bone",
      "name": "Tail.003",
      "properties": {
        "CFrame": {
          "position": [
            0.000039100647,
            0.688129425,
            0.0283455849
          ],
          "rotation": [
            1,
            9.49417753e-8,
            -1.61843605e-8,
            -9.12800999e-8,
            0.987885892,
            0.155182481,
            3.07215977e-8,
            -0.155182481,
            0.987885892
          ]
        },
        "Visible": false,
        "Name": "Tail.003"
      }
    },
    {
      "id": "RBXF3A0EFC62E5B42BCA96DA2F65C404BE2",
      "parent": "RBXF1862F1371CF49A98A28FE0EE885E74E",
      "class": "Bone",
      "name": "Tail.004",
      "properties": {
        "CFrame": {
          "position": [
            0,
            0.908203125,
            0.0404112339
          ],
          "rotation": [
            1,
            2.22515325e-7,
            6.53578809e-8,
            -2.2587929e-7,
            0.870618105,
            0.491959542,
            5.25667829e-8,
            -0.491959542,
            0.870618105
          ]
        },
        "Visible": false,
        "Name": "Tail.004"
      }
    },
    {
      "id": "RBXD76D04A0236745C6B4A9E14E93B850B3",
      "parent": "RBXF3A0EFC62E5B42BCA96DA2F65C404BE2",
      "class": "Bone",
      "name": "Tail.005",
      "properties": {
        "CFrame": {
          "position": [
            -0.0000772476196,
            0.898793221,
            0.0231924057
          ],
          "rotation": [
            1,
            1.5476401e-7,
            2.38987532e-8,
            -1.54501862e-7,
            0.950166821,
            0.311742008,
            2.55386396e-8,
            -0.311742008,
            0.950166821
          ]
        },
        "Visible": false,
        "Name": "Tail.005"
      }
    }
  ]
}
