{
  "format": "overlay_json_v1",
  "kind": "morph_bundle",
  "version": 1,
  "asset_id": "morph_0179-facehuggerv2",
  "name": "FaceHuggerV2",
  "source_file": "0179-facehuggerv2.rbxmx",
  "anchor": "LowerTorso",
  "anchor_candidates": [
    "LowerTorso",
    "Torso",
    "HumanoidRootPart",
    "UpperTorso"
  ],
  "jiggle": true,
  "root_cframe": {
    "position": [
      770.95697,
      238.194,
      -434.372986
    ],
    "rotation": [
      -1,
      0,
      0,
      0,
      1,
      0,
      0,
      0,
      -1
    ]
  },
  "class_counts": {
    "Folder": 1,
    "Model": 1,
    "Part": 3,
    "SpecialMesh": 1,
    "Weld": 1,
    "MeshPart": 5,
    "Bone": 40
  },
  "nodes": [
    {
      "id": "RBX6532E9606E58473B92445520BC0B717B",
      "parent": null,
      "class": "Folder",
      "name": "FaceHuggerV2",
      "properties": {
        "Name": "FaceHuggerV2"
      }
    },
    {
      "id": "RBX22FBD9A2BCB145218FADFDD0CCDA03E0",
      "parent": "RBX6532E9606E58473B92445520BC0B717B",
      "class": "Model",
      "name": "HeadAcc",
      "properties": {
        "PrimaryPart": "RBXA9D8BA69A28C4A41AE40FDE4B66649B3",
        "Name": "HeadAcc"
      }
    },
    {
      "id": "RBXA9D8BA69A28C4A41AE40FDE4B66649B3",
      "parent": "RBX22FBD9A2BCB145218FADFDD0CCDA03E0",
      "class": "Part",
      "name": "Middle",
      "properties": {
        "shape": 1,
        "Anchored": false,
        "CanCollide": false,
        "CanQuery": true,
        "CanTouch": true,
        "Color3uint8": [
          0.972549,
          0.972549,
          0.972549
        ],
        "Massless": false,
        "Material": 272,
        "PivotOffset": {
          "position": [
            0,
            0,
            0
          ],
          "rotation": [
            1,
            0,
            0,
            0,
            1,
            0,
            0,
            0,
            1
          ]
        },
        "Reflectance": 0,
        "Transparency": 0,
        "size": [
          1,
          1,
          1
        ],
        "Name": "Middle",
        "LocalCFrame": {
          "position": [
            0,
            0,
            0
          ],
          "rotation": [
            1,
            0,
            0,
            0,
            1,
            0,
            0,
            0,
            1
          ]
        }
      }
    },
    {
      "id": "RBX8D0484B8980D4A6F815E4B2E970CD202",
      "parent": "RBXA9D8BA69A28C4A41AE40FDE4B66649B3",
      "class": "SpecialMesh",
      "name": "Mesh",
      "properties": {
        "MeshType": 0,
        "MeshId": null,
        "TextureId": null,
        "Offset": [
          0,
          0,
          0
        ],
        "Scale": [
          1.25,
          1.25,
          1.25
        ],
        "VertexColor": [
          1,
          1,
          1
        ],
        "Name": "Mesh"
      }
    },
    {
      "id": "RBXA2FE6EB798A14431B009B8D68FE6339D",
      "parent": "RBXA9D8BA69A28C4A41AE40FDE4B66649B3",
      "class": "Weld",
      "name": "Weld",
      "properties": {
        "C0": {
          "position": [
            0,
            0,
            0
          ],
          "rotation": [
            1,
            0,
            0,
            0,
            1,
            0,
            0,
            0,
            1
          ]
        },
        "C1": {
          "position": [
            0,
            0,
            0
          ],
          "rotation": [
            1,
            0,
            0,
            0,
            1,
            0,
            0,
            0,
            1
          ]
        },
        "Enabled": true,
        "Part0": "RBXA9D8BA69A28C4A41AE40FDE4B66649B3",
        "Part1": "RBXA9D8BA69A28C4A41AE40FDE4B66649B3",
        "Name": "Weld"
      }
    },
    {
      "id": "RBX3EB0929CD593485F9791874EA9148CAB",
      "parent": "RBX22FBD9A2BCB145218FADFDD0CCDA03E0",
      "class": "Part",
      "name": "color5",
      "properties": {
        "shape": 0,
        "Anchored": false,
        "CanCollide": false,
        "CanQuery": true,
        "CanTouch": true,
        "Color3uint8": [
          0.917647,
          0.721569,
          0.572549
        ],
        "Massless": false,
        "Material": 272,
        "PivotOffset": {
          "position": [
            0,
            0,
            0
          ],
          "rotation": [
            1,
            0,
            0,
            0,
            1,
            0,
            0,
            0,
            1
          ]
        },
        "Reflectance": 0,
        "Transparency": 0,
        "size": [
          0.510489702,
          0.510489702,
          0.510489702
        ],
        "Name": "color5",
        "LocalCFrame": {
          "position": [
            -0.25531,
            -0.27539,
            -0.415558
          ],
          "rotation": [
            1,
            0,
            0,
            0,
            1,
            0,
            0,
            0,
            1
          ]
        }
      }
    },
    {
      "id": "RBXF30F89D5AF6845B890359E2F5C47AB81",
      "parent": "RBX22FBD9A2BCB145218FADFDD0CCDA03E0",
      "class": "Part",
      "name": "color5",
      "properties": {
        "shape": 0,
        "Anchored": false,
        "CanCollide": false,
        "CanQuery": true,
        "CanTouch": true,
        "Color3uint8": [
          0.917647,
          0.721569,
          0.572549
        ],
        "Massless": false,
        "Material": 272,
        "PivotOffset": {
          "position": [
            0,
            0,
            0
          ],
          "rotation": [
            1,
            0,
            0,
            0,
            1,
            0,
            0,
            0,
            1
          ]
        },
        "Reflectance": 0,
        "Transparency": 0,
        "size": [
          0.510489702,
          0.510489702,
          0.510489702
        ],
        "Name": "color5",
        "LocalCFrame": {
          "position": [
            0.250183,
            -0.27539,
            -0.415558
          ],
          "rotation": [
            1,
            0,
            0,
            0,
            1,
            0,
            0,
            0,
            1
          ]
        }
      }
    },
    {
      "id": "RBX5AE4B065FA43429B84E65B52C11EA55D",
      "parent": "RBX22FBD9A2BCB145218FADFDD0CCDA03E0",
      "class": "MeshPart",
      "name": "color1",
      "properties": {
        "HasSkinnedMesh": false,
        "MeshId": "rbxassetid://2583615782",
        "RenderFidelity": 1,
        "TextureID": null,
        "Anchored": false,
        "CanCollide": false,
        "CanQuery": true,
        "CanTouch": true,
        "Color3uint8": [
          0.772549,
          0.380392,
          0.380392
        ],
        "Massless": true,
        "Material": 1536,
        "PivotOffset": {
          "position": [
            0,
            0,
            0
          ],
          "rotation": [
            1,
            0,
            0,
            0,
            1,
            0,
            0,
            0,
            1
          ]
        },
        "Reflectance": 0,
        "Transparency": 0,
        "size": [
          0.0990172327,
          1.00532448,
          0.081060648
        ],
        "Name": "color1",
        "LocalCFrame": {
          "position": [
            -0.052674,
            -0.205612,
            -0.271485
          ],
          "rotation": [
            -1,
            0,
            0,
            0,
            -0.5,
            0.866025,
            0,
            0.866025,
            0.5
          ]
        }
      }
    },
    {
      "id": "RBX4466D84EEDCA41E78EF90BB96CDCA6CB",
      "parent": "RBX22FBD9A2BCB145218FADFDD0CCDA03E0",
      "class": "MeshPart",
      "name": "color1",
      "properties": {
        "HasSkinnedMesh": false,
        "MeshId": "rbxassetid://2583615967",
        "RenderFidelity": 1,
        "TextureID": null,
        "Anchored": false,
        "CanCollide": false,
        "CanQuery": true,
        "CanTouch": true,
        "Color3uint8": [
          0.772549,
          0.380392,
          0.380392
        ],
        "Massless": true,
        "Material": 1536,
        "PivotOffset": {
          "position": [
            0,
            0,
            0
          ],
          "rotation": [
            1,
            0,
            0,
            0,
            1,
            0,
            0,
            0,
            1
          ]
        },
        "Reflectance": 0,
        "Transparency": 0,
        "size": [
          0.0991181061,
          1.07350218,
          0.0936008915
        ],
        "Name": "color1",
        "LocalCFrame": {
          "position": [
            -0.052735,
            -0.295898,
            -0.289765
          ],
          "rotation": [
            -1,
            0,
            0,
            0,
            -0.5,
            0.866025,
            0,
            0.866025,
            0.5
          ]
        }
      }
    },
    {
      "id": "RBX4BD2F458912E452D823E52F8A38D8C79",
      "parent": "RBX22FBD9A2BCB145218FADFDD0CCDA03E0",
      "class": "MeshPart",
      "name": "color1",
      "properties": {
        "HasSkinnedMesh": false,
        "MeshId": "rbxassetid://2583616054",
        "RenderFidelity": 1,
        "TextureID": null,
        "Anchored": false,
        "CanCollide": false,
        "CanQuery": true,
        "CanTouch": true,
        "Color3uint8": [
          0.772549,
          0.380392,
          0.380392
        ],
        "Massless": true,
        "Material": 1536,
        "PivotOffset": {
          "position": [
            0,
            0,
            0
          ],
          "rotation": [
            1,
            0,
            0,
            0,
            1,
            0,
            0,
            0,
            1
          ]
        },
        "Reflectance": 0,
        "Transparency": 0,
        "size": [
          0.104553007,
          1.06661332,
          0.0945411697
        ],
        "Name": "color1",
        "LocalCFrame": {
          "position": [
            0.049133,
            -0.297699,
            -0.286957
          ],
          "rotation": [
            -1,
            0,
            0,
            0,
            -0.5,
            0.866025,
            0,
            0.866025,
            0.5
          ]
        }
      }
    },
    {
      "id": "RBX1957598BBED844D7BA49B384C4580551",
      "parent": "RBX22FBD9A2BCB145218FADFDD0CCDA03E0",
      "class": "MeshPart",
      "name": "color1",
      "properties": {
        "HasSkinnedMesh": false,
        "MeshId": "rbxassetid://2583615868",
        "RenderFidelity": 1,
        "TextureID": null,
        "Anchored": false,
        "CanCollide": false,
        "CanQuery": true,
        "CanTouch": true,
        "Color3uint8": [
          0.772549,
          0.380392,
          0.380392
        ],
        "Massless": true,
        "Material": 1536,
        "PivotOffset": {
          "position": [
            0,
            0,
            0
          ],
          "rotation": [
            1,
            0,
            0,
            0,
            1,
            0,
            0,
            0,
            1
          ]
        },
        "Reflectance": 0,
        "Transparency": 0,
        "size": [
          0.104553007,
          1.00463283,
          0.0807225332
        ],
        "Name": "color1",
        "LocalCFrame": {
          "position": [
            0.049072,
            -0.205581,
            -0.271912
          ],
          "rotation": [
            -1,
            0,
            0,
            0,
            -0.5,
            0.866025,
            0,
            0.866025,
            0.5
          ]
        }
      }
    },
    {
      "id": "RBX25703817EA39453E89CFBB950A95C41B",
      "parent": "RBX22FBD9A2BCB145218FADFDD0CCDA03E0",
      "class": "MeshPart",
      "name": "Facehugger",
      "properties": {
        "HasSkinnedMesh": true,
        "MeshId": "rbxassetid://14064653227",
        "RenderFidelity": 0,
        "TextureID": "rbxassetid://14064662866",
        "Anchored": false,
        "CanCollide": false,
        "CanQuery": false,
        "CanTouch": false,
        "Color3uint8": [
          0.639216,
          0.635294,
          0.647059
        ],
        "Massless": true,
        "Material": 1088,
        "PivotOffset": {
          "position": [
            -0.00000286381055,
            -0.533512235,
            -1.46238601
          ],
          "rotation": [
            1,
            -1.99520246e-23,
            -2.44929344e-16,
            -2.44929344e-16,
            -1.62920671e-7,
            -1,
            -1.99520278e-23,
            1,
            -1.62920671e-7
          ]
        },
        "Reflectance": 0,
        "Transparency": 0,
        "size": [
          2.30540037,
          1.06575894,
          5.34560919
        ],
        "Name": "Facehugger",
        "LocalCFrame": {
          "position": [
            0,
            -1.380005,
            -0.440003
          ],
          "rotation": [
            -1,
            0,
            0,
            0,
            0,
            -1,
            0,
            -1,
            0
          ]
        }
      }
    },
    {
      "id": "RBX12390E2DD76E4FE9B048945D13F59F60",
      "parent": "RBX25703817EA39453E89CFBB950A95C41B",
      "class": "Bone",
      "name": "root_jnt",
      "properties": {
        "CFrame": {
          "position": [
            -0.00000286381055,
            -0.533512235,
            -1.46238601
          ],
          "rotation": [
            1,
            6.18960314e-8,
            -4.61701077e-8,
            -4.61701042e-8,
            -7.35137178e-8,
            -1,
            -6.18960314e-8,
            1,
            -7.35137178e-8
          ]
        },
        "Visible": false,
        "Name": "root_jnt"
      }
    },
    {
      "id": "RBX12C9B0A5DD2649CFA2BFC85696118007",
      "parent": "RBX12390E2DD76E4FE9B048945D13F59F60",
      "class": "Bone",
      "name": "Body_jnt",
      "properties": {
        "CFrame": {
          "position": [
            0,
            0.255630493,
            -0.895080566
          ],
          "rotation": [
            -4.72032866e-7,
            -1,
            2.17147829e-7,
            0.98894608,
            -4.34617277e-7,
            0.148275778,
            -0.148275778,
            2.84738519e-7,
            0.98894608
          ]
        },
        "Visible": false,
        "Name": "Body_jnt"
      }
    },
    {
      "id": "RBX2984BC73D1004D81A71FA7EBF8A01FBA",
      "parent": "RBX12C9B0A5DD2649CFA2BFC85696118007",
      "class": "Bone",
      "name": "Tail_001_jnt",
      "properties": {
        "CFrame": {
          "position": [
            0.232757568,
            0,
            -0.0192565918
          ],
          "rotation": [
            -0.674418271,
            0.489991426,
            -0.552330136,
            -0.587784171,
            -0.809017837,
            9.68575478e-7,
            -0.446844429,
            0.32465151,
            0.833625555
          ]
        },
        "Visible": false,
        "Name": "Tail_001_jnt"
      }
    },
    {
      "id": "RBXA53F70501B304018B937845EC4D181B1",
      "parent": "RBX2984BC73D1004D81A71FA7EBF8A01FBA",
      "class": "Bone",
      "name": "Tail_002_jnt",
      "properties": {
        "CFrame": {
          "position": [
            -0.317047119,
            0,
            0.0000915527344
          ],
          "rotation": [
            0.678001463,
            -0.687189996,
            0.260929197,
            0.558312714,
            0.712331593,
            0.425289035,
            -0.478122443,
            -0.142666489,
            0.866628766
          ]
        },
        "Visible": false,
        "Name": "Tail_002_jnt"
      }
    },
    {
      "id": "RBX800AF22B46EA472CBD1A9ACF0F2091FE",
      "parent": "RBXA53F70501B304018B937845EC4D181B1",
      "class": "Bone",
      "name": "Tail_003_jnt",
      "properties": {
        "CFrame": {
          "position": [
            -0.317047119,
            -0.000152587891,
            0.000122070312
          ],
          "rotation": [
            0.88358587,
            -0.464896798,
            0.0560982972,
            0.354180783,
            0.741864502,
            0.569379687,
            -0.306320071,
            -0.483226895,
            0.820158541
          ]
        },
        "Visible": false,
        "Name": "Tail_003_jnt"
      }
    },
    {
      "id": "RBX10C5DAE0122A40D4ACF09791A2BC02EF",
      "parent": "RBX800AF22B46EA472CBD1A9ACF0F2091FE",
      "class": "Bone",
      "name": "Tail_004_jnt",
      "properties": {
        "CFrame": {
          "position": [
            -0.316894531,
            0,
            -0.000122070312
          ],
          "rotation": [
            0.567809701,
            -0.219010681,
            0.793490171,
            -0.0427424535,
            0.954811454,
            0.294122756,
            -0.822049499,
            -0.200921431,
            0.532790184
          ]
        },
        "Visible": false,
        "Name": "Tail_004_jnt"
      }
    },
    {
      "id": "RBXD8AE334B6CA14660BA2F3F77203CB8E9",
      "parent": "RBX10C5DAE0122A40D4ACF09791A2BC02EF",
      "class": "Bone",
      "name": "Tail_005_jnt",
      "properties": {
        "CFrame": {
          "position": [
            -0.316986084,
            -0.0000610351562,
            -0.000122070312
          ],
          "rotation": [
            0.945527792,
            -0.278144807,
            0.169152826,
            0.279804289,
            0.959948599,
            0.0144362561,
            -0.166393369,
            0.0336798094,
            0.985484242
          ]
        },
        "Visible": false,
        "Name": "Tail_005_jnt"
      }
    },
    {
      "id": "RBX20D759A166A3444C844EC7BF43ACF6D3",
      "parent": "RBXD8AE334B6CA14660BA2F3F77203CB8E9",
      "class": "Bone",
      "name": "Tail_006_jnt",
      "properties": {
        "CFrame": {
          "position": [
            -0.317016602,
            0.000122070312,
            0.0000152587891
          ],
          "rotation": [
            0.984858632,
            -0.127802491,
            0.117132351,
            0.128982008,
            0.991643786,
            -0.00251435675,
            -0.115832217,
            0.0175842531,
            0.99311316
          ]
        },
        "Visible": false,
        "Name": "Tail_006_jnt"
      }
    },
    {
      "id": "RBX3D3B2D2A63B64394A72D06FCDE8F3838",
      "parent": "RBX20D759A166A3444C844EC7BF43ACF6D3",
      "class": "Bone",
      "name": "Tail_007_jnt",
      "properties": {
        "CFrame": {
          "position": [
            -0.317016602,
            0.0000610351562,
            0
          ],
          "rotation": [
            0.85764575,
            -0.375264823,
            0.351596564,
            0.386354387,
            0.921437144,
            0.0410349891,
            -0.339373112,
            0.100647382,
            0.935251832
          ]
        },
        "Visible": false,
        "Name": "Tail_007_jnt"
      }
    },
    {
      "id": "RBX5579345EDEB14460B69C9F5C6B79E091",
      "parent": "RBX3D3B2D2A63B64394A72D06FCDE8F3838",
      "class": "Bone",
      "name": "Tail_008_jnt",
      "properties": {
        "CFrame": {
          "position": [
            -0.365844727,
            -0.0421142578,
            0.0419006348
          ],
          "rotation": [
            0.839210689,
            -0.396433532,
            0.372244418,
            0.408958942,
            0.911263287,
            0.0484964401,
            -0.358438224,
            0.111533962,
            0.926866949
          ]
        },
        "Visible": false,
        "Name": "Tail_008_jnt"
      }
    },
    {
      "id": "RBXE364C960B1BE4892B7BEA728F5A20588",
      "parent": "RBX5579345EDEB14460B69C9F5C6B79E091",
      "class": "Bone",
      "name": "Tail_009_jnt",
      "properties": {
        "CFrame": {
          "position": [
            -0.341003418,
            -0.0269470215,
            0.0263061523
          ],
          "rotation": [
            0.85764575,
            -0.375264972,
            0.351596683,
            0.386354506,
            0.921437204,
            0.041035153,
            -0.339373261,
            0.100647308,
            0.935252011
          ]
        },
        "Visible": false,
        "Name": "Tail_009_jnt"
      }
    },
    {
      "id": "RBX4F6E663D96D2413AB6A2BA88628A3B1A",
      "parent": "RBXE364C960B1BE4892B7BEA728F5A20588",
      "class": "Bone",
      "name": "Tail_010_jnt",
      "properties": {
        "CFrame": {
          "position": [
            -0.33303833,
            -0.0645141602,
            0.0601806641
          ],
          "rotation": [
            0.906621456,
            -0.308838725,
            0.287499964,
            0.316113085,
            0.948466241,
            0.0220108926,
            -0.279481769,
            0.0709269494,
            0.957527757
          ]
        },
        "Visible": false,
        "Name": "Tail_010_jnt"
      }
    },
    {
      "id": "RBX666E7BCD4C184FD4A6867F7B9A4083BD",
      "parent": "RBX4F6E663D96D2413AB6A2BA88628A3B1A",
      "class": "Bone",
      "name": "Tail_011_jnt",
      "properties": {
        "CFrame": {
          "position": [
            -0.27947998,
            -0.0537719727,
            0.0459594727
          ],
          "rotation": [
            0.866473854,
            -0.36449033,
            0.341130346,
            0.374891847,
            0.926309347,
            0.0375129208,
            -0.329665273,
            0.0953830108,
            0.939267278
          ]
        },
        "Visible": false,
        "Name": "Tail_011_jnt"
      }
    },
    {
      "id": "RBX9208F30652D948B59B74C14369F967E6",
      "parent": "RBX666E7BCD4C184FD4A6867F7B9A4083BD",
      "class": "Bone",
      "name": "Tail_012_jnt",
      "properties": {
        "CFrame": {
          "position": [
            -0.310974121,
            0.0495605469,
            0.143737793
          ],
          "rotation": [
            0.286633849,
            0.681556106,
            0.67329222,
            -0.154159293,
            0.726434588,
            -0.669722199,
            -0.945555985,
            0.0881707817,
            0.313288927
          ]
        },
        "Visible": false,
        "Name": "Tail_012_jnt"
      }
    },
    {
      "id": "RBX24ADC14CC71649DFB0778CFE7D8FDE10",
      "parent": "RBX12C9B0A5DD2649CFA2BFC85696118007",
      "class": "Bone",
      "name": "L_legA1_jnt",
      "properties": {
        "CFrame": {
          "position": [
            -0.4480896,
            0.0960083008,
            0.0155334473
          ],
          "rotation": [
            0.832196176,
            0.110944778,
            0.543268681,
            -0.134550303,
            0.990899682,
            0.00374971703,
            -0.537908733,
            -0.0762174651,
            0.839550555
          ]
        },
        "Visible": false,
        "Name": "L_legA1_jnt"
      }
    },
    {
      "id": "RBX6E406B93435C421588FAE79E18F71E8A",
      "parent": "RBX24ADC14CC71649DFB0778CFE7D8FDE10",
      "class": "Bone",
      "name": "L_legA2_jnt",
      "properties": {
        "CFrame": {
          "position": [
            -0.462585449,
            0.000122070312,
            0.0000152587891
          ],
          "rotation": [
            0.806529522,
            -0.0274149477,
            0.590557814,
            0.0101542315,
            0.999419272,
            0.0325274505,
            -0.591106594,
            -0.0202376898,
            0.806339502
          ]
        },
        "Visible": false,
        "Name": "L_legA2_jnt"
      }
    },
    {
      "id": "RBX27B1077167C94B20A9D8FBDC45119AC5",
      "parent": "RBX6E406B93435C421588FAE79E18F71E8A",
      "class": "Bone",
      "name": "L_legA3_jnt",
      "properties": {
        "CFrame": {
          "position": [
            -0.391540527,
            -0.000122070312,
            0.0000305175781
          ],
          "rotation": [
            0.862979412,
            0.0221552756,
            0.504753232,
            -0.0142044462,
            0.999707162,
            -0.0195950083,
            -0.505039454,
            0.00974034704,
            0.863041401
          ]
        },
        "Visible": false,
        "Name": "L_legA3_jnt"
      }
    },
    {
      "id": "RBX5D8BD79213714B6C976B46B82C68861F",
      "parent": "RBX12C9B0A5DD2649CFA2BFC85696118007",
      "class": "Bone",
      "name": "L_legB1_jnt",
      "properties": {
        "CFrame": {
          "position": [
            -0.411407471,
            0.206665039,
            0.0375671387
          ],
          "rotation": [
            0.543717325,
            0.798249543,
            0.259170413,
            -0.621820033,
            0.590551019,
            -0.514382601,
            -0.563658953,
            0.11852137,
            0.817460358
          ]
        },
        "Visible": false,
        "Name": "L_legB1_jnt"
      }
    },
    {
      "id": "RBX30D3EC0627A241B59DE22241C310F6B0",
      "parent": "RBX5D8BD79213714B6C976B46B82C68861F",
      "class": "Bone",
      "name": "L_legB2_jnt",
      "properties": {
        "CFrame": {
          "position": [
            -0.444549561,
            -0.000122070312,
            0.0000610351562
          ],
          "rotation": [
            0.811649501,
            0.00156625779,
            0.584142745,
            -0.00134082371,
            0.999998868,
            -0.000818253728,
            -0.584143221,
            -0.00011909716,
            0.811650693
          ]
        },
        "Visible": false,
        "Name": "L_legB2_jnt"
      }
    },
    {
      "id": "RBX2362965A77ED4A868C8191190F5CBE93",
      "parent": "RBX30D3EC0627A241B59DE22241C310F6B0",
      "class": "Bone",
      "name": "L_legB3_jnt",
      "properties": {
        "CFrame": {
          "position": [
            -0.384033203,
            0.000610351562,
            -0.000122070312
          ],
          "rotation": [
            0.853960812,
            -0.204421118,
            0.478500754,
            0.221882224,
            0.974858284,
            0.0204866752,
            -0.470658302,
            0.0886759907,
            0.877848148
          ]
        },
        "Visible": false,
        "Name": "L_legB3_jnt"
      }
    },
    {
      "id": "RBX8C0DC4190BF94DC2A4FD47CD49C97F05",
      "parent": "RBX12C9B0A5DD2649CFA2BFC85696118007",
      "class": "Bone",
      "name": "L_legC1_jnt",
      "properties": {
        "CFrame": {
          "position": [
            -0.321594238,
            0.251098633,
            0.0663452148
          ],
          "rotation": [
            0.355153203,
            0.924813449,
            0.136331677,
            -0.676063538,
            0.354825079,
            -0.645784259,
            -0.645603836,
            0.137183473,
            0.751249909
          ]
        },
        "Visible": false,
        "Name": "L_legC1_jnt"
      }
    },
    {
      "id": "RBX06375FDFFCF44891A350A4ADD117A70A",
      "parent": "RBX8C0DC4190BF94DC2A4FD47CD49C97F05",
      "class": "Bone",
      "name": "L_legC2_jnt",
      "properties": {
        "CFrame": {
          "position": [
            -0.434204102,
            -0.0000305175781,
            0
          ],
          "rotation": [
            0.829566419,
            0.121266916,
            0.545081556,
            -0.13719824,
            0.990476251,
            -0.0115522929,
            -0.541291237,
            -0.0652008355,
            0.838303447
          ]
        },
        "Visible": false,
        "Name": "L_legC2_jnt"
      }
    },
    {
      "id": "RBX5384408094AE41228C5989D87B54A752",
      "parent": "RBX06375FDFFCF44891A350A4ADD117A70A",
      "class": "Bone",
      "name": "L_legC3_jnt",
      "properties": {
        "CFrame": {
          "position": [
            -0.398513794,
            0.0000610351562,
            0
          ],
          "rotation": [
            0.851867676,
            0.198281288,
            0.484774262,
            -0.0160311833,
            0.935007989,
            -0.35426417,
            -0.523511767,
            0.294014663,
            0.799681723
          ]
        },
        "Visible": false,
        "Name": "L_legC3_jnt"
      }
    },
    {
      "id": "RBX71A7C945F8E740548B43B5E590D04214",
      "parent": "RBX12C9B0A5DD2649CFA2BFC85696118007",
      "class": "Bone",
      "name": "L_legD1_jnt",
      "properties": {
        "CFrame": {
          "position": [
            -0.20715332,
            0.258911133,
            0.081817627
          ],
          "rotation": [
            -0.0962633416,
            0.910389662,
            -0.402398109,
            -0.608781397,
            -0.373693615,
            -0.699813187,
            -0.787476122,
            0.177606106,
            0.590201318
          ]
        },
        "Visible": false,
        "Name": "L_legD1_jnt"
      }
    },
    {
      "id": "RBXE2551FD67A2741ADB398E1E638C4DB57",
      "parent": "RBX71A7C945F8E740548B43B5E590D04214",
      "class": "Bone",
      "name": "L_legD2_jnt",
      "properties": {
        "CFrame": {
          "position": [
            -0.438995361,
            0.0000457763672,
            0.0000610351562
          ],
          "rotation": [
            0.894871116,
            0.192714795,
            0.402575105,
            -0.204078808,
            0.97884053,
            -0.0149358734,
            -0.396935195,
            -0.0687913671,
            0.915265083
          ]
        },
        "Visible": false,
        "Name": "L_legD2_jnt"
      }
    },
    {
      "id": "RBXD2429448C4244AE18E12624ECF68238E",
      "parent": "RBXE2551FD67A2741ADB398E1E638C4DB57",
      "class": "Bone",
      "name": "L_legD3_jnt",
      "properties": {
        "CFrame": {
          "position": [
            -0.384048462,
            0.000106811523,
            0
          ],
          "rotation": [
            0.87966758,
            0.387080371,
            0.276321799,
            -0.400041074,
            0.916439891,
            -0.0102514997,
            -0.25720048,
            -0.10152217,
            0.961010516
          ]
        },
        "Visible": false,
        "Name": "L_legD3_jnt"
      }
    },
    {
      "id": "RBX41255F6D7EC7459F83442C6135E84DED",
      "parent": "RBX12C9B0A5DD2649CFA2BFC85696118007",
      "class": "Bone",
      "name": "R_legA1_jnt",
      "properties": {
        "CFrame": {
          "position": [
            -0.447998047,
            -0.0959472656,
            0.0155029297
          ],
          "rotation": [
            0.806056082,
            -0.318787903,
            0.4986462,
            0.37008211,
            0.928988993,
            -0.0043246299,
            -0.461858183,
            0.188025907,
            0.866794884
          ]
        },
        "Visible": false,
        "Name": "R_legA1_jnt"
      }
    },
    {
      "id": "RBX2CA9543709D743698F1F84E952B5B420",
      "parent": "RBX41255F6D7EC7459F83442C6135E84DED",
      "class": "Bone",
      "name": "R_legA2_jnt",
      "properties": {
        "CFrame": {
          "position": [
            -0.462585449,
            0,
            -0.0000152587891
          ],
          "rotation": [
            0.75244987,
            0.0300693139,
            0.657962859,
            -0.00326110353,
            0.999115288,
            -0.0419307761,
            -0.658641458,
            0.0294051208,
            0.751882195
          ]
        },
        "Visible": false,
        "Name": "R_legA2_jnt"
      }
    },
    {
      "id": "RBXA743D767A22743BEBB8BFDC831983CAD",
      "parent": "RBX2CA9543709D743698F1F84E952B5B420",
      "class": "Bone",
      "name": "R_legA3_jnt",
      "properties": {
        "CFrame": {
          "position": [
            -0.391540527,
            0,
            0
          ],
          "rotation": [
            0.862980783,
            -0.0222223289,
            0.504747808,
            0.014248115,
            0.999705434,
            0.0196532402,
            -0.505035758,
            -0.00976866484,
            0.863043189
          ]
        },
        "Visible": false,
        "Name": "R_legA3_jnt"
      }
    },
    {
      "id": "RBX58389A4FD6C84AC39F09178869202F2F",
      "parent": "RBX12C9B0A5DD2649CFA2BFC85696118007",
      "class": "Bone",
      "name": "R_legB1_jnt",
      "properties": {
        "CFrame": {
          "position": [
            -0.4112854,
            -0.206604004,
            0.0375976562
          ],
          "rotation": [
            0.568317771,
            -0.798456311,
            0.198702127,
            0.671813488,
            0.589719296,
            0.448216408,
            -0.475059628,
            -0.121238589,
            0.871561646
          ]
        },
        "Visible": false,
        "Name": "R_legB1_jnt"
      }
    },
    {
      "id": "RBXE5C4F3EF11CE4A9A85754AB7C713DB17",
      "parent": "RBX58389A4FD6C84AC39F09178869202F2F",
      "class": "Bone",
      "name": "R_legB2_jnt",
      "properties": {
        "CFrame": {
          "position": [
            -0.444641113,
            0.0000915527344,
            0.0000915527344
          ],
          "rotation": [
            0.734404266,
            -0.00152420532,
            0.678710699,
            0.0011971955,
            0.999998927,
            0.000950299145,
            -0.678711295,
            0.000114645656,
            0.734405339
          ]
        },
        "Visible": false,
        "Name": "R_legB2_jnt"
      }
    },
    {
      "id": "RBX1645A32D94DB4BC98C3D07D0DDA8A711",
      "parent": "RBXE5C4F3EF11CE4A9A85754AB7C713DB17",
      "class": "Bone",
      "name": "R_legB3_jnt",
      "properties": {
        "CFrame": {
          "position": [
            -0.384094238,
            -0.000518798828,
            0.0000610351562
          ],
          "rotation": [
            0.860838056,
            0.17313993,
            0.478518993,
            -0.186862305,
            0.982198,
            -0.0192249417,
            -0.473328978,
            -0.0728676021,
            0.877866745
          ]
        },
        "Visible": false,
        "Name": "R_legB3_jnt"
      }
    },
    {
      "id": "RBX3BD00D5F759F4C9A8F2C8BDF461AAFB6",
      "parent": "RBX12C9B0A5DD2649CFA2BFC85696118007",
      "class": "Bone",
      "name": "R_legC1_jnt",
      "properties": {
        "CFrame": {
          "position": [
            -0.321624756,
            -0.251037598,
            0.0661621094
          ],
          "rotation": [
            0.223322004,
            -0.970241845,
            -0.0935845003,
            0.680510938,
            0.0864517391,
            0.727620184,
            -0.69787699,
            -0.22617884,
            0.679566801
          ]
        },
        "Visible": false,
        "Name": "R_legC1_jnt"
      }
    },
    {
      "id": "RBXD81780E7995A4A32AB630AC391A0BEB8",
      "parent": "RBX3BD00D5F759F4C9A8F2C8BDF461AAFB6",
      "class": "Bone",
      "name": "R_legC2_jnt",
      "properties": {
        "CFrame": {
          "position": [
            -0.434204102,
            -0.0000305175781,
            -0.0000915527344
          ],
          "rotation": [
            0.870498657,
            -0.188780189,
            0.454526365,
            0.207014441,
            0.978288352,
            0.00984690338,
            -0.446516722,
            0.0855218023,
            0.890678883
          ]
        },
        "Visible": false,
        "Name": "R_legC2_jnt"
      }
    },
    {
      "id": "RBXC3043970DE6B4EDAA764A1ECDEAC4058",
      "parent": "RBXD81780E7995A4A32AB630AC391A0BEB8",
      "class": "Bone",
      "name": "R_legC3_jnt",
      "properties": {
        "CFrame": {
          "position": [
            -0.39855957,
            -0.0000457763672,
            -0.0000610351562
          ],
          "rotation": [
            0.851973355,
            -0.0297895279,
            0.522737026,
            0.0161114782,
            0.999399066,
            0.0306943469,
            -0.523337126,
            -0.0177287012,
            0.851941288
          ]
        },
        "Visible": false,
        "Name": "R_legC3_jnt"
      }
    },
    {
      "id": "RBX395AB3A204E7456EB90B005F2C2E8309",
      "parent": "RBX12C9B0A5DD2649CFA2BFC85696118007",
      "class": "Bone",
      "name": "R_legD1_jnt",
      "properties": {
        "CFrame": {
          "position": [
            -0.20715332,
            -0.258911133,
            0.081817627
          ],
          "rotation": [
            -0.149141833,
            -0.866180837,
            -0.476956517,
            0.572037339,
            -0.469021946,
            0.672897995,
            -0.806554377,
            -0.172479704,
            0.565438569
          ]
        },
        "Visible": false,
        "Name": "R_legD1_jnt"
      }
    },
    {
      "id": "RBX249263825D72469690B7BA3795CCEC12",
      "parent": "RBX395AB3A204E7456EB90B005F2C2E8309",
      "class": "Bone",
      "name": "R_legD2_jnt",
      "properties": {
        "CFrame": {
          "position": [
            -0.439086914,
            0.0000305175781,
            -0.0000305175781
          ],
          "rotation": [
            0.915167332,
            -0.0187960621,
            0.402635604,
            0.0138295889,
            0.999788225,
            0.0152388252,
            -0.4028368,
            -0.00837779045,
            0.915233433
          ]
        },
        "Visible": false,
        "Name": "R_legD2_jnt"
      }
    },
    {
      "id": "RBXB7BF8B044E0747FF93CAF947C89EC69E",
      "parent": "RBX249263825D72469690B7BA3795CCEC12",
      "class": "Bone",
      "name": "R_legD3_jnt",
      "properties": {
        "CFrame": {
          "position": [
            -0.383972168,
            -0.0000152587891,
            0.000122070312
          ],
          "rotation": [
            0.775492072,
            -0.0420120023,
            0.629957974,
            0.00163156143,
            0.997913659,
            0.064542532,
            -0.631355166,
            -0.0490244105,
            0.773942649
          ]
        },
        "Visible": false,
        "Name": "R_legD3_jnt"
      }
    },
    {
      "id": "RBX77F639A44D3A4D638C5DAA39352CE02C",
      "parent": "RBX12C9B0A5DD2649CFA2BFC85696118007",
      "class": "Bone",
      "name": "L_side_jnt",
      "properties": {
        "CFrame": {
          "position": [
            0.0457763672,
            0.247009277,
            0.0724487305
          ],
          "rotation": [
            -0.197644934,
            0.896289289,
            -0.396991253,
            -0.651943266,
            -0.422618717,
            -0.62957406,
            -0.732056379,
            0.134383619,
            0.667858243
          ]
        },
        "Visible": false,
        "Name": "L_side_jnt"
      }
    },
    {
      "id": "RBX1EF11199A44348159D91E14D09E260D7",
      "parent": "RBX12C9B0A5DD2649CFA2BFC85696118007",
      "class": "Bone",
      "name": "R_side1_jnt",
      "properties": {
        "CFrame": {
          "position": [
            0.0457763672,
            -0.246948242,
            0.0724182129
          ],
          "rotation": [
            -0.231491715,
            -0.896290004,
            -0.378253758,
            0.704332888,
            -0.422617435,
            0.57035929,
            -0.6710639,
            -0.134383112,
            0.729118943
          ]
        },
        "Visible": false,
        "Name": "R_side1_jnt"
      }
    }
  ]
}
