{
  "format": "overlay_json_v1",
  "kind": "morph_bundle",
  "version": 1,
  "asset_id": "morph_2516-bbc",
  "name": "BBC",
  "source_file": "2516-bbc.rbxmx",
  "anchor": "HumanoidRootPart",
  "anchor_candidates": [
    "HumanoidRootPart",
    "UpperTorso",
    "Torso",
    "Head"
  ],
  "jiggle": false,
  "root_cframe": {
    "position": [
      -7621.99316,
      30753.582,
      717.74231
    ],
    "rotation": [
      0,
      0,
      1,
      0,
      1,
      0,
      -1,
      0,
      0
    ]
  },
  "class_counts": {
    "Folder": 1,
    "Model": 3,
    "Part": 4,
    "UnionOperation": 12,
    "SpecialMesh": 1,
    "ParticleEmitter": 1,
    "Motor6D": 8
  },
  "nodes": [
    {
      "id": "RBXB4BA28F6AE694075A1C1058821993D20",
      "parent": null,
      "class": "Folder",
      "name": "BBC",
      "properties": {
        "Name": "BBC"
      }
    },
    {
      "id": "RBX203ABCF8ADC0446FAC4551F58339D1FD",
      "parent": "RBXB4BA28F6AE694075A1C1058821993D20",
      "class": "Model",
      "name": "Orbs",
      "properties": {
        "PrimaryPart": null,
        "Name": "Orbs"
      }
    },
    {
      "id": "RBXBAA893D20B4441B69AF2FA319CA9D3A2",
      "parent": "RBX203ABCF8ADC0446FAC4551F58339D1FD",
      "class": "Part",
      "name": "Middle",
      "properties": {
        "shape": 1,
        "Anchored": true,
        "CanCollide": false,
        "CanQuery": true,
        "CanTouch": true,
        "Color3uint8": [
          1,
          0,
          0
        ],
        "Massless": false,
        "Material": 256,
        "PivotOffset": {
          "position": [
            0,
            0,
            0
          ],
          "rotation": [
            1,
            0,
            0,
            0,
            1,
            0,
            0,
            0,
            1
          ]
        },
        "Reflectance": 0,
        "Transparency": 0,
        "size": [
          0.200000003,
          0.200000003,
          0.200000003
        ],
        "Name": "Middle",
        "LocalCFrame": {
          "position": [
            -0.000488,
            -0.8535,
            -0.5
          ],
          "rotation": [
            1,
            0,
            0,
            0,
            1,
            0,
            0,
            0,
            1
          ]
        }
      }
    },
    {
      "id": "RBX6F6D685DE5D34718ADA7C7CA35DC284B",
      "parent": "RBX203ABCF8ADC0446FAC4551F58339D1FD",
      "class": "UnionOperation",
      "name": "color5",
      "properties": {
        "UsePartColor": true,
        "Anchored": false,
        "CanCollide": true,
        "CanQuery": true,
        "CanTouch": true,
        "Color3uint8": [
          0.972549,
          0.972549,
          0.972549
        ],
        "Massless": false,
        "Material": 272,
        "PivotOffset": {
          "position": [
            0,
            0,
            0
          ],
          "rotation": [
            1,
            0,
            0,
            0,
            1,
            0,
            0,
            0,
            1
          ]
        },
        "Reflectance": 0,
        "Transparency": 0,
        "size": [
          0.934382975,
          0.48762092,
          0.819720864
        ],
        "Name": "color5",
        "LocalCFrame": {
          "position": [
            0.039551,
            -1.2558,
            -0.48731
          ],
          "rotation": [
            -0.342878,
            -0.001166,
            0.939379,
            -0.939379,
            0.001416,
            -0.342877,
            -0.00093,
            -0.999998,
            -0.001581
          ]
        }
      }
    },
    {
      "id": "RBXBCA0FC84D41B4F3495994514C87E6F68",
      "parent": "RBXB4BA28F6AE694075A1C1058821993D20",
      "class": "Model",
      "name": "LowerStaticA",
      "properties": {
        "PrimaryPart": "RBXB1A7969DE34F4CB3AC0BF10FA3138398",
        "Name": "LowerStaticA"
      }
    },
    {
      "id": "RBXB1A7969DE34F4CB3AC0BF10FA3138398",
      "parent": "RBXBCA0FC84D41B4F3495994514C87E6F68",
      "class": "Part",
      "name": "Middle",
      "properties": {
        "shape": 1,
        "Anchored": true,
        "CanCollide": false,
        "CanQuery": true,
        "CanTouch": true,
        "Color3uint8": [
          0.972549,
          0.972549,
          0.972549
        ],
        "Massless": false,
        "Material": 272,
        "PivotOffset": {
          "position": [
            0,
            0,
            0
          ],
          "rotation": [
            1,
            0,
            0,
            0,
            1,
            0,
            0,
            0,
            1
          ]
        },
        "Reflectance": 0,
        "Transparency": 0,
        "size": [
          2,
          2,
          1
        ],
        "Name": "Middle",
        "LocalCFrame": {
          "position": [
            0,
            0,
            0
          ],
          "rotation": [
            1,
            0,
            0,
            0,
            1,
            0,
            0,
            0,
            1
          ]
        }
      }
    },
    {
      "id": "RBX78011C399A9A43059A38D222B8347B5C",
      "parent": "RBXB1A7969DE34F4CB3AC0BF10FA3138398",
      "class": "SpecialMesh",
      "name": "Mesh",
      "properties": {
        "MeshType": 5,
        "MeshId": "rbxassetid://12221758",
        "TextureId": null,
        "Offset": [
          0,
          0,
          0
        ],
        "Scale": [
          1,
          1,
          1
        ],
        "VertexColor": [
          1,
          1,
          1
        ],
        "Name": "Mesh"
      }
    },
    {
      "id": "RBX4F1E62BF1C65439E8A8715AD8189AE27",
      "parent": "RBXB4BA28F6AE694075A1C1058821993D20",
      "class": "Model",
      "name": "Rod",
      "properties": {
        "PrimaryPart": null,
        "Name": "Rod"
      }
    },
    {
      "id": "RBX42D882423D3B495CABF03AEB2BFA7F71",
      "parent": "RBX4F1E62BF1C65439E8A8715AD8189AE27",
      "class": "Part",
      "name": "Middle",
      "properties": {
        "shape": 1,
        "Anchored": true,
        "CanCollide": false,
        "CanQuery": true,
        "CanTouch": true,
        "Color3uint8": [
          1,
          0,
          0
        ],
        "Massless": false,
        "Material": 256,
        "PivotOffset": {
          "position": [
            0,
            0,
            0
          ],
          "rotation": [
            1,
            0,
            0,
            0,
            1,
            0,
            0,
            0,
            1
          ]
        },
        "Reflectance": 0,
        "Transparency": 0,
        "size": [
          0.20137006,
          0.20137006,
          0.20137006
        ],
        "Name": "Middle",
        "LocalCFrame": {
          "position": [
            0.002442,
            -0.8222,
            -0.51416
          ],
          "rotation": [
            1,
            0,
            0,
            0,
            1,
            0.000038,
            -0.000005,
            -0.000038,
            1
          ]
        }
      }
    },
    {
      "id": "RBX742F46E55DB84E10817D32A5B79E4A94",
      "parent": "RBX4F1E62BF1C65439E8A8715AD8189AE27",
      "class": "Part",
      "name": "Particle1",
      "properties": {
        "shape": 1,
        "Anchored": true,
        "CanCollide": true,
        "CanQuery": true,
        "CanTouch": true,
        "Color3uint8": [
          1,
          0.580392,
          0.580392
        ],
        "Massless": false,
        "Material": 272,
        "PivotOffset": {
          "position": [
            0,
            0,
            0
          ],
          "rotation": [
            1,
            0,
            0,
            0,
            1,
            0,
            0,
            0,
            1
          ]
        },
        "Reflectance": 0,
        "Transparency": 0,
        "size": [
          0.155455127,
          0.155455127,
          0.155455127
        ],
        "Name": "Particle1",
        "LocalCFrame": {
          "position": [
            0.007752,
            -0.457,
            -1.86573
          ],
          "rotation": [
            -0.999751,
            0.022197,
            0.002303,
            0.00367,
            0.265327,
            -0.964152,
            -0.022007,
            -0.963903,
            -0.265343
          ]
        }
      }
    },
    {
      "id": "RBXDA1B2BD579B7497594887B5144ED50F8",
      "parent": "RBX742F46E55DB84E10817D32A5B79E4A94",
      "class": "ParticleEmitter",
      "name": "Particles",
      "properties": {
        "Acceleration": [
          0,
          -15,
          0
        ],
        "Color": "0 1 1 1 0 1 1 1 1 0",
        "Drag": 0,
        "Enabled": false,
        "Lifetime": [
          1,
          1.5
        ],
        "LightEmission": 0,
        "LightInfluence": 1,
        "LockedToPart": false,
        "Rate": 25,
        "RotSpeed": [
          0,
          0
        ],
        "Rotation": [
          90,
          90
        ],
        "Size": "0 0.08 0 0.8 0.08 0 1 0 0",
        "Speed": [
          4,
          6
        ],
        "SpreadAngle": [
          10,
          10
        ],
        "Texture": "rbxassetid://3202767053",
        "TimeScale": 1,
        "Transparency": "0 0 0 0.9 0 0 1 1 0",
        "VelocityInheritance": 0,
        "ZOffset": 0,
        "Name": "Particles"
      }
    },
    {
      "id": "RBXA55EFC52681047E6BBA199A74F6DE3D0",
      "parent": "RBX4F1E62BF1C65439E8A8715AD8189AE27",
      "class": "UnionOperation",
      "name": "color5",
      "properties": {
        "UsePartColor": true,
        "Anchored": false,
        "CanCollide": true,
        "CanQuery": true,
        "CanTouch": true,
        "Color3uint8": [
          0.972549,
          0.972549,
          0.972549
        ],
        "Massless": false,
        "Material": 272,
        "PivotOffset": {
          "position": [
            0,
            0,
            0
          ],
          "rotation": [
            1,
            0,
            0,
            0,
            1,
            0,
            0,
            0,
            1
          ]
        },
        "Reflectance": 0,
        "Transparency": 0,
        "size": [
          0.0672404617,
          0.74760133,
          0.094783783
        ],
        "Name": "color5",
        "LocalCFrame": {
          "position": [
            -0.127441,
            -0.955,
            -0.76172
          ],
          "rotation": [
            0.666572,
            -0.173829,
            -0.72489,
            -0.719341,
            0.10507,
            -0.686666,
            0.195523,
            0.979156,
            -0.055002
          ]
        }
      }
    },
    {
      "id": "RBX49D1ECD284C748819273A9F1C3B1B8AA",
      "parent": "RBX4F1E62BF1C65439E8A8715AD8189AE27",
      "class": "UnionOperation",
      "name": "color5",
      "properties": {
        "UsePartColor": true,
        "Anchored": false,
        "CanCollide": true,
        "CanQuery": true,
        "CanTouch": true,
        "Color3uint8": [
          0.972549,
          0.972549,
          0.972549
        ],
        "Massless": false,
        "Material": 272,
        "PivotOffset": {
          "position": [
            0,
            0,
            0
          ],
          "rotation": [
            1,
            0,
            0,
            0,
            1,
            0,
            0,
            0,
            1
          ]
        },
        "Reflectance": 0,
        "Transparency": 0,
        "size": [
          0.101011865,
          0.4268713,
          0.0498303063
        ],
        "Name": "color5",
        "LocalCFrame": {
          "position": [
            0.055664,
            -0.5351,
            -1.60401
          ],
          "rotation": [
            0.999438,
            -0.018992,
            -0.027642,
            -0.022939,
            0.214141,
            -0.976534,
            0.02446,
            0.976618,
            0.213585
          ]
        }
      }
    },
    {
      "id": "RBX1686A96E587B4CD1A82249B2225AA1DB",
      "parent": "RBX4F1E62BF1C65439E8A8715AD8189AE27",
      "class": "UnionOperation",
      "name": "color5",
      "properties": {
        "UsePartColor": true,
        "Anchored": false,
        "CanCollide": true,
        "CanQuery": true,
        "CanTouch": true,
        "Color3uint8": [
          0.972549,
          0.972549,
          0.972549
        ],
        "Massless": false,
        "Material": 272,
        "PivotOffset": {
          "position": [
            0,
            0,
            0
          ],
          "rotation": [
            1,
            0,
            0,
            0,
            1,
            0,
            0,
            0,
            1
          ]
        },
        "Reflectance": 0,
        "Transparency": 0,
        "size": [
          0.193128511,
          0.958393097,
          0.129691765
        ],
        "Name": "color5",
        "LocalCFrame": {
          "position": [
            0.063904,
            -0.6425,
            -0.75977
          ],
          "rotation": [
            0.922327,
            -0.267771,
            0.278588,
            0.267695,
            -0.077145,
            -0.960411,
            0.278656,
            0.960391,
            0.000527
          ]
        }
      }
    },
    {
      "id": "RBX90B446F8C53A43C9BBFB1287519B46FE",
      "parent": "RBX4F1E62BF1C65439E8A8715AD8189AE27",
      "class": "UnionOperation",
      "name": "color5",
      "properties": {
        "UsePartColor": true,
        "Anchored": false,
        "CanCollide": true,
        "CanQuery": true,
        "CanTouch": true,
        "Color3uint8": [
          0.972549,
          0.972549,
          0.972549
        ],
        "Massless": false,
        "Material": 272,
        "PivotOffset": {
          "position": [
            0,
            0,
            0
          ],
          "rotation": [
            1,
            0,
            0,
            0,
            1,
            0,
            0,
            0,
            1
          ]
        },
        "Reflectance": 0,
        "Transparency": 0,
        "size": [
          0.159674957,
          0.414373487,
          0.159429312
        ],
        "Name": "color5",
        "LocalCFrame": {
          "position": [
            0.210144,
            -0.6933,
            -1.50196
          ],
          "rotation": [
            0.303835,
            -0.314184,
            -0.899429,
            -0.838377,
            0.360271,
            -0.409058,
            0.452557,
            0.878347,
            -0.153942
          ]
        }
      }
    },
    {
      "id": "RBXA767844B1C2841A995E47155A5CD28CD",
      "parent": "RBX4F1E62BF1C65439E8A8715AD8189AE27",
      "class": "UnionOperation",
      "name": "color5",
      "properties": {
        "UsePartColor": true,
        "Anchored": false,
        "CanCollide": true,
        "CanQuery": true,
        "CanTouch": true,
        "Color3uint8": [
          0.972549,
          0.972549,
          0.972549
        ],
        "Massless": false,
        "Material": 272,
        "PivotOffset": {
          "position": [
            0,
            0,
            0
          ],
          "rotation": [
            1,
            0,
            0,
            0,
            1,
            0,
            0,
            0,
            1
          ]
        },
        "Reflectance": 0,
        "Transparency": 0,
        "size": [
          0.231794223,
          0.372422874,
          0.230792791
        ],
        "Name": "color5",
        "LocalCFrame": {
          "position": [
            0.197205,
            -0.7539,
            -1.31543
          ],
          "rotation": [
            0.017919,
            0.249478,
            -0.968215,
            -0.466685,
            0.858499,
            0.21257,
            0.884243,
            0.448041,
            0.131816
          ]
        }
      }
    },
    {
      "id": "RBX048C8C1937C444A2858B0F4ABEEFB870",
      "parent": "RBX4F1E62BF1C65439E8A8715AD8189AE27",
      "class": "UnionOperation",
      "name": "color5",
      "properties": {
        "UsePartColor": true,
        "Anchored": false,
        "CanCollide": true,
        "CanQuery": true,
        "CanTouch": true,
        "Color3uint8": [
          0.972549,
          0.972549,
          0.972549
        ],
        "Massless": false,
        "Material": 272,
        "PivotOffset": {
          "position": [
            0,
            0,
            0
          ],
          "rotation": [
            1,
            0,
            0,
            0,
            1,
            0,
            0,
            0,
            1
          ]
        },
        "Reflectance": 0,
        "Transparency": 0,
        "size": [
          0.209427893,
          0.871791184,
          0.223462313
        ],
        "Name": "color5",
        "LocalCFrame": {
          "position": [
            -0.135803,
            -0.9668,
            -0.91944
          ],
          "rotation": [
            0.685659,
            0.463744,
            0.561081,
            0.687675,
            -0.159912,
            -0.70819,
            -0.238699,
            0.871416,
            -0.428553
          ]
        }
      }
    },
    {
      "id": "RBX3E3508385A844F6A9BA9AAA8DEA5F659",
      "parent": "RBX4F1E62BF1C65439E8A8715AD8189AE27",
      "class": "UnionOperation",
      "name": "color5",
      "properties": {
        "UsePartColor": true,
        "Anchored": false,
        "CanCollide": true,
        "CanQuery": true,
        "CanTouch": true,
        "Color3uint8": [
          0.972549,
          0.972549,
          0.972549
        ],
        "Massless": false,
        "Material": 272,
        "PivotOffset": {
          "position": [
            0,
            0,
            0
          ],
          "rotation": [
            1,
            0,
            0,
            0,
            1,
            0,
            0,
            0,
            1
          ]
        },
        "Reflectance": 0,
        "Transparency": 0,
        "size": [
          0.09340287,
          0.336072564,
          0.297804117
        ],
        "Name": "color5",
        "LocalCFrame": {
          "position": [
            -0.191223,
            -0.8359,
            -1.61866
          ],
          "rotation": [
            0.964944,
            0.185562,
            0.185607,
            0.245322,
            -0.88903,
            -0.386579,
            0.093276,
            0.418561,
            -0.903386
          ]
        }
      }
    },
    {
      "id": "RBXD7DD82AEF0E940DEB5AE64C51E8B7656",
      "parent": "RBX4F1E62BF1C65439E8A8715AD8189AE27",
      "class": "UnionOperation",
      "name": "color5",
      "properties": {
        "UsePartColor": true,
        "Anchored": false,
        "CanCollide": true,
        "CanQuery": true,
        "CanTouch": true,
        "Color3uint8": [
          0.972549,
          0.972549,
          0.972549
        ],
        "Massless": false,
        "Material": 272,
        "PivotOffset": {
          "position": [
            0,
            0,
            0
          ],
          "rotation": [
            1,
            0,
            0,
            0,
            1,
            0,
            0,
            0,
            1
          ]
        },
        "Reflectance": 0,
        "Transparency": 0,
        "size": [
          0.157960832,
          0.723692298,
          0.23527348
        ],
        "Name": "color5",
        "LocalCFrame": {
          "position": [
            -0.179443,
            -0.8593,
            -1.48096
          ],
          "rotation": [
            0.94893,
            -0.0343,
            0.313616,
            0.3153,
            0.068887,
            -0.946489,
            0.010856,
            0.997035,
            0.076182
          ]
        }
      }
    },
    {
      "id": "RBX8C6ACC91CBE14F61B92D67357B14C46A",
      "parent": "RBX4F1E62BF1C65439E8A8715AD8189AE27",
      "class": "UnionOperation",
      "name": "color1",
      "properties": {
        "UsePartColor": true,
        "Anchored": false,
        "CanCollide": true,
        "CanQuery": true,
        "CanTouch": true,
        "Color3uint8": [
          0.972549,
          0.972549,
          0.972549
        ],
        "Massless": false,
        "Material": 272,
        "PivotOffset": {
          "position": [
            0,
            0,
            0
          ],
          "rotation": [
            1,
            0,
            0,
            0,
            1,
            0,
            0,
            0,
            1
          ]
        },
        "Reflectance": 0,
        "Transparency": 0,
        "size": [
          0.444578707,
          0.463351339,
          0.338040709
        ],
        "Name": "color1",
        "LocalCFrame": {
          "position": [
            0.011292,
            -0.4531,
            -1.89356
          ],
          "rotation": [
            -1,
            -0.000008,
            -0.000055,
            -0.000052,
            0.490331,
            0.871537,
            0.000026,
            0.871537,
            -0.490331
          ]
        }
      }
    },
    {
      "id": "RBX5FEB29D3EAA14F4E96EB381731DD49D1",
      "parent": "RBX4F1E62BF1C65439E8A8715AD8189AE27",
      "class": "UnionOperation",
      "name": "color5",
      "properties": {
        "UsePartColor": true,
        "Anchored": false,
        "CanCollide": true,
        "CanQuery": true,
        "CanTouch": true,
        "Color3uint8": [
          0.972549,
          0.972549,
          0.972549
        ],
        "Massless": false,
        "Material": 272,
        "PivotOffset": {
          "position": [
            0,
            0,
            0
          ],
          "rotation": [
            1,
            0,
            0,
            0,
            1,
            0,
            0,
            0,
            1
          ]
        },
        "Reflectance": 0,
        "Transparency": 0,
        "size": [
          0.239110559,
          1.65540743,
          0.673674107
        ],
        "Name": "color5",
        "LocalCFrame": {
          "position": [
            0.005494,
            -0.8222,
            -1.2544
          ],
          "rotation": [
            -1,
            0.000041,
            -0.000033,
            -0.000049,
            -0.476723,
            0.879054,
            0.000026,
            0.879054,
            0.476723
          ]
        }
      }
    },
    {
      "id": "RBX98E5D49B2E144A06979B2F653DC5AF2C",
      "parent": "RBX4F1E62BF1C65439E8A8715AD8189AE27",
      "class": "UnionOperation",
      "name": "color5",
      "properties": {
        "UsePartColor": true,
        "Anchored": false,
        "CanCollide": true,
        "CanQuery": true,
        "CanTouch": true,
        "Color3uint8": [
          0.972549,
          0.972549,
          0.972549
        ],
        "Massless": false,
        "Material": 272,
        "PivotOffset": {
          "position": [
            0,
            0,
            0
          ],
          "rotation": [
            1,
            0,
            0,
            0,
            1,
            0,
            0,
            0,
            1
          ]
        },
        "Reflectance": 0,
        "Transparency": 0,
        "size": [
          0.564713299,
          1.92810857,
          0.60895431
        ],
        "Name": "color5",
        "LocalCFrame": {
          "position": [
            0.005372,
            -0.8086,
            -1.13086
          ],
          "rotation": [
            -1,
            0.000031,
            -0.000044,
            -0.00005,
            -0.207794,
            0.978173,
            0.000027,
            0.978173,
            0.207794
          ]
        }
      }
    },
    {
      "id": "RBX3FD265F7A8E642E485443C3FC952FDB3",
      "parent": "RBX98E5D49B2E144A06979B2F653DC5AF2C",
      "class": "Motor6D",
      "name": "urethra",
      "properties": {
        "C0": {
          "position": [
            -0.000150749649,
            -0.117961615,
            -0.0386496186
          ],
          "rotation": [
            1,
            0.00000136332346,
            -3.03055458e-7,
            -0.00000122116944,
            0.95892626,
            0.283655882,
            6.73657382e-7,
            -0.283655852,
            0.95892626
          ]
        },
        "C1": {
          "position": [
            0,
            0,
            0
          ],
          "rotation": [
            1,
            0,
            0,
            0,
            1,
            0,
            0,
            0,
            1
          ]
        },
        "Enabled": true,
        "Part0": "RBX98E5D49B2E144A06979B2F653DC5AF2C",
        "Part1": "RBX5FEB29D3EAA14F4E96EB381731DD49D1",
        "Name": "urethra"
      }
    },
    {
      "id": "RBXD8165E5681AD43838BD2F5E9B25F2ECE",
      "parent": "RBX98E5D49B2E144A06979B2F653DC5AF2C",
      "class": "Motor6D",
      "name": "tip",
      "properties": {
        "C0": {
          "position": [
            -0.0059357672,
            -0.820115805,
            0.190118879
          ],
          "rotation": [
            1,
            0.00000207558151,
            9.18792466e-7,
            -9.50723916e-7,
            0.75062573,
            -0.660727739,
            -0.00000206473169,
            0.66072768,
            0.75062573
          ]
        },
        "C1": {
          "position": [
            0,
            0,
            0
          ],
          "rotation": [
            1,
            0,
            0,
            0,
            1,
            0,
            0,
            0,
            1
          ]
        },
        "Enabled": true,
        "Part0": "RBX98E5D49B2E144A06979B2F653DC5AF2C",
        "Part1": "RBX8C6ACC91CBE14F61B92D67357B14C46A",
        "Name": "tip"
      }
    },
    {
      "id": "RBX0BE25E33F64B4CFEBF43B857601239CA",
      "parent": "RBX98E5D49B2E144A06979B2F653DC5AF2C",
      "class": "Motor6D",
      "name": "Union",
      "properties": {
        "C0": {
          "position": [
            -0.204812229,
            -0.387238175,
            0.0362823829
          ],
          "rotation": [
            -0.303783685,
            0.31418559,
            0.899445951,
            0.616900623,
            0.784308553,
            -0.0656115264,
            -0.726053238,
            0.534935832,
            -0.432079792
          ]
        },
        "C1": {
          "position": [
            0,
            0,
            0
          ],
          "rotation": [
            1,
            0,
            0,
            0,
            1,
            0,
            0,
            0,
            1
          ]
        },
        "Enabled": true,
        "Part0": "RBX98E5D49B2E144A06979B2F653DC5AF2C",
        "Part1": "RBX90B446F8C53A43C9BBFB1287519B46FE",
        "Name": "Union"
      }
    },
    {
      "id": "RBX18085D066FFC4FC997613B86AF032164",
      "parent": "RBX98E5D49B2E144A06979B2F653DC5AF2C",
      "class": "Motor6D",
      "name": "Union",
      "properties": {
        "C0": {
          "position": [
            0.184819087,
            -0.331913054,
            -0.122704335
          ],
          "rotation": [
            -0.948945522,
            0.0343185924,
            -0.313567549,
            -0.0548634455,
            0.960956752,
            0.271205038,
            0.310632259,
            0.27456221,
            -0.910012782
          ]
        },
        "C1": {
          "position": [
            0,
            0,
            0
          ],
          "rotation": [
            1,
            0,
            0,
            0,
            1,
            0,
            0,
            0,
            1
          ]
        },
        "Enabled": true,
        "Part0": "RBX98E5D49B2E144A06979B2F653DC5AF2C",
        "Part1": "RBXD7DD82AEF0E940DEB5AE64C51E8B7656",
        "Name": "Union"
      }
    },
    {
      "id": "RBX4D90A3A2EDF3496E9B50EA3056A299C0",
      "parent": "RBX98E5D49B2E144A06979B2F653DC5AF2C",
      "class": "Motor6D",
      "name": "Union",
      "properties": {
        "C0": {
          "position": [
            0.141214743,
            0.239767328,
            -0.110757418
          ],
          "rotation": [
            -0.685698569,
            -0.46371761,
            -0.561055541,
            -0.376358211,
            0.885640562,
            -0.272020817,
            0.623034537,
            0.0246336069,
            -0.781806469
          ]
        },
        "C1": {
          "position": [
            0,
            0,
            0
          ],
          "rotation": [
            1,
            0,
            0,
            0,
            1,
            0,
            0,
            0,
            1
          ]
        },
        "Enabled": true,
        "Part0": "RBX98E5D49B2E144A06979B2F653DC5AF2C",
        "Part1": "RBX048C8C1937C444A2858B0F4ABEEFB870",
        "Name": "Union"
      }
    },
    {
      "id": "RBX796580BD0B5747328B568EB84143FA7C",
      "parent": "RBX98E5D49B2E144A06979B2F653DC5AF2C",
      "class": "Motor6D",
      "name": "Union",
      "properties": {
        "C0": {
          "position": [
            -0.191847801,
            -0.192092732,
            0.0160147976
          ],
          "rotation": [
            -0.0178767499,
            -0.24951078,
            0.968206942,
            0.961916268,
            0.259879798,
            0.0847326368,
            -0.27275908,
            0.93284893,
            0.235362619
          ]
        },
        "C1": {
          "position": [
            0,
            0,
            0
          ],
          "rotation": [
            1,
            0,
            0,
            0,
            1,
            0,
            0,
            0,
            1
          ]
        },
        "Enabled": true,
        "Part0": "RBX98E5D49B2E144A06979B2F653DC5AF2C",
        "Part1": "RBXA767844B1C2841A995E47155A5CD28CD",
        "Name": "Union"
      }
    },
    {
      "id": "RBXC2843537FAB64B8892E726D487E309B2",
      "parent": "RBX98E5D49B2E144A06979B2F653DC5AF2C",
      "class": "Motor6D",
      "name": "Union",
      "properties": {
        "C0": {
          "position": [
            -0.0585097075,
            0.328332722,
            0.239867404
          ],
          "rotation": [
            -0.922334492,
            0.267795175,
            -0.278540492,
            0.216982558,
            0.955448329,
            0.200092822,
            0.319714934,
            0.124114089,
            -0.93934989
          ]
        },
        "C1": {
          "position": [
            0,
            0,
            0
          ],
          "rotation": [
            1,
            0,
            0,
            0,
            1,
            0,
            0,
            0,
            1
          ]
        },
        "Enabled": true,
        "Part0": "RBX98E5D49B2E144A06979B2F653DC5AF2C",
        "Part1": "RBX1686A96E587B4CD1A82249B2225AA1DB",
        "Name": "Union"
      }
    },
    {
      "id": "RBXAC433098CEE442178F34C5740FFFDE40",
      "parent": "RBX98E5D49B2E144A06979B2F653DC5AF2C",
      "class": "Motor6D",
      "name": "Union",
      "properties": {
        "C0": {
          "position": [
            0.196577579,
            -0.471695662,
            -0.127200902
          ],
          "rotation": [
            -0.964953959,
            -0.185506433,
            -0.185611039,
            0.040298935,
            0.594166815,
            -0.803338349,
            0.259307563,
            -0.782660186,
            -0.565866709
          ]
        },
        "C1": {
          "position": [
            0,
            0,
            0
          ],
          "rotation": [
            1,
            0,
            0,
            0,
            1,
            0,
            0,
            0,
            1
          ]
        },
        "Enabled": true,
        "Part0": "RBX98E5D49B2E144A06979B2F653DC5AF2C",
        "Part1": "RBX3E3508385A844F6A9BA9AAA8DEA5F659",
        "Name": "Union"
      }
    }
  ]
}
