{
  "format": "overlay_json_v1",
  "kind": "morph_bundle",
  "version": 1,
  "asset_id": "morph_1231-jiggle-fishnet",
  "name": "Jiggle FIshnet",
  "source_file": "1231-jiggle-fishnet.rbxmx",
  "anchor": "LowerTorso",
  "anchor_candidates": [
    "LowerTorso",
    "Torso",
    "HumanoidRootPart",
    "UpperTorso"
  ],
  "jiggle": true,
  "root_cframe": {
    "position": [
      -7572.14551,
      456.451782,
      -7882.32471
    ],
    "rotation": [
      -0.0150230108,
      0.86595124,
      0.499902993,
      -2.72729417e-9,
      -0.499959618,
      0.866048872,
      0.999887407,
      0.0130106593,
      0.00751089631
    ]
  },
  "class_counts": {
    "Folder": 1,
    "Model": 3,
    "MeshPart": 3,
    "Part": 3,
    "SpecialMesh": 3,
    "Weld": 6,
    "Decal": 6,
    "Bone": 32,
    "Texture": 12
  },
  "nodes": [
    {
      "id": "RBXF89B6DE13E154EE48AD93B0E970C53B4",
      "parent": null,
      "class": "Folder",
      "name": "Jiggle FIshnet",
      "properties": {
        "Name": "Jiggle FIshnet"
      }
    },
    {
      "id": "RBX895C402BBDB94DA0B29811E4D4099302",
      "parent": "RBXF89B6DE13E154EE48AD93B0E970C53B4",
      "class": "Model",
      "name": "LowerStatic",
      "properties": {
        "PrimaryPart": "RBXAF9E3CBE9E934881BD4DC948EE753937",
        "Name": "LowerStatic"
      }
    },
    {
      "id": "RBXA875CD6D952F4D78B349069253E8CED3",
      "parent": "RBX895C402BBDB94DA0B29811E4D4099302",
      "class": "MeshPart",
      "name": "color5",
      "properties": {
        "HasSkinnedMesh": true,
        "MeshId": "rbxassetid://16243955924",
        "RenderFidelity": 1,
        "TextureID": null,
        "Anchored": false,
        "CanCollide": false,
        "CanQuery": true,
        "CanTouch": true,
        "Color3uint8": [
          1,
          1,
          0.8
        ],
        "Massless": false,
        "Material": 272,
        "PivotOffset": {
          "position": [
            0,
            0.000324690307,
            0
          ],
          "rotation": [
            1,
            0,
            0,
            0,
            0,
            -1,
            0,
            1,
            0
          ]
        },
        "Reflectance": 0,
        "Transparency": 0,
        "size": [
          0.549407721,
          0.399054527,
          0.549407721
        ],
        "Name": "color5",
        "LocalCFrame": {
          "position": [
            0,
            0,
            0
          ],
          "rotation": [
            1.000001,
            0,
            0,
            0,
            1,
            0,
            0,
            0,
            1
          ]
        }
      }
    },
    {
      "id": "RBXAF9E3CBE9E934881BD4DC948EE753937",
      "parent": "RBX895C402BBDB94DA0B29811E4D4099302",
      "class": "Part",
      "name": "Middle",
      "properties": {
        "shape": 1,
        "Anchored": false,
        "CanCollide": false,
        "CanQuery": true,
        "CanTouch": true,
        "Color3uint8": [
          0.972549,
          0.972549,
          0.972549
        ],
        "Massless": false,
        "Material": 272,
        "PivotOffset": {
          "position": [
            0,
            0,
            0
          ],
          "rotation": [
            1,
            0,
            0,
            0,
            1,
            0,
            0,
            0,
            1
          ]
        },
        "Reflectance": 0,
        "Transparency": 1,
        "size": [
          2,
          2,
          1
        ],
        "Name": "Middle",
        "LocalCFrame": {
          "position": [
            0.000027,
            -0.932985,
            0.507537
          ],
          "rotation": [
            -1.000001,
            0,
            0,
            0,
            -0.49996,
            0.866049,
            0,
            0.866049,
            0.499959
          ]
        }
      }
    },
    {
      "id": "RBX467317DA918A4DD9AA82F6E1EBC1D043",
      "parent": "RBXAF9E3CBE9E934881BD4DC948EE753937",
      "class": "SpecialMesh",
      "name": "Mesh",
      "properties": {
        "MeshType": 5,
        "MeshId": "rbxassetid://12221758",
        "TextureId": null,
        "Offset": [
          0,
          0,
          0
        ],
        "Scale": [
          1,
          1,
          1
        ],
        "VertexColor": [
          1,
          1,
          1
        ],
        "Name": "Mesh"
      }
    },
    {
      "id": "RBX6303F8074CDB4D99BC6DF534E1035F76",
      "parent": "RBXAF9E3CBE9E934881BD4DC948EE753937",
      "class": "Weld",
      "name": "Weld",
      "properties": {
        "C0": {
          "position": [
            0,
            0,
            0
          ],
          "rotation": [
            -1,
            0,
            0,
            0,
            1,
            0,
            0,
            0,
            -1
          ]
        },
        "C1": {
          "position": [
            0,
            0,
            0
          ],
          "rotation": [
            -1,
            0,
            0,
            0,
            1,
            0,
            0,
            0,
            -1
          ]
        },
        "Enabled": true,
        "Part0": "RBXAF9E3CBE9E934881BD4DC948EE753937",
        "Part1": "RBXAF9E3CBE9E934881BD4DC948EE753937",
        "Name": "Weld"
      }
    },
    {
      "id": "RBX6D3E5F53A6994587BA5DCFF12C510B06",
      "parent": "RBXAF9E3CBE9E934881BD4DC948EE753937",
      "class": "Weld",
      "name": "Weld",
      "properties": {
        "C0": {
          "position": [
            0,
            0,
            0
          ],
          "rotation": [
            -1,
            0,
            0,
            0,
            1,
            0,
            0,
            0,
            -1
          ]
        },
        "C1": {
          "position": [
            0.000149726868,
            -0.932811737,
            0.507636786
          ],
          "rotation": [
            1,
            0,
            0,
            0,
            -0.499959469,
            -0.866048813,
            0,
            0.866048813,
            -0.499959469
          ]
        },
        "Enabled": true,
        "Part0": "RBXAF9E3CBE9E934881BD4DC948EE753937",
        "Part1": "RBXA875CD6D952F4D78B349069253E8CED3",
        "Name": "Weld"
      }
    },
    {
      "id": "RBX338FAAA9BDA04454BB63152A9BD53460",
      "parent": "RBXF89B6DE13E154EE48AD93B0E970C53B4",
      "class": "Model",
      "name": "LowerR",
      "properties": {
        "PrimaryPart": null,
        "Name": "LowerR"
      }
    },
    {
      "id": "RBXF680A0A1CB0D459F864D4821DAC19C1D",
      "parent": "RBX338FAAA9BDA04454BB63152A9BD53460",
      "class": "Part",
      "name": "Middle",
      "properties": {
        "shape": 1,
        "Anchored": false,
        "CanCollide": false,
        "CanQuery": true,
        "CanTouch": true,
        "Color3uint8": [
          1,
          0,
          0
        ],
        "Massless": false,
        "Material": 272,
        "PivotOffset": {
          "position": [
            0,
            0,
            0
          ],
          "rotation": [
            1,
            0,
            0,
            0,
            1,
            0,
            0,
            0,
            1
          ]
        },
        "Reflectance": 0,
        "Transparency": 1,
        "size": [
          0.200000003,
          0.200000003,
          0.200000003
        ],
        "Name": "Middle",
        "LocalCFrame": {
          "position": [
            -0.250186,
            0.000225,
            -0.108507
          ],
          "rotation": [
            -1.000001,
            0,
            0.00006,
            0.000052,
            -0.49996,
            0.866049,
            0.00003,
            0.866049,
            0.499959
          ]
        }
      }
    },
    {
      "id": "RBX12C2DE74492847A0837995ACB532FFA3",
      "parent": "RBXF680A0A1CB0D459F864D4821DAC19C1D",
      "class": "SpecialMesh",
      "name": "Mesh",
      "properties": {
        "MeshType": 6,
        "MeshId": null,
        "TextureId": null,
        "Offset": [
          0,
          0,
          0
        ],
        "Scale": [
          0,
          0,
          0
        ],
        "VertexColor": [
          1,
          1,
          1
        ],
        "Name": "Mesh"
      }
    },
    {
      "id": "RBXDB5C30B397844B58977A43BC6035EB4B",
      "parent": "RBXF680A0A1CB0D459F864D4821DAC19C1D",
      "class": "Weld",
      "name": "Weld",
      "properties": {
        "C0": {
          "position": [
            0,
            0,
            0
          ],
          "rotation": [
            -1,
            0,
            0,
            0,
            1,
            0,
            0,
            0,
            -1
          ]
        },
        "C1": {
          "position": [
            0.351209372,
            0.153847679,
            0.0965059698
          ],
          "rotation": [
            0.965931654,
            -0.249973103,
            -0.0670033991,
            0.258797228,
            0.933025956,
            0.249973103,
            0.000029373914,
            -0.258797228,
            0.965931654
          ]
        },
        "Enabled": true,
        "Part0": "RBXF680A0A1CB0D459F864D4821DAC19C1D",
        "Part1": "RBX8F415EB78ECD48578A84630257622DBD",
        "Name": "Weld"
      }
    },
    {
      "id": "RBXF96C90B130B94F59BDAF1EE63BF398B8",
      "parent": "RBXF680A0A1CB0D459F864D4821DAC19C1D",
      "class": "Weld",
      "name": "Weld",
      "properties": {
        "C0": {
          "position": [
            0,
            0,
            0
          ],
          "rotation": [
            -1,
            0,
            0,
            0,
            1,
            0,
            0,
            0,
            -1
          ]
        },
        "C1": {
          "position": [
            0,
            0,
            0
          ],
          "rotation": [
            -1,
            0,
            0,
            0,
            1,
            0,
            0,
            0,
            -1
          ]
        },
        "Enabled": true,
        "Part0": "RBXF680A0A1CB0D459F864D4821DAC19C1D",
        "Part1": "RBXF680A0A1CB0D459F864D4821DAC19C1D",
        "Name": "Weld"
      }
    },
    {
      "id": "RBX8F415EB78ECD48578A84630257622DBD",
      "parent": "RBX338FAAA9BDA04454BB63152A9BD53460",
      "class": "MeshPart",
      "name": "color5",
      "properties": {
        "HasSkinnedMesh": true,
        "MeshId": "rbxassetid://17837346792",
        "RenderFidelity": 0,
        "TextureID": null,
        "Anchored": false,
        "CanCollide": false,
        "CanQuery": true,
        "CanTouch": true,
        "Color3uint8": [
          1,
          1,
          0.8
        ],
        "Massless": false,
        "Material": 272,
        "PivotOffset": {
          "position": [
            0.033725027,
            -0.00257904967,
            -8.27560243e-8
          ],
          "rotation": [
            1,
            0,
            0,
            0,
            0,
            -1,
            0,
            1,
            0
          ]
        },
        "Reflectance": 0,
        "Transparency": 0,
        "size": [
          1.51859665,
          1.56548464,
          1.51094139
        ],
        "Name": "color5",
        "LocalCFrame": {
          "position": [
            -0.629293,
            0.109213,
            -0.08111
          ],
          "rotation": [
            0.965936,
            0.258782,
            -0.000029,
            0.182954,
            -0.682978,
            -0.707156,
            -0.183019,
            0.683062,
            -0.707058
          ]
        }
      }
    },
    {
      "id": "RBX2E623776F89842458208CDB85C1C2341",
      "parent": "RBX8F415EB78ECD48578A84630257622DBD",
      "class": "Decal",
      "name": "Decal",
      "properties": {
        "Color3": [
          1,
          1,
          1
        ],
        "Texture": "rbxassetid://14291172105",
        "Transparency": 0.699999988,
        "Face": 5,
        "Name": "Decal"
      }
    },
    {
      "id": "RBX2582ACF0ABA54B2FB78231791F1E1464",
      "parent": "RBX8F415EB78ECD48578A84630257622DBD",
      "class": "Decal",
      "name": "Decal",
      "properties": {
        "Color3": [
          1,
          1,
          1
        ],
        "Texture": "rbxassetid://14291172105",
        "Transparency": 0.699999988,
        "Face": 5,
        "Name": "Decal"
      }
    },
    {
      "id": "RBX9D29FE1334704EF986419266A3BC18C0",
      "parent": "RBX8F415EB78ECD48578A84630257622DBD",
      "class": "Decal",
      "name": "Decal",
      "properties": {
        "Color3": [
          1,
          1,
          1
        ],
        "Texture": "rbxassetid://7317286674",
        "Transparency": 0.649999976,
        "Face": 5,
        "Name": "Decal"
      }
    },
    {
      "id": "RBX3E64A12C8D0D4E0CAC917F14CD7247C4",
      "parent": "RBX8F415EB78ECD48578A84630257622DBD",
      "class": "Bone",
      "name": "Bone",
      "properties": {
        "CFrame": {
          "position": [
            0.033725027,
            0.828424156,
            -8.27560314e-8
          ],
          "rotation": [
            -1,
            0,
            0,
            0,
            -1,
            0,
            0,
            0,
            1
          ]
        },
        "Visible": false,
        "Name": "Bone"
      }
    },
    {
      "id": "RBX45C9283EA5D0457BB64C962BD9CD07D2",
      "parent": "RBX3E64A12C8D0D4E0CAC917F14CD7247C4",
      "class": "Bone",
      "name": "Bone.005",
      "properties": {
        "CFrame": {
          "position": [
            -0.0411376953,
            0.881774902,
            -0.0134887695
          ],
          "rotation": [
            0.998612881,
            -0.0526539199,
            -0.000185102705,
            -0.000183135242,
            -0.00698864181,
            0.999975681,
            -0.0526539274,
            -0.998588383,
            -0.00698859058
          ]
        },
        "Visible": false,
        "Name": "Bone.005"
      }
    },
    {
      "id": "RBX423FDBE07E5A437E816211C1BF0C424C",
      "parent": "RBX45C9283EA5D0457BB64C962BD9CD07D2",
      "class": "Bone",
      "name": "Bone.005_Tail",
      "properties": {
        "CFrame": {
          "position": [
            -0.0374755859,
            0.87713623,
            -0.0908813477
          ],
          "rotation": [
            0.999655306,
            -0.0262446553,
            -0.000722408062,
            0.0261878874,
            0.994777501,
            0.0986503065,
            -0.00187040796,
            -0.0986352116,
            0.995121896
          ]
        },
        "Visible": false,
        "Name": "Bone.005_Tail"
      }
    },
    {
      "id": "RBX6218F44E9F8F487EB81876E732DA255D",
      "parent": "RBX423FDBE07E5A437E816211C1BF0C424C",
      "class": "Bone",
      "name": "Bone.005_Tail_Tail",
      "properties": {
        "CFrame": {
          "position": [
            0,
            0.8828125,
            0.0000610351562
          ],
          "rotation": [
            1,
            -5.96046448e-8,
            1.49011665e-8,
            5.96046448e-8,
            1,
            -8.19563866e-8,
            -1.49011612e-8,
            8.19563866e-8,
            1
          ]
        },
        "Visible": false,
        "Name": "Bone.005_Tail_Tail"
      }
    },
    {
      "id": "RBX95041FC9B3844ED3871736F6EE3EE551",
      "parent": "RBX3E64A12C8D0D4E0CAC917F14CD7247C4",
      "class": "Bone",
      "name": "Bone.004",
      "properties": {
        "CFrame": {
          "position": [
            -0.0411376953,
            0.881774902,
            -0.0134887695
          ],
          "rotation": [
            0.998246312,
            -0.0591969714,
            0.000254444341,
            -0.000252380851,
            -0.00855404045,
            -0.999963462,
            0.0591969788,
            0.998209715,
            -0.00855397992
          ]
        },
        "Visible": false,
        "Name": "Bone.004"
      }
    },
    {
      "id": "RBX72A3E278194D498F8E8F1FB7BC4E5CF2",
      "parent": "RBX95041FC9B3844ED3871736F6EE3EE551",
      "class": "Bone",
      "name": "Bone.004_Tail",
      "properties": {
        "CFrame": {
          "position": [
            -0.0494384766,
            0.878479004,
            0.071472168
          ],
          "rotation": [
            0.998787045,
            -0.0492131002,
            0.00161438948,
            0.0491899997,
            0.995774329,
            -0.0775498897,
            0.00220890297,
            0.0775352344,
            0.996987283
          ]
        },
        "Visible": false,
        "Name": "Bone.004_Tail"
      }
    },
    {
      "id": "RBXD8D43F2526B64456853E6787328A40C6",
      "parent": "RBX72A3E278194D498F8E8F1FB7BC4E5CF2",
      "class": "Bone",
      "name": "Bone.004_Tail_Tail",
      "properties": {
        "CFrame": {
          "position": [
            0,
            0.8828125,
            0
          ],
          "rotation": [
            1,
            5.96046448e-8,
            -1.49011665e-8,
            -5.96046448e-8,
            1,
            -8.19563866e-8,
            1.49011612e-8,
            8.19563866e-8,
            1
          ]
        },
        "Visible": false,
        "Name": "Bone.004_Tail_Tail"
      }
    },
    {
      "id": "RBXD05D44DD4BA841A9A3F1ED4A87C99B0A",
      "parent": "RBX3E64A12C8D0D4E0CAC917F14CD7247C4",
      "class": "Bone",
      "name": "Bone.003",
      "properties": {
        "CFrame": {
          "position": [
            -0.0411376953,
            0.881774902,
            -0.0134887695
          ],
          "rotation": [
            -0.00870658271,
            -0.999782562,
            -0.0189518034,
            0.999962151,
            -0.00870658178,
            -0.0000825785319,
            -0.0000824448434,
            -0.0189518034,
            0.99982053
          ]
        },
        "Visible": false,
        "Name": "Bone.003"
      }
    },
    {
      "id": "RBX7563317444EC434EA99E55B9875A30DA",
      "parent": "RBXD05D44DD4BA841A9A3F1ED4A87C99B0A",
      "class": "Bone",
      "name": "Bone.003_Tail",
      "properties": {
        "CFrame": {
          "position": [
            -0.11932373,
            0.873657227,
            -0.0443115234
          ],
          "rotation": [
            0.99206084,
            -0.125711739,
            -0.00345019461,
            0.125722095,
            0.990730464,
            0.0514497496,
            -0.00304962462,
            -0.0514750443,
            0.998669684
          ]
        },
        "Visible": false,
        "Name": "Bone.003_Tail"
      }
    },
    {
      "id": "RBX0E5C6452218745CF97E62806CE5B4AB7",
      "parent": "RBX7563317444EC434EA99E55B9875A30DA",
      "class": "Bone",
      "name": "Bone.003_Tail_Tail",
      "properties": {
        "CFrame": {
          "position": [
            -0.0000610351562,
            0.8828125,
            0.0000610351562
          ],
          "rotation": [
            1,
            -2.98023171e-8,
            8.19563795e-8,
            2.98023188e-8,
            1,
            -2.98023224e-8,
            -8.19563795e-8,
            2.98023259e-8,
            1
          ]
        },
        "Visible": false,
        "Name": "Bone.003_Tail_Tail"
      }
    },
    {
      "id": "RBXE3430F70FA2F4FD0A1975410F60CD700",
      "parent": "RBX3E64A12C8D0D4E0CAC917F14CD7247C4",
      "class": "Bone",
      "name": "Bone.002",
      "properties": {
        "CFrame": {
          "position": [
            -0.0411376953,
            0.881774902,
            -0.0134887695
          ],
          "rotation": [
            -0.00678175548,
            0.99981904,
            0.0177768599,
            -0.999977052,
            -0.00678176945,
            -0.0000595167221,
            0.000061052604,
            -0.0177768543,
            0.999842107
          ]
        },
        "Visible": false,
        "Name": "Bone.002"
      }
    },
    {
      "id": "RBXF8B06ACF08EC42C9BD851895AAF45A8F",
      "parent": "RBXE3430F70FA2F4FD0A1975410F60CD700",
      "class": "Bone",
      "name": "Bone.002_Tail",
      "properties": {
        "CFrame": {
          "position": [
            0.0427246094,
            0.881225586,
            -0.026550293
          ],
          "rotation": [
            0.998830318,
            0.0483500808,
            0.000649345922,
            -0.0483542494,
            0.998774529,
            0.0105501516,
            -0.000138449439,
            -0.0105692083,
            0.99994421
          ]
        },
        "Visible": false,
        "Name": "Bone.002_Tail"
      }
    },
    {
      "id": "RBX36C7DFA642A44034A26A72F3F95076A8",
      "parent": "RBXF8B06ACF08EC42C9BD851895AAF45A8F",
      "class": "Bone",
      "name": "Bone.002_Tail_Tail",
      "properties": {
        "CFrame": {
          "position": [
            -0.0000610351562,
            0.883300781,
            0.000122070312
          ],
          "rotation": [
            1,
            -2.98023171e-8,
            -8.19563795e-8,
            2.98023188e-8,
            1,
            2.98023224e-8,
            8.19563795e-8,
            -2.98023259e-8,
            1
          ]
        },
        "Visible": false,
        "Name": "Bone.002_Tail_Tail"
      }
    },
    {
      "id": "RBX30FA5123A09A44C8917F83D34D5D815E",
      "parent": "RBX3E64A12C8D0D4E0CAC917F14CD7247C4",
      "class": "Bone",
      "name": "Bone.001",
      "properties": {
        "CFrame": {
          "position": [
            -0.0411376953,
            0.881774902,
            -0.0134887695
          ],
          "rotation": [
            0.998658538,
            -0.0517787859,
            -0.000391021167,
            0.0517787822,
            0.998544395,
            0.0151055418,
            -0.00039169463,
            -0.0151055241,
            0.999885917
          ]
        },
        "Visible": false,
        "Name": "Bone.001"
      }
    },
    {
      "id": "RBX5CCD77632F1746FE8F00A9526AF066C7",
      "parent": "RBX30FA5123A09A44C8917F83D34D5D815E",
      "class": "Bone",
      "name": "Bone.001_Tail",
      "properties": {
        "CFrame": {
          "position": [
            -0.00329589844,
            0.882873535,
            -0.000915527344
          ],
          "rotation": [
            0.999943972,
            -0.0105843293,
            -0.0000144045825,
            0.0105843209,
            0.999938965,
            0.00318789016,
            -0.0000193379747,
            -0.00318786409,
            0.999994993
          ]
        },
        "Visible": false,
        "Name": "Bone.001_Tail"
      }
    },
    {
      "id": "RBXD89167213C8249B2913C8955296AA2D0",
      "parent": "RBX5CCD77632F1746FE8F00A9526AF066C7",
      "class": "Bone",
      "name": "Bone.001_Tail_Tail",
      "properties": {
        "CFrame": {
          "position": [
            0,
            0.882873535,
            0
          ],
          "rotation": [
            1,
            1.49011594e-8,
            2.98023224e-8,
            -1.49011612e-8,
            1,
            7.07805086e-8,
            -2.98023224e-8,
            -7.07805086e-8,
            1
          ]
        },
        "Visible": false,
        "Name": "Bone.001_Tail_Tail"
      }
    },
    {
      "id": "RBX5964790E39E740C3B078F6B462640B9C",
      "parent": "RBX8F415EB78ECD48578A84630257622DBD",
      "class": "Texture",
      "name": "Texture",
      "properties": {
        "StudsPerTileU": 0.956897676,
        "StudsPerTileV": 0.956897676,
        "Color3": [
          0,
          0,
          0
        ],
        "Texture": "rbxassetid://6186697968",
        "Transparency": 0,
        "Face": 0,
        "Name": "Texture"
      }
    },
    {
      "id": "RBX0D09181240C141889B164A150EDD48FF",
      "parent": "RBX8F415EB78ECD48578A84630257622DBD",
      "class": "Texture",
      "name": "Texture",
      "properties": {
        "StudsPerTileU": 0.956897676,
        "StudsPerTileV": 0.956897676,
        "Color3": [
          0,
          0,
          0
        ],
        "Texture": "rbxassetid://6186697968",
        "Transparency": 0,
        "Face": 1,
        "Name": "Texture"
      }
    },
    {
      "id": "RBX3B318DAEFA2B45A88AF121D7304C3B32",
      "parent": "RBX8F415EB78ECD48578A84630257622DBD",
      "class": "Texture",
      "name": "Texture",
      "properties": {
        "StudsPerTileU": 0.956897676,
        "StudsPerTileV": 0.956897676,
        "Color3": [
          0,
          0,
          0
        ],
        "Texture": "rbxassetid://6186697968",
        "Transparency": 0,
        "Face": 3,
        "Name": "Texture"
      }
    },
    {
      "id": "RBX412B86093A2541E68EB44237E3F05D2F",
      "parent": "RBX8F415EB78ECD48578A84630257622DBD",
      "class": "Texture",
      "name": "Texture",
      "properties": {
        "StudsPerTileU": 0.956897676,
        "StudsPerTileV": 0.956897676,
        "Color3": [
          0,
          0,
          0
        ],
        "Texture": "rbxassetid://6186697968",
        "Transparency": 0,
        "Face": 2,
        "Name": "Texture"
      }
    },
    {
      "id": "RBX4D8A3EC9BAD94153A0094C2D2D8DB8E1",
      "parent": "RBX8F415EB78ECD48578A84630257622DBD",
      "class": "Texture",
      "name": "Texture",
      "properties": {
        "StudsPerTileU": 0.956897676,
        "StudsPerTileV": 0.956897676,
        "Color3": [
          0,
          0,
          0
        ],
        "Texture": "rbxassetid://6186697968",
        "Transparency": 0,
        "Face": 5,
        "Name": "Texture"
      }
    },
    {
      "id": "RBXA4FBD9D934BC41398126725DE73A1FBB",
      "parent": "RBX8F415EB78ECD48578A84630257622DBD",
      "class": "Texture",
      "name": "Texture",
      "properties": {
        "StudsPerTileU": 0.956897676,
        "StudsPerTileV": 0.956897676,
        "Color3": [
          0,
          0,
          0
        ],
        "Texture": "rbxassetid://6186697968",
        "Transparency": 0,
        "Face": 4,
        "Name": "Texture"
      }
    },
    {
      "id": "RBXAD04185543214F2793BF5B3D32BAB667",
      "parent": "RBXF89B6DE13E154EE48AD93B0E970C53B4",
      "class": "Model",
      "name": "LowerL",
      "properties": {
        "PrimaryPart": null,
        "Name": "LowerL"
      }
    },
    {
      "id": "RBX8EA7B343E4C044F698F7F7F5331AA370",
      "parent": "RBXAD04185543214F2793BF5B3D32BAB667",
      "class": "MeshPart",
      "name": "color5",
      "properties": {
        "HasSkinnedMesh": true,
        "MeshId": "rbxassetid://17837346792",
        "RenderFidelity": 0,
        "TextureID": null,
        "Anchored": false,
        "CanCollide": false,
        "CanQuery": true,
        "CanTouch": true,
        "Color3uint8": [
          1,
          1,
          0.8
        ],
        "Massless": false,
        "Material": 272,
        "PivotOffset": {
          "position": [
            0.033725027,
            -0.00257904967,
            -8.27560243e-8
          ],
          "rotation": [
            1,
            0,
            0,
            0,
            0,
            -1,
            0,
            1,
            0
          ]
        },
        "Reflectance": 0,
        "Transparency": 0,
        "size": [
          1.51859665,
          1.56548464,
          1.51094139
        ],
        "Name": "color5",
        "LocalCFrame": {
          "position": [
            0.628662,
            0.10909,
            -0.081181
          ],
          "rotation": [
            -0.965954,
            -0.258716,
            -0.000285,
            0.182732,
            -0.683037,
            0.707156,
            -0.183147,
            0.683028,
            0.707058
          ]
        }
      }
    },
    {
      "id": "RBXCF1682BBA0934863BB8B39277D04EBED",
      "parent": "RBX8EA7B343E4C044F698F7F7F5331AA370",
      "class": "Decal",
      "name": "Decal",
      "properties": {
        "Color3": [
          1,
          1,
          1
        ],
        "Texture": "rbxassetid://108952090830499",
        "Transparency": 0.0500000007,
        "Face": 2,
        "Name": "Decal"
      }
    },
    {
      "id": "RBXA3BCDD295DEA45AA80BC3A55839B120E",
      "parent": "RBX8EA7B343E4C044F698F7F7F5331AA370",
      "class": "Decal",
      "name": "Decal",
      "properties": {
        "Color3": [
          1,
          1,
          1
        ],
        "Texture": "rbxassetid://7317286674",
        "Transparency": 0.5,
        "Face": 2,
        "Name": "Decal"
      }
    },
    {
      "id": "RBX238E05F0DF2F49888884ABC1ED1F96C5",
      "parent": "RBX8EA7B343E4C044F698F7F7F5331AA370",
      "class": "Bone",
      "name": "Bone",
      "properties": {
        "CFrame": {
          "position": [
            0.033725027,
            0.828424156,
            -8.27560314e-8
          ],
          "rotation": [
            -1,
            0,
            0,
            0,
            -1,
            0,
            0,
            0,
            1
          ]
        },
        "Visible": false,
        "Name": "Bone"
      }
    },
    {
      "id": "RBXE317E77067CE4122992FFA40F4149CC7",
      "parent": "RBX238E05F0DF2F49888884ABC1ED1F96C5",
      "class": "Bone",
      "name": "Bone.005",
      "properties": {
        "CFrame": {
          "position": [
            0.0328369141,
            0.882141113,
            0.0139770508
          ],
          "rotation": [
            0.998859465,
            0.0477452762,
            -0.000460802636,
            -0.000458478753,
            0.0192411337,
            0.999814868,
            0.0477452949,
            -0.998674273,
            0.0192410778
          ]
        },
        "Visible": false,
        "Name": "Bone.005"
      }
    },
    {
      "id": "RBX0DBA78E1A25C455A94D0AB1511D20DA1",
      "parent": "RBXE317E77067CE4122992FFA40F4149CC7",
      "class": "Bone",
      "name": "Bone.005_Tail",
      "properties": {
        "CFrame": {
          "position": [
            0.0798339844,
            0.875549316,
            -0.0545959473
          ],
          "rotation": [
            0.997674942,
            0.0681321248,
            0.00169762876,
            -0.0681015924,
            0.995639145,
            0.0637567565,
            0.00265365746,
            -0.0637241229,
            0.997964144
          ]
        },
        "Visible": false,
        "Name": "Bone.005_Tail"
      }
    },
    {
      "id": "RBXF3161CA45EA5400D833E48B380D244C2",
      "parent": "RBX0DBA78E1A25C455A94D0AB1511D20DA1",
      "class": "Bone",
      "name": "Bone.005_Tail_Tail",
      "properties": {
        "CFrame": {
          "position": [
            0,
            0.883026123,
            -0.0000610351562
          ],
          "rotation": [
            1,
            -2.98023224e-8,
            2.98023153e-8,
            2.98023188e-8,
            1,
            1.04308093e-7,
            -2.98023188e-8,
            -1.04308093e-7,
            1
          ]
        },
        "Visible": false,
        "Name": "Bone.005_Tail_Tail"
      }
    },
    {
      "id": "RBXCEAF443AB19C4BB599A6CCBA33BD0237",
      "parent": "RBX238E05F0DF2F49888884ABC1ED1F96C5",
      "class": "Bone",
      "name": "Bone.004",
      "properties": {
        "CFrame": {
          "position": [
            0.0328369141,
            0.882141113,
            0.0139770508
          ],
          "rotation": [
            0.998818398,
            0.0485973135,
            0.000470672298,
            -0.000468760612,
            0.0193177573,
            -0.999813378,
            -0.0485973321,
            0.998631656,
            0.0193177108
          ]
        },
        "Visible": false,
        "Name": "Bone.004"
      }
    },
    {
      "id": "RBX9879E4C9EF904482B56E55AF02C99FF2",
      "parent": "RBXCEAF443AB19C4BB599A6CCBA33BD0237",
      "class": "Bone",
      "name": "Bone.004_Tail",
      "properties": {
        "CFrame": {
          "position": [
            0.0805664062,
            0.877258301,
            0.0845947266
          ],
          "rotation": [
            0.995994985,
            0.0893169418,
            -0.00406466052,
            -0.0892994478,
            0.991488039,
            -0.0947475284,
            -0.00443249801,
            0.0947310328,
            0.995493054
          ]
        },
        "Visible": false,
        "Name": "Bone.004_Tail"
      }
    },
    {
      "id": "RBX74604A7BD8A74C7F88D43CF8E19DAAAD",
      "parent": "RBX9879E4C9EF904482B56E55AF02C99FF2",
      "class": "Bone",
      "name": "Bone.004_Tail_Tail",
      "properties": {
        "CFrame": {
          "position": [
            0,
            0.882720947,
            -0.0000610351562
          ],
          "rotation": [
            1,
            2.98023224e-8,
            -2.98023153e-8,
            -2.98023188e-8,
            1,
            1.04308093e-7,
            2.98023188e-8,
            -1.04308093e-7,
            1
          ]
        },
        "Visible": false,
        "Name": "Bone.004_Tail_Tail"
      }
    },
    {
      "id": "RBXBDD045B79E214C11809068F17DCC2435",
      "parent": "RBX238E05F0DF2F49888884ABC1ED1F96C5",
      "class": "Bone",
      "name": "Bone.003",
      "properties": {
        "CFrame": {
          "position": [
            0.0328369141,
            0.882141113,
            0.0139770508
          ],
          "rotation": [
            0.0191311818,
            -0.999559879,
            0.0226758104,
            0.999817014,
            0.0191311799,
            -0.0002170386,
            -0.000216871937,
            0.0226758122,
            0.999742925
          ]
        },
        "Visible": false,
        "Name": "Bone.003"
      }
    },
    {
      "id": "RBX5A623DEC88494700B2C1AC6C9ACDBCE7",
      "parent": "RBXBDD045B79E214C11809068F17DCC2435",
      "class": "Bone",
      "name": "Bone.003_Tail",
      "properties": {
        "CFrame": {
          "position": [
            -0.0297241211,
            0.879272461,
            0.0591430664
          ],
          "rotation": [
            0.99966836,
            -0.0257328916,
            0.00102464668,
            0.0257419553,
            0.997257471,
            -0.0693899393,
            0.000763767108,
            0.0693932995,
            0.997589111
          ]
        },
        "Visible": false,
        "Name": "Bone.003_Tail"
      }
    },
    {
      "id": "RBX66768FA90B134E86A79473E4316090BA",
      "parent": "RBX5A623DEC88494700B2C1AC6C9ACDBCE7",
      "class": "Bone",
      "name": "Bone.003_Tail_Tail",
      "properties": {
        "CFrame": {
          "position": [
            0,
            0.883300781,
            -0.0000610351562
          ],
          "rotation": [
            1,
            -2.98023206e-8,
            -1.04308114e-7,
            2.98023188e-8,
            1,
            -1.49011576e-8,
            1.04308114e-7,
            1.4901155e-8,
            1
          ]
        },
        "Visible": false,
        "Name": "Bone.003_Tail_Tail"
      }
    },
    {
      "id": "RBX7029C01B07B1496491A8E0E877CC1165",
      "parent": "RBX238E05F0DF2F49888884ABC1ED1F96C5",
      "class": "Bone",
      "name": "Bone.002",
      "properties": {
        "CFrame": {
          "position": [
            0.0328369141,
            0.882141113,
            0.0139770508
          ],
          "rotation": [
            0.0195508879,
            0.999658465,
            -0.0173435081,
            -0.999808848,
            0.0195508711,
            -0.000170532992,
            0.000168605926,
            0.0173435267,
            0.999849617
          ]
        },
        "Visible": false,
        "Name": "Bone.002"
      }
    },
    {
      "id": "RBXC7FC3DC000AC469394B3DF8A1AE8E026",
      "parent": "RBX7029C01B07B1496491A8E0E877CC1165",
      "class": "Bone",
      "name": "Bone.002_Tail",
      "properties": {
        "CFrame": {
          "position": [
            0.10144043,
            0.878173828,
            0.0346069336
          ],
          "rotation": [
            0.993619978,
            0.112768114,
            -0.00166459591,
            -0.112778068,
            0.993395984,
            -0.021106774,
            -0.000726568396,
            0.0211598407,
            0.999775887
          ]
        },
        "Visible": false,
        "Name": "Bone.002_Tail"
      }
    },
    {
      "id": "RBX686F56BF7B484B7EBEEF023CD8FDE314",
      "parent": "RBXC7FC3DC000AC469394B3DF8A1AE8E026",
      "class": "Bone",
      "name": "Bone.002_Tail_Tail",
      "properties": {
        "CFrame": {
          "position": [
            -0.0000610351562,
            0.883056641,
            0.0000305175781
          ],
          "rotation": [
            1,
            -2.98023206e-8,
            1.04308114e-7,
            2.98023188e-8,
            1,
            1.49011576e-8,
            -1.04308114e-7,
            -1.4901155e-8,
            1
          ]
        },
        "Visible": false,
        "Name": "Bone.002_Tail_Tail"
      }
    },
    {
      "id": "RBXB727BA6BE622485C8D86143CEEE6F6A3",
      "parent": "RBX238E05F0DF2F49888884ABC1ED1F96C5",
      "class": "Bone",
      "name": "Bone.001",
      "properties": {
        "CFrame": {
          "position": [
            0.0328369141,
            0.882141113,
            0.0139160156
          ],
          "rotation": [
            0.999041677,
            0.0437686183,
            -0.00034360736,
            -0.0437686294,
            0.998918831,
            -0.0156681743,
            -0.000342538464,
            0.0156681966,
            0.999877214
          ]
        },
        "Visible": false,
        "Name": "Bone.001"
      }
    },
    {
      "id": "RBX38E77C601CEC4407BCB022EF9589EA62",
      "parent": "RBXB727BA6BE622485C8D86143CEEE6F6A3",
      "class": "Bone",
      "name": "Bone.001_Tail",
      "properties": {
        "CFrame": {
          "position": [
            0.00244140625,
            0.882873535,
            0.000793457031
          ],
          "rotation": [
            0.999862909,
            0.0165639035,
            -0.0000954643765,
            -0.0165640954,
            0.999859571,
            -0.00255079032,
            0.0000531999212,
            0.00255202153,
            0.999996841
          ]
        },
        "Visible": false,
        "Name": "Bone.001_Tail"
      }
    },
    {
      "id": "RBX4336BC3047144F98A15C12ECADFE1410",
      "parent": "RBX38E77C601CEC4407BCB022EF9589EA62",
      "class": "Bone",
      "name": "Bone.001_Tail_Tail",
      "properties": {
        "CFrame": {
          "position": [
            0,
            0.882751465,
            -0.0000915527344
          ],
          "rotation": [
            1,
            2.98023188e-8,
            -2.66453462e-15,
            -2.98023188e-8,
            1,
            -8.9406953e-8,
            0,
            8.9406953e-8,
            1
          ]
        },
        "Visible": false,
        "Name": "Bone.001_Tail_Tail"
      }
    },
    {
      "id": "RBX7A93814911A94B3FB7376B1A712CF219",
      "parent": "RBX8EA7B343E4C044F698F7F7F5331AA370",
      "class": "Texture",
      "name": "Texture",
      "properties": {
        "StudsPerTileU": 0.956897676,
        "StudsPerTileV": 0.956897676,
        "Color3": [
          0,
          0,
          0
        ],
        "Texture": "rbxassetid://6186697968",
        "Transparency": 0,
        "Face": 0,
        "Name": "Texture"
      }
    },
    {
      "id": "RBXD16659EF05F54C9BA27AC26337838BAA",
      "parent": "RBX8EA7B343E4C044F698F7F7F5331AA370",
      "class": "Texture",
      "name": "Texture",
      "properties": {
