{
  "format": "overlay_json_v1",
  "kind": "morph_bundle",
  "version": 1,
  "asset_id": "morph_2393-tz-jiggle",
  "name": "TZ jiggle",
  "source_file": "2393-tz-jiggle.rbxmx",
  "anchor": "Head",
  "anchor_candidates": [
    "Head",
    "UpperTorso",
    "Torso",
    "HumanoidRootPart"
  ],
  "jiggle": true,
  "root_cframe": {
    "position": [
      446.703766,
      3.42916131,
      243.711868
    ],
    "rotation": [
      1,
      -1.8189894e-11,
      0.0000212430714,
      1.8189894e-11,
      1,
      1.6653348e-16,
      -0.0000212430714,
      1.54561993e-16,
      1
    ]
  },
  "class_counts": {
    "Folder": 1,
    "Model": 2,
    "Part": 4,
    "ParticleEmitter": 1,
    "MeshPart": 2,
    "Bone": 7,
    "SurfaceAppearance": 1
  },
  "nodes": [
    {
      "id": "RBX41B943BAA43B4338859B9435FA6E05E7",
      "parent": null,
      "class": "Folder",
      "name": "TZ jiggle",
      "properties": {
        "Name": "TZ jiggle"
      }
    },
    {
      "id": "RBXA99106656ADA477F9308A6054567C6CD",
      "parent": "RBX41B943BAA43B4338859B9435FA6E05E7",
      "class": "Model",
      "name": "Rod",
      "properties": {
        "PrimaryPart": null,
        "Name": "Rod"
      }
    },
    {
      "id": "RBX7040A32FC68648C5BC0238AC2413623D",
      "parent": "RBXA99106656ADA477F9308A6054567C6CD",
      "class": "Part",
      "name": "Middle",
      "properties": {
        "shape": 1,
        "Anchored": true,
        "CanCollide": false,
        "CanQuery": true,
        "CanTouch": true,
        "Color3uint8": [
          1,
          0,
          0
        ],
        "Massless": false,
        "Material": 256,
        "PivotOffset": {
          "position": [
            0,
            0,
            0
          ],
          "rotation": [
            1,
            0,
            0,
            0,
            1,
            0,
            0,
            0,
            1
          ]
        },
        "Reflectance": 0,
        "Transparency": 1,
        "size": [
          0.174721137,
          0.174721137,
          0.125441998
        ],
        "Name": "Middle",
        "LocalCFrame": {
          "position": [
            0,
            0,
            0
          ],
          "rotation": [
            1,
            0,
            0,
            0,
            1,
            0,
            0,
            0,
            1
          ]
        }
      }
    },
    {
      "id": "RBX6B8534CB9B2F43F38E7995FBF86E89C6",
      "parent": "RBXA99106656ADA477F9308A6054567C6CD",
      "class": "Part",
      "name": "Particle1",
      "properties": {
        "shape": 1,
        "Anchored": true,
        "CanCollide": true,
        "CanQuery": true,
        "CanTouch": true,
        "Color3uint8": [
          1,
          0.580392,
          0.580392
        ],
        "Massless": false,
        "Material": 272,
        "PivotOffset": {
          "position": [
            0,
            0,
            0
          ],
          "rotation": [
            1,
            0,
            0,
            0,
            1,
            0,
            0,
            0,
            1
          ]
        },
        "Reflectance": 0,
        "Transparency": 1,
        "size": [
          0.152086154,
          0.152086154,
          0.152086154
        ],
        "Name": "Particle1",
        "LocalCFrame": {
          "position": [
            -0.000647,
            0.187728,
            -1.19136
          ],
          "rotation": [
            -0.999751,
            0.022196,
            0.002308,
            0.004895,
            0.319019,
            -0.947736,
            -0.021772,
            -0.947488,
            -0.319048
          ]
        }
      }
    },
    {
      "id": "RBXC67BB6F3C41B4E158B3F3098505903FC",
      "parent": "RBX6B8534CB9B2F43F38E7995FBF86E89C6",
      "class": "ParticleEmitter",
      "name": "Particles",
      "properties": {
        "Acceleration": [
          0,
          -14.783742,
          0
        ],
        "Color": "0 1 1 1 0 1 1 1 1 0",
        "Drag": 0,
        "Enabled": false,
        "Lifetime": [
          1,
          1.5
        ],
        "LightEmission": 0,
        "LightInfluence": 1,
        "LockedToPart": false,
        "Rate": 25,
        "RotSpeed": [
          0,
          0
        ],
        "Rotation": [
          90,
          90
        ],
        "Size": "0 0.0788466 0 0.8 0.0788466 0 1 0 0",
        "Speed": [
          3.94233,
          5.9135
        ],
        "SpreadAngle": [
          10,
          10
        ],
        "Texture": "rbxassetid://3202767053",
        "TimeScale": 1,
        "Transparency": "0 0 0 0.9 0 0 1 1 0",
        "VelocityInheritance": 0,
        "ZOffset": 0,
        "Name": "Particles"
      }
    },
    {
      "id": "RBXBD4926167C404AFEB9DCEEBE0B17675B",
      "parent": "RBXA99106656ADA477F9308A6054567C6CD",
      "class": "Part",
      "name": "color1",
      "properties": {
        "shape": 1,
        "Anchored": false,
        "CanCollide": true,
        "CanQuery": true,
        "CanTouch": true,
        "Color3uint8": [
          0.639216,
          0.635294,
          0.647059
        ],
        "Massless": false,
        "Material": 256,
        "PivotOffset": {
          "position": [
            0,
            0,
            0
          ],
          "rotation": [
            1,
            0,
            0,
            0,
            1,
            0,
            0,
            0,
            1
          ]
        },
        "Reflectance": 0,
        "Transparency": 1,
        "size": [
          0.00111128937,
          0.00111128937,
          0.00111128937
        ],
        "Name": "color1",
        "LocalCFrame": {
          "position": [
            0.00918,
            0.005203,
            0.275025
          ],
          "rotation": [
            1,
            -0.000004,
            -0.000015,
            0,
            0.965925,
            -0.258821,
            0.000016,
            0.258821,
            0.965926
          ]
        }
      }
    },
    {
      "id": "RBX61321C2557714ADBB20E30EE1E52187D",
      "parent": "RBXA99106656ADA477F9308A6054567C6CD",
      "class": "MeshPart",
      "name": "color5",
      "properties": {
        "HasSkinnedMesh": true,
        "MeshId": "rbxassetid://92815596733415",
        "RenderFidelity": 0,
        "TextureID": null,
        "Anchored": false,
        "CanCollide": true,
        "CanQuery": true,
        "CanTouch": true,
        "Color3uint8": [
          0.639216,
          0.635294,
          0.647059
        ],
        "Massless": false,
        "Material": 272,
        "PivotOffset": {
          "position": [
            0,
            0.0944696367,
            -0.0402109548
          ],
          "rotation": [
            1,
            -1.99520325e-23,
            -2.44929371e-16,
            -2.44929371e-16,
            -1.62920685e-7,
            -1,
            -1.99520294e-23,
            1,
            -1.62920685e-7
          ]
        },
        "Reflectance": 0,
        "Transparency": 0,
        "size": [
          0.572314024,
          0.675663948,
          1.55691648
        ],
        "Name": "color5",
        "LocalCFrame": {
          "position": [
            0.009563,
            0.159151,
            -0.507019
          ],
          "rotation": [
            1,
            -0.000004,
            -0.000015,
            0,
            0.965925,
            -0.258821,
            0.000016,
            0.258821,
            0.965926
          ]
        }
      }
    },
    {
      "id": "RBXE89BA410D7F5416AA94130B65C9D3CBC",
      "parent": "RBX61321C2557714ADBB20E30EE1E52187D",
      "class": "Bone",
      "name": "Bone",
      "properties": {
        "CFrame": {
          "position": [
            1.76651923e-7,
            0.199631572,
            0.814876914
          ],
          "rotation": [
            1,
            1.08732857e-15,
            4.76837499e-7,
            6.44401466e-9,
            -0.999908745,
            -0.0135140689,
            4.76793929e-7,
            0.0135140689,
            -0.999908745
          ]
        },
        "Visible": false,
        "Name": "Bone"
      }
    },
    {
      "id": "RBX029E7D516630495FBD3968B92D9C1807",
      "parent": "RBXE89BA410D7F5416AA94130B65C9D3CBC",
      "class": "Bone",
      "name": "Bone.001",
      "properties": {
        "CFrame": {
          "position": [
            0,
            0.116922908,
            0
          ],
          "rotation": [
            1,
            -4.75019647e-7,
            0.00000242591796,
            0.00000237523022,
            -0.0872366801,
            -0.996187687,
            6.84837687e-7,
            0.996187687,
            -0.0872366801
          ]
        },
        "Visible": false,
        "Name": "Bone.001"
      }
    },
    {
      "id": "RBX6F8D9CDDB67B49B881521D3490998105",
      "parent": "RBX029E7D516630495FBD3968B92D9C1807",
      "class": "Bone",
      "name": "Bone.002",
      "properties": {
        "CFrame": {
          "position": [
            0,
            0.370044708,
            0
          ],
          "rotation": [
            1,
            5.54269718e-7,
            0.00000173407352,
            -9.42196039e-7,
            0.972604871,
            0.232464552,
            -0.00000155772022,
            -0.232464552,
            0.972604871
          ]
        },
        "Visible": false,
        "Name": "Bone.002"
      }
    },
    {
      "id": "RBX5704BA975C7C446A9F001641FDE8FFD5",
      "parent": "RBX6F8D9CDDB67B49B881521D3490998105",
      "class": "Bone",
      "name": "Bone.003",
      "properties": {
        "CFrame": {
          "position": [
            0,
            0.816531599,
            0.00000375969989
          ],
          "rotation": [
            1,
            -0.00000650049878,
            -0.00000263168067,
            0.00000692871845,
            0.973784745,
            0.227471694,
            0.00000108401082,
            -0.227471694,
            0.973784745
          ]
        },
        "Visible": false,
        "Name": "Bone.003"
      }
    },
    {
      "id": "RBX33C714DB9B754321BCF2C1B702F02614",
      "parent": "RBX61321C2557714ADBB20E30EE1E52187D",
      "class": "SurfaceAppearance",
      "name": "SurfaceAppearance",
      "properties": {
        "AlphaMode": 0,
        "ColorMap": "rbxassetid://97198515805238",
        "MetalnessMap": null,
        "NormalMap": null,
        "RoughnessMap": null,
        "Name": "SurfaceAppearance"
      }
    },
    {
      "id": "RBX9D3070D67AE84D0398E11F84ABA9516D",
      "parent": "RBX41B943BAA43B4338859B9435FA6E05E7",
      "class": "Model",
      "name": "Orbs",
      "properties": {
        "PrimaryPart": "RBX0FCBBF3AAFF24ABF9B05AB79190663DB",
        "Name": "Orbs"
      }
    },
    {
      "id": "RBX0FCBBF3AAFF24ABF9B05AB79190663DB",
      "parent": "RBX9D3070D67AE84D0398E11F84ABA9516D",
      "class": "MeshPart",
      "name": "color5",
      "properties": {
        "HasSkinnedMesh": true,
        "MeshId": "rbxassetid://106420044523852",
        "RenderFidelity": 0,
        "TextureID": null,
        "Anchored": false,
        "CanCollide": true,
        "CanQuery": true,
        "CanTouch": true,
        "Color3uint8": [
          0.639216,
          0.635294,
          0.647059
        ],
        "Massless": false,
        "Material": 272,
        "PivotOffset": {
          "position": [
            -7.3632684e-8,
            0.0172419529,
            0.0219597351
          ],
          "rotation": [
            1,
            -1.99520309e-23,
            -2.44929371e-16,
            -2.44929371e-16,
            -1.62920685e-7,
            -1,
            -1.99520278e-23,
            1,
            -1.62920685e-7
          ]
        },
        "Reflectance": 0,
        "Transparency": 0,
        "size": [
          1.04299998,
          1.20000005,
          0.722000003
        ],
        "Name": "color5",
        "LocalCFrame": {
          "position": [
            -329.099582,
            -2.191201,
            -106.157732
          ],
          "rotation": [
            1,
            0,
            -0.000021,
            0,
            1,
            0,
            0.000021,
            0,
            1
          ]
        }
      }
    },
    {
      "id": "RBXF46EA79037764EBB9B0387DAEB793A17",
      "parent": "RBX0FCBBF3AAFF24ABF9B05AB79190663DB",
      "class": "Bone",
      "name": "Bone",
      "properties": {
        "CFrame": {
          "position": [
            5.65369708e-24,
            0.562029839,
            0.0327944495
          ],
          "rotation": [
            1,
            -1.22464672e-16,
            -1.22464685e-16,
            -1.22464672e-16,
            -1,
            -1.52650088e-8,
            -1.22464685e-16,
            1.52650088e-8,
            -1
          ]
        },
        "Visible": false,
        "Name": "Bone"
      }
    },
    {
      "id": "RBX33A7713C60E641E8AB04E16C442CDAB9",
      "parent": "RBXF46EA79037764EBB9B0387DAEB793A17",
      "class": "Bone",
      "name": "Bone.001",
      "properties": {
        "CFrame": {
          "position": [
            0.0000152587891,
            0.385867953,
            0
          ],
          "rotation": [
            0.941762686,
            -0.333104134,
            0.0460954942,
            0.336278409,
            0.932873011,
            -0.129092202,
            -1.01775662e-7,
            0.137075111,
            0.99056071
          ]
        },
        "Visible": false,
        "Name": "Bone.001"
      }
    },
    {
      "id": "RBX79AF3F4062C34347B97597BBD7B7FA09",
      "parent": "RBXF46EA79037764EBB9B0387DAEB793A17",
      "class": "Bone",
      "name": "Bone.002",
      "properties": {
        "CFrame": {
          "position": [
            0.00107574463,
            0.385867953,
            0
          ],
          "rotation": [
            0.941776931,
            0.333063573,
            0.0460962988,
            -0.322024286,
            0.932887673,
            -0.161310628,
            -0.0967293531,
            0.1370745,
            0.985826671
          ]
        },
        "Visible": false,
        "Name": "Bone.002"
      }
    },
    {
      "id": "RBX61A993C3A9944700B4187DE814C3F452",
      "parent": "RBX9D3070D67AE84D0398E11F84ABA9516D",
      "class": "Part",
      "name": "Middle",
      "properties": {
        "shape": 1,
        "Anchored": false,
        "CanCollide": true,
        "CanQuery": true,
        "CanTouch": true,
        "Color3uint8": [
          0.639216,
          0.635294,
          0.647059
        ],
        "Massless": false,
        "Material": 256,
        "PivotOffset": {
          "position": [
            0,
            0,
            0
          ],
          "rotation": [
            1,
            0,
            0,
            0,
            1,
            0,
            0,
            0,
            1
          ]
        },
        "Reflectance": 0,
        "Transparency": 1,
        "size": [
          0.0518444739,
          0.0518444739,
          0.0518444739
        ],
        "Name": "Middle",
        "LocalCFrame": {
          "position": [
            -329.099544,
            -1.907061,
            -106.150729
          ],
          "rotation": [
            1,
            0,
            -0.000021,
            0,
            1,
            0,
            0.000021,
            0,
            1
          ]
        }
      }
    }
  ]
}
