{
  "format": "overlay_json_v1",
  "kind": "morph_bundle",
  "version": 1,
  "asset_id": "morph_2785-physballs-large-2",
  "name": "PhysBalls (Large) 2",
  "source_file": "2785-physballs-large-2.rbxmx",
  "anchor": "HumanoidRootPart",
  "anchor_candidates": [
    "HumanoidRootPart",
    "UpperTorso",
    "Torso",
    "Head"
  ],
  "jiggle": true,
  "root_cframe": {
    "position": [
      71.4722519,
      3.81118798,
      64.4610748
    ],
    "rotation": [
      0.999768674,
      -0.000505756878,
      -0.0215025563,
      0.000515318825,
      1.00000107,
      0.000439209834,
      0.0215023197,
      -0.000450189225,
      0.99976933
    ]
  },
  "class_counts": {
    "Folder": 1,
    "Model": 2,
    "Part": 2,
    "SpecialMesh": 1,
    "MeshPart": 1,
    "Bone": 3
  },
  "nodes": [
    {
      "id": "RBX6FD3B6F0A4FF42AEB8C623E785A4C672",
      "parent": null,
      "class": "Folder",
      "name": "PhysBalls (Large) 2",
      "properties": {
        "Name": "PhysBalls (Large) 2"
      }
    },
    {
      "id": "RBX4254D9C173824B43B1D3165D091822F6",
      "parent": "RBX6FD3B6F0A4FF42AEB8C623E785A4C672",
      "class": "Model",
      "name": "LowerStaticA",
      "properties": {
        "PrimaryPart": "RBX77121A69856C4EECA45B3F496A9FD642",
        "Name": "LowerStaticA"
      }
    },
    {
      "id": "RBX77121A69856C4EECA45B3F496A9FD642",
      "parent": "RBX4254D9C173824B43B1D3165D091822F6",
      "class": "Part",
      "name": "Middle",
      "properties": {
        "shape": 1,
        "Anchored": true,
        "CanCollide": false,
        "CanQuery": true,
        "CanTouch": true,
        "Color3uint8": [
          0.972549,
          0.972549,
          0.972549
        ],
        "Massless": false,
        "Material": 272,
        "PivotOffset": {
          "position": [
            0,
            0,
            0
          ],
          "rotation": [
            1,
            0,
            0,
            0,
            1,
            0,
            0,
            0,
            1
          ]
        },
        "Reflectance": 0,
        "Transparency": 1,
        "size": [
          2.00156212,
          2.00156212,
          1.00078106
        ],
        "Name": "Middle",
        "LocalCFrame": {
          "position": [
            0,
            0,
            0
          ],
          "rotation": [
            1,
            0,
            0,
            0,
            1.000003,
            0,
            0,
            0,
            1.000001
          ]
        }
      }
    },
    {
      "id": "RBX06320F87975E4D6694DEF8B74A9C188B",
      "parent": "RBX77121A69856C4EECA45B3F496A9FD642",
      "class": "SpecialMesh",
      "name": "Mesh",
      "properties": {
        "MeshType": 5,
        "MeshId": "rbxassetid://12221758",
        "TextureId": null,
        "Offset": [
          0,
          0,
          0
        ],
        "Scale": [
          1.00078106,
          1.00078106,
          1.00078106
        ],
        "VertexColor": [
          1,
          1,
          1
        ],
        "Name": "Mesh"
      }
    },
    {
      "id": "RBX88370909E45740CD87891CC491FAF32A",
      "parent": "RBX6FD3B6F0A4FF42AEB8C623E785A4C672",
      "class": "Model",
      "name": "Orbs",
      "properties": {
        "PrimaryPart": null,
        "Name": "Orbs"
      }
    },
    {
      "id": "RBX1BC1BBE554674E858EAE783F7DF7C8C4",
      "parent": "RBX88370909E45740CD87891CC491FAF32A",
      "class": "Part",
      "name": "Middle",
      "properties": {
        "shape": 1,
        "Anchored": true,
        "CanCollide": false,
        "CanQuery": true,
        "CanTouch": true,
        "Color3uint8": [
          1,
          0,
          0
        ],
        "Massless": false,
        "Material": 272,
        "PivotOffset": {
          "position": [
            0,
            0,
            0
          ],
          "rotation": [
            1,
            0,
            0,
            0,
            1,
            0,
            0,
            0,
            1
          ]
        },
        "Reflectance": 0,
        "Transparency": 1,
        "size": [
          0.16730991,
          0.16730991,
          0.16730991
        ],
        "Name": "Middle",
        "LocalCFrame": {
          "position": [
            0.029862,
            -1.080823,
            -0.613526
          ],
          "rotation": [
            0.999769,
            -0.000235,
            0.021507,
            -0.000506,
            0.999408,
            0.03445,
            -0.021503,
            -0.034452,
            0.999176
          ]
        }
      }
    },
    {
      "id": "RBX36DDC3F646E04091A8D15D4D0093CCF5",
      "parent": "RBX88370909E45740CD87891CC491FAF32A",
      "class": "MeshPart",
      "name": "color5",
      "properties": {
        "HasSkinnedMesh": false,
        "MeshId": "rbxassetid://132824265770557",
        "RenderFidelity": 0,
        "TextureID": null,
        "Anchored": false,
        "CanCollide": true,
        "CanQuery": true,
        "CanTouch": true,
        "Color3uint8": [
          0.917647,
          0.721569,
          0.572549
        ],
        "Massless": false,
        "Material": 272,
        "PivotOffset": {
          "position": [
            -0.00000590584295,
            -0.415501893,
            0.0104564298
          ],
          "rotation": [
            1,
            1.22464685e-16,
            -1.22464685e-16,
            -1.22464685e-16,
            1,
            -1.22464685e-16,
            1.22464685e-16,
            1.22464685e-16,
            1
          ]
        },
        "Reflectance": 0,
        "Transparency": 0,
        "size": [
          1.05443239,
          0.879999995,
          0.617349684
        ],
        "Name": "color5",
        "LocalCFrame": {
          "position": [
            0.034221,
            -1.559559,
            -0.565675
          ],
          "rotation": [
            -0.999769,
            0.000515,
            -0.021502,
            0.000506,
            1.000001,
            0.00045,
            0.021503,
            0.000439,
            -0.999769
          ]
        }
      }
    },
    {
      "id": "RBX68A0A407D1AD4B13B850110E3C875502",
      "parent": "RBX36DDC3F646E04091A8D15D4D0093CCF5",
      "class": "Bone",
      "name": "Bone",
      "properties": {
        "CFrame": {
          "position": [
            0.00211447943,
            0.243748367,
            0.0139205614
          ],
          "rotation": [
            1,
            -1.22464685e-16,
            -1.22464685e-16,
            -1.22464685e-16,
            -1,
            -6.12323426e-17,
            -1.22464685e-16,
            6.12323426e-17,
            -1
          ]
        },
        "Visible": false,
        "Name": "Bone"
      }
    },
    {
      "id": "RBXD19496C3B1914494A47B1AE624DBF1A6",
      "parent": "RBX68A0A407D1AD4B13B850110E3C875502",
      "class": "Bone",
      "name": "Bone.001",
      "properties": {
        "CFrame": {
          "position": [
            0.0000152587891,
            0.625777125,
            0
          ],
          "rotation": [
            0.707106829,
            -0.707106769,
            -4.09781933e-8,
            0.707106769,
            0.707106888,
            -4.09782288e-8,
            5.79519366e-8,
            2.84217094e-14,
            1.00000012
          ]
        },
        "Visible": false,
        "Name": "Bone.001"
      }
    },
    {
      "id": "RBX31E5B4FE71C84FDA96936E7C64C1C36C",
      "parent": "RBX68A0A407D1AD4B13B850110E3C875502",
      "class": "Bone",
      "name": "Bone.002",
      "properties": {
        "CFrame": {
          "position": [
            0.0000152587891,
            0.625777125,
            0
          ],
          "rotation": [
            0.707106829,
            0.707106769,
            -1.00582845e-7,
            -0.707106769,
            0.707106888,
            1.00582838e-7,
            1.42245611e-7,
            -1.42108547e-14,
            1.00000012
          ]
        },
        "Visible": false,
        "Name": "Bone.002"
      }
    }
  ]
}
