{
  "format": "overlay_json_v1",
  "kind": "morph_bundle",
  "version": 1,
  "asset_id": "morph_1790-bunny-ears-pink",
  "name": "bunny ears (pink)",
  "source_file": "1790-bunny-ears-pink.rbxmx",
  "anchor": "Head",
  "anchor_candidates": [
    "Head",
    "UpperTorso",
    "Torso",
    "HumanoidRootPart"
  ],
  "jiggle": true,
  "root_cframe": {
    "position": [
      138.518982,
      4.5,
      170.862076
    ],
    "rotation": [
      1,
      -1.32348898e-23,
      0,
      -1.32348898e-23,
      1,
      -1.46037658e-24,
      0,
      -1.46037658e-24,
      1
    ]
  },
  "class_counts": {
    "Folder": 1,
    "Model": 1,
    "Part": 1,
    "SpecialMesh": 1,
    "MeshPart": 1,
    "Bone": 8
  },
  "nodes": [
    {
      "id": "RBX5B6060DB500B4C31B8930C80BF619E31",
      "parent": null,
      "class": "Folder",
      "name": "bunny ears (pink)",
      "properties": {
        "Name": "bunny ears (pink)"
      }
    },
    {
      "id": "RBX32F942F3D14E4159B9119F677B19C008",
      "parent": "RBX5B6060DB500B4C31B8930C80BF619E31",
      "class": "Model",
      "name": "HeadAcc",
      "properties": {
        "PrimaryPart": null,
        "Name": "HeadAcc"
      }
    },
    {
      "id": "RBXED103AE9ED524EF0A900E8208070EBAB",
      "parent": "RBX32F942F3D14E4159B9119F677B19C008",
      "class": "Part",
      "name": "Middle",
      "properties": {
        "shape": 1,
        "Anchored": true,
        "CanCollide": false,
        "CanQuery": true,
        "CanTouch": true,
        "Color3uint8": [
          0.972549,
          0.972549,
          0.972549
        ],
        "Massless": false,
        "Material": 272,
        "PivotOffset": {
          "position": [
            0,
            0,
            0
          ],
          "rotation": [
            1,
            0,
            0,
            0,
            1,
            0,
            0,
            0,
            1
          ]
        },
        "Reflectance": 0,
        "Transparency": 0,
        "size": [
          1,
          1,
          1
        ],
        "Name": "Middle",
        "LocalCFrame": {
          "position": [
            0,
            0,
            0
          ],
          "rotation": [
            1,
            0,
            0,
            0,
            1,
            0,
            0,
            0,
            1
          ]
        }
      }
    },
    {
      "id": "RBX5EB6910EC8A64FBE82339C2FC68B99F5",
      "parent": "RBXED103AE9ED524EF0A900E8208070EBAB",
      "class": "SpecialMesh",
      "name": "Mesh",
      "properties": {
        "MeshType": 0,
        "MeshId": null,
        "TextureId": null,
        "Offset": [
          0,
          0,
          0
        ],
        "Scale": [
          1.25,
          1.25,
          1.25
        ],
        "VertexColor": [
          1,
          1,
          1
        ],
        "Name": "Mesh"
      }
    },
    {
      "id": "RBX85445CAC10774D47B3E65FED694E928A",
      "parent": "RBX32F942F3D14E4159B9119F677B19C008",
      "class": "MeshPart",
      "name": "sillybnnuy earP",
      "properties": {
        "HasSkinnedMesh": true,
        "MeshId": "rbxassetid://18742591843",
        "RenderFidelity": 0,
        "TextureID": "rbxassetid://18745568036",
        "Anchored": false,
        "CanCollide": true,
        "CanQuery": true,
        "CanTouch": true,
        "Color3uint8": [
          0.639216,
          0.635294,
          0.647059
        ],
        "Massless": false,
        "Material": 256,
        "PivotOffset": {
          "position": [
            0.0391177014,
            0.159971088,
            0.00489373645
          ],
          "rotation": [
            1,
            1.22464659e-16,
            -1.22464659e-16,
            -1.22464672e-16,
            1,
            -7.54953504e-8,
            1.22464646e-16,
            7.54953504e-8,
            1
          ]
        },
        "Reflectance": 0,
        "Transparency": 0,
        "size": [
          0.922509372,
          1.86697316,
          1.92430985
        ],
        "Name": "sillybnnuy earP",
        "LocalCFrame": {
          "position": [
            -0.005631,
            1.161786,
            -0.214676
          ],
          "rotation": [
            0,
            0,
            -1,
            0,
            1,
            0,
            1,
            0,
            0
          ]
        }
      }
    },
    {
      "id": "RBX9E297589ABBF42DAAB52005AC1E16347",
      "parent": "RBX85445CAC10774D47B3E65FED694E928A",
      "class": "Bone",
      "name": "Bone.001",
      "properties": {
        "CFrame": {
          "position": [
            0.306765944,
            -0.875055671,
            0.371347457
          ],
          "rotation": [
            0.985331833,
            0.169223487,
            0.0220140927,
            -0.159827247,
            0.96034199,
            -0.228469893,
            -0.0598035268,
            0.22160019,
            0.973302007
          ]
        },
        "Visible": false,
        "Name": "Bone.001"
      }
    },
    {
      "id": "RBX05B5805BD7B84A019A050FA189796EB5",
      "parent": "RBX9E297589ABBF42DAAB52005AC1E16347",
      "class": "Bone",
      "name": "Bone.002",
      "properties": {
        "CFrame": {
          "position": [
            0,
            0.50736165,
            0
          ],
          "rotation": [
            0.945156395,
            -0.324387252,
            -0.0381085984,
            0.325342268,
            0.945336878,
            0.0221490841,
            0.0288405828,
            -0.0333326869,
            0.999028087
          ]
        },
        "Visible": false,
        "Name": "Bone.002"
      }
    },
    {
      "id": "RBX9F11B82D7230449CA96C076EA341B7BC",
      "parent": "RBX05B5805BD7B84A019A050FA189796EB5",
      "class": "Bone",
      "name": "Bone.003",
      "properties": {
        "CFrame": {
          "position": [
            -1.08654248e-7,
            0.616771877,
            0
          ],
          "rotation": [
            0.929293036,
            -0.369302303,
            0.00550004933,
            0.369007438,
            0.928980112,
            0.0288010463,
            -0.0157457273,
            -0.024735054,
            0.999570012
          ]
        },
        "Visible": false,
        "Name": "Bone.003"
      }
    },
    {
      "id": "RBXC47DED283F8E45648914A72861B3AB83",
      "parent": "RBX9F11B82D7230449CA96C076EA341B7BC",
      "class": "Bone",
      "name": "Bone.008",
      "properties": {
        "CFrame": {
          "position": [
            -1.08654248e-7,
            0.390669346,
            1.30385104e-7
          ],
          "rotation": [
            0.961564481,
            -0.274540722,
            -0.00461136736,
            0.274579197,
            0.961451471,
            0.0147393923,
            0.000387042819,
            -0.0154390596,
            0.999880791
          ]
        },
        "Visible": false,
        "Name": "Bone.008"
      }
    },
    {
      "id": "RBX99A00010211443FFB0E6D3638FD3151A",
      "parent": "RBX85445CAC10774D47B3E65FED694E928A",
      "class": "Bone",
      "name": "Bone.004",
      "properties": {
        "CFrame": {
          "position": [
            0.314910531,
            -0.815583766,
            -0.373237818
          ],
          "rotation": [
            -0.984328091,
            0.175662562,
            0.0155212358,
            0.16736412,
            0.958295405,
            -0.231644571,
            -0.0555652045,
            -0.225416556,
            -0.972676694
          ]
        },
        "Visible": false,
        "Name": "Bone.004"
      }
    },
    {
      "id": "RBXB5259EDAE3744371962E7B8029EC8900",
      "parent": "RBX99A00010211443FFB0E6D3638FD3151A",
      "class": "Bone",
      "name": "Bone.005",
      "properties": {
        "CFrame": {
          "position": [
            -5.21540414e-7,
            0.447085857,
            8.69234e-8
          ],
          "rotation": [
            0.941455841,
            0.334079385,
            0.0452976301,
            -0.337093472,
            0.934942424,
            0.110683531,
            -0.00537358923,
            -0.119473189,
            0.992823005
          ]
        },
        "Visible": false,
        "Name": "Bone.005"
      }
    },
    {
      "id": "RBX5219339CBD3149A5BE75D3C09A1A9807",
      "parent": "RBXB5259EDAE3744371962E7B8029EC8900",
      "class": "Bone",
      "name": "Bone.006",
      "properties": {
        "CFrame": {
          "position": [
            -1.30385104e-7,
            0.609651983,
            4.34617e-8
          ],
          "rotation": [
            0.935048461,
            0.350970954,
            -0.0500390083,
            -0.353671283,
            0.913709819,
            -0.200127915,
            -0.0245179459,
            0.204826623,
            0.978491306
          ]
        },
        "Visible": false,
        "Name": "Bone.006"
      }
    },
    {
      "id": "RBX8F3E8F5B265245559AE0F364302CA03D",
      "parent": "RBX5219339CBD3149A5BE75D3C09A1A9807",
      "class": "Bone",
      "name": "Bone.007",
      "properties": {
        "CFrame": {
          "position": [
            9.99619147e-7,
            0.396529257,
            1.738468e-7
          ],
          "rotation": [
            0.952563167,
            0.298637897,
            0.0586420149,
            -0.303586066,
            0.918829978,
            0.252164364,
            0.021423785,
            -0.258005351,
            0.965905905
          ]
        },
        "Visible": false,
        "Name": "Bone.007"
      }
    }
  ]
}
