{
  "format": "overlay_json_v1",
  "kind": "morph_bundle",
  "version": 1,
  "asset_id": "morph_1915-black-tail",
  "name": "Black Tail",
  "source_file": "1915-black-tail.rbxmx",
  "anchor": "LowerTorso",
  "anchor_candidates": [
    "LowerTorso",
    "Torso",
    "HumanoidRootPart",
    "UpperTorso"
  ],
  "jiggle": true,
  "root_cframe": {
    "position": [
      14.6977539,
      3.01421905,
      17955.8262
    ],
    "rotation": [
      1,
      -5.89352567e-10,
      8.98561875e-30,
      -5.89352567e-10,
      1,
      -4.06575815e-20,
      8.98561875e-30,
      -4.06575815e-20,
      1
    ]
  },
  "class_counts": {
    "Folder": 1,
    "Model": 1,
    "Part": 1,
    "SpecialMesh": 1,
    "MeshPart": 1,
    "Bone": 7
  },
  "nodes": [
    {
      "id": "RBX502CE4FC2D0442E9AF2BB44464EDFF4D",
      "parent": null,
      "class": "Folder",
      "name": "Black Tail",
      "properties": {
        "Name": "Black Tail"
      }
    },
    {
      "id": "RBXEE6EFB6B576C4510ADC3A21CB4C106F7",
      "parent": "RBX502CE4FC2D0442E9AF2BB44464EDFF4D",
      "class": "Model",
      "name": "LowerStaticA",
      "properties": {
        "PrimaryPart": "RBX60C8F5F49F7F4AD28329B305BB7A77DA",
        "Name": "LowerStaticA"
      }
    },
    {
      "id": "RBX60C8F5F49F7F4AD28329B305BB7A77DA",
      "parent": "RBXEE6EFB6B576C4510ADC3A21CB4C106F7",
      "class": "Part",
      "name": "Middle",
      "properties": {
        "shape": 1,
        "Anchored": true,
        "CanCollide": false,
        "CanQuery": true,
        "CanTouch": true,
        "Color3uint8": [
          0.972549,
          0.972549,
          0.972549
        ],
        "Massless": false,
        "Material": 272,
        "PivotOffset": {
          "position": [
            0,
            0,
            0
          ],
          "rotation": [
            1,
            0,
            0,
            0,
            1,
            0,
            0,
            0,
            1
          ]
        },
        "Reflectance": 0,
        "Transparency": 0,
        "size": [
          2,
          2,
          1
        ],
        "Name": "Middle",
        "LocalCFrame": {
          "position": [
            0,
            0,
            0
          ],
          "rotation": [
            1,
            0,
            0,
            0,
            1,
            0,
            0,
            0,
            1
          ]
        }
      }
    },
    {
      "id": "RBXB5F4CEBD83EB49C28E17C7701739815D",
      "parent": "RBX60C8F5F49F7F4AD28329B305BB7A77DA",
      "class": "SpecialMesh",
      "name": "MaleMesh",
      "properties": {
        "MeshType": 5,
        "MeshId": "rbxassetid://12221758",
        "TextureId": null,
        "Offset": [
          0,
          0,
          0
        ],
        "Scale": [
          1,
          1,
          1
        ],
        "VertexColor": [
          1,
          1,
          1
        ],
        "Name": "MaleMesh"
      }
    },
    {
      "id": "RBXEB58E96163A049A6B5DAC7AA05E4C507",
      "parent": "RBXEE6EFB6B576C4510ADC3A21CB4C106F7",
      "class": "MeshPart",
      "name": "Tail",
      "properties": {
        "HasSkinnedMesh": true,
        "MeshId": "rbxassetid://10005204741",
        "RenderFidelity": 1,
        "TextureID": null,
        "Anchored": false,
        "CanCollide": false,
        "CanQuery": true,
        "CanTouch": true,
        "Color3uint8": [
          0.066667,
          0.066667,
          0.066667
        ],
        "Massless": true,
        "Material": 272,
        "PivotOffset": {
          "position": [
            0,
            0,
            0
          ],
          "rotation": [
            1,
            0,
            0,
            0,
            1,
            0,
            0,
            0,
            1
          ]
        },
        "Reflectance": 0,
        "Transparency": 0,
        "size": [
          1.49124181,
          3.02791405,
          4.28221273
        ],
        "Name": "Tail",
        "LocalCFrame": {
          "position": [
            0.000246,
            -1.500234,
            2.0488
          ],
          "rotation": [
            1,
            0,
            0,
            0,
            1,
            0,
            0,
            0,
            1
          ]
        }
      }
    },
    {
      "id": "RBX02CED5393B364037A8DB5BE642A6478A",
      "parent": "RBXEB58E96163A049A6B5DAC7AA05E4C507",
      "class": "Bone",
      "name": "spine",
      "properties": {
        "CFrame": {
          "position": [
            0.0870916247,
            0.816878021,
            -2.11130548
          ],
          "rotation": [
            1,
            -1.65722611e-7,
            7.15854867e-7,
            1.57353384e-7,
            0.999931812,
            0.0116754705,
            -7.17740988e-7,
            -0.0116754705,
            0.999931812
          ]
        },
        "Visible": false,
        "Name": "spine"
      }
    },
    {
      "id": "RBX8A4014115EF347BB9228B787107D66C6",
      "parent": "RBX02CED5393B364037A8DB5BE642A6478A",
      "class": "Bone",
      "name": "spine.001",
      "properties": {
        "CFrame": {
          "position": [
            9.53674316e-7,
            0.455902338,
            0.0000152587891
          ],
          "rotation": [
            0.99989599,
            0.0144265145,
            0.00023002323,
            -0.0144169843,
            0.998348594,
            0.0556072779,
            0.000572575897,
            -0.0556048006,
            0.998452723
          ]
        },
        "Visible": false,
        "Name": "spine.001"
      }
    },
    {
      "id": "RBXA3DB355ED5054FB5A8220AB92EA0DE64",
      "parent": "RBX02CED5393B364037A8DB5BE642A6478A",
      "class": "Bone",
      "name": "Tail.001",
      "properties": {
        "CFrame": {
          "position": [
            9.53674316e-7,
            0.455902338,
            0.0000152587891
          ],
          "rotation": [
            1,
            -4.27730924e-7,
            7.28342854e-7,
            3.96608641e-7,
            -0.523546875,
            -0.851996958,
            7.45746945e-7,
            0.851996958,
            -0.523546875
          ]
        },
        "Visible": false,
        "Name": "Tail.001"
      }
    },
    {
      "id": "RBX3465B2479BD24252B1817A5F11CAAD8F",
      "parent": "RBXA3DB355ED5054FB5A8220AB92EA0DE64",
      "class": "Bone",
      "name": "Tail.002",
      "properties": {
        "CFrame": {
          "position": [
            -0.0000400543213,
            0.69137001,
            -0.00000143051147
          ],
          "rotation": [
            1,
            -1.99851613e-7,
            4.68632848e-8,
            2.0137351e-7,
            0.910813093,
            -0.412818998,
            3.98188433e-8,
            0.412818998,
            0.910813093
          ]
        },
        "Visible": false,
        "Name": "Tail.002"
      }
    },
    {
      "id": "RBX91C7E202E1D84322800828E009D937DE",
      "parent": "RBX3465B2479BD24252B1817A5F11CAAD8F",
      "class": "Bone",
      "name": "Tail.003",
      "properties": {
        "CFrame": {
          "position": [
            0.000039100647,
            0.791392326,
            0.000020980835
          ],
          "rotation": [
            1,
            9.49417114e-8,
            -1.61843872e-8,
            -9.12800431e-8,
            0.987885833,
            0.155182362,
            3.07216084e-8,
            -0.155182362,
            0.987885833
          ]
        },
        "Visible": false,
        "Name": "Tail.003"
      }
    },
    {
      "id": "RBXB0771F3B91DA401AAA2EBF48A6D5CB02",
      "parent": "RBX91C7E202E1D84322800828E009D937DE",
      "class": "Bone",
      "name": "Tail.004",
      "properties": {
        "CFrame": {
          "position": [
            -9.53674316e-7,
            1.05864429,
            -0.000020980835
          ],
          "rotation": [
            1,
            2.22515155e-7,
            6.53578596e-8,
            -2.2587912e-7,
            0.870618045,
            0.491959631,
            5.25667332e-8,
            -0.491959631,
            0.870618045
          ]
        },
        "Visible": false,
        "Name": "Tail.004"
      }
    },
    {
      "id": "RBX6536D8A3729F4D07AE8C9AAC0F183B30",
      "parent": "RBXB0771F3B91DA401AAA2EBF48A6D5CB02",
      "class": "Bone",
      "name": "Tail.005",
      "properties": {
        "CFrame": {
          "position": [
            -0.0000762939453,
            1.09036541,
            0.0000195503235
          ],
          "rotation": [
            1,
            1.54763697e-7,
            2.38987408e-8,
            -1.54501564e-7,
            0.950166881,
            0.311741889,
            2.55385331e-8,
            -0.311741889,
            0.950166881
          ]
        },
        "Visible": false,
        "Name": "Tail.005"
      }
    }
  ]
}
