{
  "format": "overlay_json_v1",
  "kind": "morph_bundle",
  "version": 1,
  "asset_id": "morph_0440-catearswhite",
  "name": "catearswhite",
  "source_file": "0440-catearswhite.rbxmx",
  "anchor": "Head",
  "anchor_candidates": [
    "Head",
    "UpperTorso",
    "Torso",
    "HumanoidRootPart"
  ],
  "jiggle": true,
  "root_cframe": {
    "position": [
      248167.062,
      18647.9668,
      88232.2812
    ],
    "rotation": [
      0,
      0,
      -1,
      0,
      1,
      0,
      1,
      0,
      0
    ]
  },
  "class_counts": {
    "Folder": 1,
    "Model": 1,
    "Part": 1,
    "SpecialMesh": 1,
    "MeshPart": 1,
    "Bone": 6,
    "Weld": 1
  },
  "nodes": [
    {
      "id": "RBXB0DB2A2042E54B468E5AFE31B9C81CD3",
      "parent": null,
      "class": "Folder",
      "name": "catearswhite",
      "properties": {
        "Name": "catearswhite"
      }
    },
    {
      "id": "RBX260C59EBEE904202AF25AFB6D5AC6DD1",
      "parent": "RBXB0DB2A2042E54B468E5AFE31B9C81CD3",
      "class": "Model",
      "name": "HeadAcc",
      "properties": {
        "PrimaryPart": "RBX7693CD49AF3348DF97D87A094B7FEF5B",
        "Name": "HeadAcc"
      }
    },
    {
      "id": "RBX7693CD49AF3348DF97D87A094B7FEF5B",
      "parent": "RBX260C59EBEE904202AF25AFB6D5AC6DD1",
      "class": "Part",
      "name": "Middle",
      "properties": {
        "shape": 1,
        "Anchored": true,
        "CanCollide": false,
        "CanQuery": true,
        "CanTouch": true,
        "Color3uint8": [
          0.972549,
          0.972549,
          0.972549
        ],
        "Massless": false,
        "Material": 272,
        "PivotOffset": {
          "position": [
            0,
            0,
            0
          ],
          "rotation": [
            1,
            0,
            0,
            0,
            1,
            0,
            0,
            0,
            1
          ]
        },
        "Reflectance": 0,
        "Transparency": 0,
        "size": [
          1,
          1,
          1
        ],
        "Name": "Middle",
        "LocalCFrame": {
          "position": [
            0,
            0,
            0
          ],
          "rotation": [
            1,
            0,
            0,
            0,
            1,
            0,
            0,
            0,
            1
          ]
        }
      }
    },
    {
      "id": "RBXC485852788CA4DF49C64E320DFBD37A4",
      "parent": "RBX7693CD49AF3348DF97D87A094B7FEF5B",
      "class": "SpecialMesh",
      "name": "Mesh",
      "properties": {
        "MeshType": 0,
        "MeshId": null,
        "TextureId": null,
        "Offset": [
          0,
          0,
          0
        ],
        "Scale": [
          1.25,
          1.25,
          1.25
        ],
        "VertexColor": [
          1,
          1,
          1
        ],
        "Name": "Mesh"
      }
    },
    {
      "id": "RBXF04880BE9D8643398C220733BC77EA90",
      "parent": "RBX260C59EBEE904202AF25AFB6D5AC6DD1",
      "class": "MeshPart",
      "name": "Ears",
      "properties": {
        "HasSkinnedMesh": true,
        "MeshId": "rbxassetid://15408603769",
        "RenderFidelity": 0,
        "TextureID": "rbxassetid://5458032339",
        "Anchored": false,
        "CanCollide": false,
        "CanQuery": true,
        "CanTouch": true,
        "Color3uint8": [
          0.639216,
          0.635294,
          0.647059
        ],
        "Massless": false,
        "Material": 848,
        "PivotOffset": {
          "position": [
            0.00048164741,
            -0.0533846356,
            0.0795192271
          ],
          "rotation": [
            1,
            1.22464672e-16,
            -1.22464698e-16,
            -1.22464685e-16,
            1,
            -7.54979013e-8,
            1.22464685e-16,
            7.54979013e-8,
            1
          ]
        },
        "Reflectance": 0,
        "Transparency": 0,
        "size": [
          1.62309861,
          0.942857206,
          0.63359195
        ],
        "Name": "Ears",
        "LocalCFrame": {
          "position": [
            0.0079,
            0.8711,
            0.093
          ],
          "rotation": [
            -1,
            0,
            0,
            0,
            1,
            0,
            0,
            0,
            -1
          ]
        }
      }
    },
    {
      "id": "RBX428E360472F345268E5AAEDCB9DE40EF",
      "parent": "RBXF04880BE9D8643398C220733BC77EA90",
      "class": "Bone",
      "name": "Bone",
      "properties": {
        "CFrame": {
          "position": [
            0.349595398,
            -0.331608474,
            0.0303535927
          ],
          "rotation": [
            0.693747342,
            0.719880521,
            0.0220606346,
            -0.719598711,
            0.691554666,
            0.0626888275,
            0.0298723299,
            -0.0593650118,
            0.997789323
          ]
        },
        "Visible": false,
        "Name": "Bone"
      }
    },
    {
      "id": "RBXC0C5DEE709A44CE9AB13C76D517A4917",
      "parent": "RBX428E360472F345268E5AAEDCB9DE40EF",
      "class": "Bone",
      "name": "Bone.002",
      "properties": {
        "CFrame": {
          "position": [
            0,
            0.122696102,
            -0.00000181652251
          ],
          "rotation": [
            0.868945122,
            -0.493146271,
            0.0417288132,
            0.49484998,
            0.86445117,
            -0.0885884613,
            0.00761454366,
            0.0976280048,
            0.995194077
          ]
        },
        "Visible": false,
        "Name": "Bone.002"
      }
    },
    {
      "id": "RBX77CAEE5C360041CCA9E25F12EBE2B748",
      "parent": "RBXC0C5DEE709A44CE9AB13C76D517A4917",
      "class": "Bone",
      "name": "Bone.004",
      "properties": {
        "CFrame": {
          "position": [
            -9.08261256e-7,
            0.255651951,
            0.00000363304503
          ],
          "rotation": [
            0.997144639,
            0.0754777119,
            -0.00238458812,
            -0.0748030767,
            0.982919633,
            -0.168147191,
            -0.0103475079,
            0.167845458,
            0.98575902
          ]
        },
        "Visible": false,
        "Name": "Bone.004"
      }
    },
    {
      "id": "RBX430DBFB43F4D419190F3597139B6F06D",
      "parent": "RBXF04880BE9D8643398C220733BC77EA90",
      "class": "Bone",
      "name": "Bone.001",
      "properties": {
        "CFrame": {
          "position": [
            -0.344079733,
            -0.328573585,
            0.030353589
          ],
          "rotation": [
            0.662090302,
            -0.74908638,
            -0.0224955361,
            0.748716235,
            0.659862518,
            0.0632887185,
            -0.0325647555,
            -0.0587456189,
            0.997741699
          ]
        },
        "Visible": false,
        "Name": "Bone.001"
      }
    },
    {
      "id": "RBXA7B151B166F542E2A25EC2DF785211EE",
      "parent": "RBX430DBFB43F4D419190F3597139B6F06D",
      "class": "Bone",
      "name": "Bone.003",
      "properties": {
        "CFrame": {
          "position": [
            0,
            0.12398947,
            -0.00000181652251
          ],
          "rotation": [
            0.846717954,
            0.530026436,
            -0.0462677777,
            -0.53198415,
            0.842135847,
            -0.0883182213,
            -0.00784723926,
            0.0993943512,
            0.995017231
          ]
        },
        "Visible": false,
        "Name": "Bone.003"
      }
    },
    {
      "id": "RBX1CEF51FD1D5D49458478092EFEC71048",
      "parent": "RBXA7B151B166F542E2A25EC2DF785211EE",
      "class": "Bone",
      "name": "Bone.005",
      "properties": {
        "CFrame": {
          "position": [
            0,
            0.247177646,
            0.00000181652251
          ],
          "rotation": [
            0.996670544,
            -0.0814166963,
            0.00437688548,
            0.0809997544,
            0.982572436,
            -0.167303681,
            0.00932070613,
            0.167101175,
            0.985895693
          ]
        },
        "Visible": false,
        "Name": "Bone.005"
      }
    },
    {
      "id": "RBXF9FE8D7BFEBF4A0FA3E01ABB47145DBC",
      "parent": "RBXF04880BE9D8643398C220733BC77EA90",
      "class": "Weld",
      "name": "EarsWeld",
      "properties": {
        "C0": {
          "position": [
            0.00387620926,
            0.995064735,
            -0.0870285034
          ],
          "rotation": [
            -1,
            0,
            -7.54978942e-8,
            0,
            1,
            0,
            7.54978942e-8,
            0,
            -1
          ]
        },
        "C1": {
          "position": [
            0,
            0,
            0
          ],
          "rotation": [
            1,
            0,
            0,
            0,
            1,
            0,
            0,
            0,
            1
          ]
        },
        "Enabled": true,
        "Part0": null,
        "Part1": null,
        "Name": "EarsWeld"
      }
    }
  ]
}
