{
  "format": "overlay_json_v1",
  "kind": "morph_bundle",
  "version": 1,
  "asset_id": "morph_2154-bbc-huge",
  "name": "BBC Huge",
  "source_file": "2154-bbc-huge.rbxmx",
  "anchor": "HumanoidRootPart",
  "anchor_candidates": [
    "HumanoidRootPart",
    "UpperTorso",
    "Torso",
    "Head"
  ],
  "jiggle": false,
  "root_cframe": {
    "position": [
      -4387.80225,
      31367.9141,
      -1881.46448
    ],
    "rotation": [
      1,
      6.69388045e-10,
      -1.39698364e-9,
      -6.69388045e-10,
      1,
      -1.49012713e-8,
      1.39698364e-9,
      1.49012713e-8,
      1
    ]
  },
  "class_counts": {
    "Folder": 1,
    "Model": 3,
    "Part": 4,
    "UnionOperation": 12,
    "SpecialMesh": 1,
    "ParticleEmitter": 1,
    "Motor6D": 8
  },
  "nodes": [
    {
      "id": "RBXC436F7755AF04382BD90DF5A1907A4D8",
      "parent": null,
      "class": "Folder",
      "name": "BBC Huge",
      "properties": {
        "Name": "BBC Huge"
      }
    },
    {
      "id": "RBX8201CF8AE6844F13AFD05B8DADF92C48",
      "parent": "RBXC436F7755AF04382BD90DF5A1907A4D8",
      "class": "Model",
      "name": "Orbs",
      "properties": {
        "PrimaryPart": null,
        "Name": "Orbs"
      }
    },
    {
      "id": "RBX689CA4F23AFC4E70997152B8A233A460",
      "parent": "RBX8201CF8AE6844F13AFD05B8DADF92C48",
      "class": "Part",
      "name": "Middle",
      "properties": {
        "shape": 1,
        "Anchored": true,
        "CanCollide": false,
        "CanQuery": true,
        "CanTouch": true,
        "Color3uint8": [
          1,
          0,
          0
        ],
        "Massless": false,
        "Material": 256,
        "PivotOffset": {
          "position": [
            0,
            0,
            0
          ],
          "rotation": [
            1,
            0,
            0,
            0,
            1,
            0,
            0,
            0,
            1
          ]
        },
        "Reflectance": 0,
        "Transparency": 1,
        "size": [
          0.200000003,
          0.200000003,
          0.200000003
        ],
        "Name": "Middle",
        "LocalCFrame": {
          "position": [
            0,
            0,
            0
          ],
          "rotation": [
            1,
            0,
            0,
            0,
            1,
            0,
            0,
            0,
            1
          ]
        }
      }
    },
    {
      "id": "RBX7F7CC803FCA049C4B3D01DE943888F25",
      "parent": "RBX8201CF8AE6844F13AFD05B8DADF92C48",
      "class": "UnionOperation",
      "name": "color5",
      "properties": {
        "UsePartColor": true,
        "Anchored": false,
        "CanCollide": true,
        "CanQuery": true,
        "CanTouch": true,
        "Color3uint8": [
          0.972549,
          0.972549,
          0.972549
        ],
        "Massless": false,
        "Material": 272,
        "PivotOffset": {
          "position": [
            0,
            0,
            0
          ],
          "rotation": [
            1,
            0,
            0,
            0,
            1,
            0,
            0,
            0,
            1
          ]
        },
        "Reflectance": 0,
        "Transparency": 1,
        "size": [
          0.934382975,
          0.48762092,
          0.819720864
        ],
        "Name": "color5",
        "LocalCFrame": {
          "position": [
            0.03955,
            -0.4043,
            0.01245
          ],
          "rotation": [
            -0.342874,
            -0.001166,
            0.939381,
            -0.939381,
            0.001416,
            -0.342872,
            -0.00093,
            -0.999998,
            -0.001581
          ]
        }
      }
    },
    {
      "id": "RBX8EBA4D9D33A64DB3BBE1863200E49930",
      "parent": "RBXC436F7755AF04382BD90DF5A1907A4D8",
      "class": "Model",
      "name": "LowerStaticA",
      "properties": {
        "PrimaryPart": "RBX0241E0A2800244C8AD37B54EFE4C559C",
        "Name": "LowerStaticA"
      }
    },
    {
      "id": "RBX0241E0A2800244C8AD37B54EFE4C559C",
      "parent": "RBX8EBA4D9D33A64DB3BBE1863200E49930",
      "class": "Part",
      "name": "Middle",
      "properties": {
        "shape": 1,
        "Anchored": true,
        "CanCollide": false,
        "CanQuery": true,
        "CanTouch": true,
        "Color3uint8": [
          0.972549,
          0.972549,
          0.972549
        ],
        "Massless": false,
        "Material": 272,
        "PivotOffset": {
          "position": [
            0,
            0,
            0
          ],
          "rotation": [
            1,
            0,
            0,
            0,
            1,
            0,
            0,
            0,
            1
          ]
        },
        "Reflectance": 0,
        "Transparency": 1,
        "size": [
          2,
          2,
          1
        ],
        "Name": "Middle",
        "LocalCFrame": {
          "position": [
            0,
            0.8496,
            0.5
          ],
          "rotation": [
            1,
            0,
            0,
            0,
            1,
            0,
            0,
            0,
            1
          ]
        }
      }
    },
    {
      "id": "RBX8FEBA8DE8BC844C9ADF22ADB24BD820A",
      "parent": "RBX0241E0A2800244C8AD37B54EFE4C559C",
      "class": "SpecialMesh",
      "name": "Mesh",
      "properties": {
        "MeshType": 5,
        "MeshId": "rbxassetid://12221758",
        "TextureId": null,
        "Offset": [
          0,
          0,
          0
        ],
        "Scale": [
          1,
          1,
          1
        ],
        "VertexColor": [
          1,
          1,
          1
        ],
        "Name": "Mesh"
      }
    },
    {
      "id": "RBXECE52F976F194FB58E64A5A44A3D38E6",
      "parent": "RBXC436F7755AF04382BD90DF5A1907A4D8",
      "class": "Model",
      "name": "Rod",
      "properties": {
        "PrimaryPart": null,
        "Name": "Rod"
      }
    },
    {
      "id": "RBX17FF9A0DB683498AABA58A8D4DE4F150",
      "parent": "RBXECE52F976F194FB58E64A5A44A3D38E6",
      "class": "Part",
      "name": "Middle",
      "properties": {
        "shape": 1,
        "Anchored": true,
        "CanCollide": false,
        "CanQuery": true,
        "CanTouch": true,
        "Color3uint8": [
          1,
          0,
          0
        ],
        "Massless": false,
        "Material": 256,
        "PivotOffset": {
          "position": [
            0,
            0,
            0
          ],
          "rotation": [
            1,
            0,
            0,
            0,
            1,
            0,
            0,
            0,
            1
          ]
        },
        "Reflectance": 0,
        "Transparency": 1,
        "size": [
          0.20137006,
          0.20137006,
          0.20137006
        ],
        "Name": "Middle",
        "LocalCFrame": {
          "position": [
            0.00293,
            -0.3164,
            0.11157
          ],
          "rotation": [
            1,
            0,
            0,
            0,
            0.99479,
            0.101945,
            0,
            -0.101945,
            0.99479
          ]
        }
      }
    },
    {
      "id": "RBXEEE98D5DF3DB416E906E7EEB710C83E3",
      "parent": "RBXECE52F976F194FB58E64A5A44A3D38E6",
      "class": "Part",
      "name": "Particle1",
      "properties": {
        "shape": 1,
        "Anchored": true,
        "CanCollide": true,
        "CanQuery": true,
        "CanTouch": true,
        "Color3uint8": [
          1,
          0.580392,
          0.580392
        ],
        "Massless": false,
        "Material": 272,
        "PivotOffset": {
          "position": [
            0,
            0,
            0
          ],
          "rotation": [
            1,
            0,
            0,
            0,
            1,
            0,
            0,
            0,
            1
          ]
        },
        "Reflectance": 0,
        "Transparency": 1,
        "size": [
          0.155455127,
          0.155455127,
          0.155455127
        ],
        "Name": "Particle1",
        "LocalCFrame": {
          "position": [
            0.0127,
            0.4492,
            -1.56823
          ],
          "rotation": [
            -0.999751,
            0.022197,
            0.002303,
            0.00367,
            0.265327,
            -0.964151,
            -0.022012,
            -0.963903,
            -0.265343
          ]
        }
      }
    },
    {
      "id": "RBX25BFFE442B8B45EC82245A4D8899647D",
      "parent": "RBXEEE98D5DF3DB416E906E7EEB710C83E3",
      "class": "ParticleEmitter",
      "name": "Particles",
      "properties": {
        "Acceleration": [
          0,
          -15,
          0
        ],
        "Color": "0 1 1 1 0 1 1 1 1 0",
        "Drag": 0,
        "Enabled": false,
        "Lifetime": [
          1,
          1.5
        ],
        "LightEmission": 0,
        "LightInfluence": 1,
        "LockedToPart": false,
        "Rate": 25,
        "RotSpeed": [
          0,
          0
        ],
        "Rotation": [
          90,
          90
        ],
        "Size": "0 0.08 0 0.8 0.08 0 1 0 0",
        "Speed": [
          4,
          6
        ],
        "SpreadAngle": [
          10,
          10
        ],
        "Texture": "rbxassetid://3202767053",
        "TimeScale": 1,
        "Transparency": "0 0 0 0.9 0 0 1 1 0",
        "VelocityInheritance": 0,
        "ZOffset": 0,
        "Name": "Particles"
      }
    },
    {
      "id": "RBXCA82ED1885C64DD5BA0F32138CD5989A",
      "parent": "RBXECE52F976F194FB58E64A5A44A3D38E6",
      "class": "UnionOperation",
      "name": "color5",
      "properties": {
        "UsePartColor": true,
        "Anchored": false,
        "CanCollide": true,
        "CanQuery": true,
        "CanTouch": true,
        "Color3uint8": [
          0.972549,
          0.972549,
          0.972549
        ],
        "Massless": false,
        "Material": 272,
        "PivotOffset": {
          "position": [
            0,
            0,
            0
          ],
          "rotation": [
            1,
            0,
            0,
            0,
            1,
            0,
            0,
            0,
            1
          ]
        },
        "Reflectance": 0,
        "Transparency": 1,
        "size": [
          0.101814903,
          1.13201118,
          0.143520743
        ],
        "Name": "color5",
        "LocalCFrame": {
          "position": [
            -0.1665,
            -0.293,
            -0.24463
          ],
          "rotation": [
            0.666572,
            -0.173829,
            -0.72489,
            -0.719341,
            0.10507,
            -0.686665,
            0.195526,
            0.979155,
            -0.055006
          ]
        }
      }
    },
    {
      "id": "RBX81F454E0D9FD45A48E84188BC2E32410",
      "parent": "RBXECE52F976F194FB58E64A5A44A3D38E6",
      "class": "UnionOperation",
      "name": "color5",
      "properties": {
        "UsePartColor": true,
        "Anchored": false,
        "CanCollide": true,
        "CanQuery": true,
        "CanTouch": true,
        "Color3uint8": [
          0.972549,
          0.972549,
          0.972549
        ],
        "Massless": false,
        "Material": 272,
        "PivotOffset": {
          "position": [
            0,
            0,
            0
          ],
          "rotation": [
            1,
            0,
            0,
            0,
            1,
            0,
            0,
            0,
            1
          ]
        },
        "Reflectance": 0,
        "Transparency": 1,
        "size": [
          0.152951255,
          0.646364689,
          0.0754525959
        ],
        "Name": "color5",
        "LocalCFrame": {
          "position": [
            0.11084,
            0.3437,
            -1.52002
          ],
          "rotation": [
            0.999438,
            -0.018992,
            -0.027642,
            -0.022939,
            0.214141,
            -0.976533,
            0.024465,
            0.976618,
            0.213585
          ]
        }
      }
    },
    {
      "id": "RBX27883DF9F69447B7A2599245F3F068A8",
      "parent": "RBXECE52F976F194FB58E64A5A44A3D38E6",
      "class": "UnionOperation",
      "name": "color5",
      "properties": {
        "UsePartColor": true,
        "Anchored": false,
        "CanCollide": true,
        "CanQuery": true,
        "CanTouch": true,
        "Color3uint8": [
          0.972549,
          0.972549,
          0.972549
        ],
        "Massless": false,
        "Material": 272,
        "PivotOffset": {
          "position": [
            0,
            0,
            0
          ],
          "rotation": [
            1,
            0,
            0,
            0,
            1,
            0,
            0,
            0,
            1
          ]
        },
        "Reflectance": 0,
        "Transparency": 1,
        "size": [
          0.292433441,
          1.45119011,
          0.196378112
        ],
        "Name": "color5",
        "LocalCFrame": {
          "position": [
            0.12207,
            0.1816,
            -0.24133
          ],
          "rotation": [
            0.922327,
            -0.267771,
            0.278588,
            0.267695,
            -0.077144,
            -0.960411,
            0.278661,
            0.960389,
            0.000528
          ]
        }
      }
    },
    {
      "id": "RBXB9FAFD8CF0734277ACCFE069F1E4179E",
      "parent": "RBXECE52F976F194FB58E64A5A44A3D38E6",
      "class": "UnionOperation",
      "name": "color5",
      "properties": {
        "UsePartColor": true,
        "Anchored": false,
        "CanCollide": true,
        "CanQuery": true,
        "CanTouch": true,
        "Color3uint8": [
          0.972549,
          0.972549,
          0.972549
        ],
        "Massless": false,
        "Material": 272,
        "PivotOffset": {
          "position": [
            0,
            0,
            0
          ],
          "rotation": [
            1,
            0,
            0,
            0,
            1,
            0,
            0,
            0,
            1
          ]
        },
        "Reflectance": 0,
        "Transparency": 1,
        "size": [
          0.241778389,
          0.627440572,
          0.241406426
        ],
        "Name": "color5",
        "LocalCFrame": {
          "position": [
            0.34375,
            0.1054,
            -1.36523
          ],
          "rotation": [
            0.303835,
            -0.314185,
            -0.899429,
            -0.838378,
            0.36027,
            -0.40906,
            0.45256,
            0.878352,
            -0.153943
          ]
        }
      }
    },
    {
      "id": "RBXDAA7E46182BD4FFB84C4DD9C46282135",
      "parent": "RBXECE52F976F194FB58E64A5A44A3D38E6",
      "class": "UnionOperation",
      "name": "color5",
      "properties": {
        "UsePartColor": true,
        "Anchored": false,
        "CanCollide": true,
        "CanQuery": true,
        "CanTouch": true,
        "Color3uint8": [
          0.972549,
          0.972549,
          0.972549
        ],
        "Massless": false,
        "Material": 272,
        "PivotOffset": {
          "position": [
            0,
            0,
            0
          ],
          "rotation": [
            1,
            0,
            0,
            0,
            1,
            0,
            0,
            0,
            1
          ]
        },
        "Reflectance": 0,
        "Transparency": 1,
        "size": [
          0.350980729,
          0.563919365,
          0.349464357
        ],
        "Name": "color5",
        "LocalCFrame": {
          "position": [
            0.32422,
            0.0136,
            -1.08264
          ],
          "rotation": [
            0.017919,
            0.249478,
            -0.968215,
            -0.466685,
            0.858498,
            0.21257,
            0.884242,
            0.448042,
            0.131811
          ]
        }
      }
    },
    {
      "id": "RBX87C1E9E7A9B54C53B9ADEB6C5102A81F",
      "parent": "RBXECE52F976F194FB58E64A5A44A3D38E6",
      "class": "UnionOperation",
      "name": "color5",
      "properties": {
        "UsePartColor": true,
        "Anchored": false,
        "CanCollide": true,
        "CanQuery": true,
        "CanTouch": true,
        "Color3uint8": [
          0.972549,
          0.972549,
          0.972549
        ],
        "Massless": false,
        "Material": 272,
        "PivotOffset": {
          "position": [
            0,
            0,
            0
          ],
          "rotation": [
            1,
            0,
            0,
            0,
            1,
            0,
            0,
            0,
            1
          ]
        },
        "Reflectance": 0,
        "Transparency": 1,
        "size": [
          0.317113847,
          1.32005835,
          0.338364631
        ],
        "Name": "color5",
        "LocalCFrame": {
          "position": [
            -0.18017,
            -0.3106,
            -0.48279
          ],
          "rotation": [
            0.685659,
            0.463744,
            0.561081,
            0.687674,
            -0.159912,
            -0.70819,
            -0.238696,
            0.871418,
            -0.42855
          ]
        }
      }
    },
    {
      "id": "RBXD25248EDDB9A4CE881B41DA9672351AC",
      "parent": "RBXECE52F976F194FB58E64A5A44A3D38E6",
      "class": "UnionOperation",
      "name": "color5",
      "properties": {
        "UsePartColor": true,
        "Anchored": false,
        "CanCollide": true,
        "CanQuery": true,
        "CanTouch": true,
        "Color3uint8": [
          0.972549,
          0.972549,
          0.972549
        ],
        "Massless": false,
        "Material": 272,
        "PivotOffset": {
          "position": [
            0,
            0,
            0
          ],
          "rotation": [
            1,
            0,
            0,
            0,
            1,
            0,
            0,
            0,
            1
          ]
        },
        "Reflectance": 0,
        "Transparency": 1,
        "size": [
          0.141429782,
          0.508878052,
          0.450932294
        ],
        "Name": "color5",
        "LocalCFrame": {
          "position": [
            -0.26416,
            -0.1094,
            -1.54175
          ],
          "rotation": [
            0.964944,
            0.18556,
            0.185611,
            0.245322,
            -0.889032,
            -0.386577,
            0.093281,
            0.418562,
            -0.903391
          ]
        }
      }
    },
    {
      "id": "RBXD7291E91F61747149C9E352F3633B688",
      "parent": "RBXECE52F976F194FB58E64A5A44A3D38E6",
      "class": "UnionOperation",
      "name": "color5",
      "properties": {
        "UsePartColor": true,
        "Anchored": false,
        "CanCollide": true,
        "CanQuery": true,
        "CanTouch": true,
        "Color3uint8": [
          0.972549,
          0.972549,
          0.972549
        ],
        "Massless": false,
        "Material": 272,
        "PivotOffset": {
          "position": [
            0,
            0,
            0
          ],
          "rotation": [
            1,
            0,
            0,
            0,
            1,
            0,
            0,
            0,
            1
          ]
        },
        "Reflectance": 0,
        "Transparency": 1,
        "size": [
          0.239182875,
          1.09580839,
          0.356248975
        ],
        "Name": "color5",
        "LocalCFrame": {
          "position": [
            -0.24609,
            -0.1485,
            -1.33325
          ],
          "rotation": [
            0.94893,
            -0.0343,
            0.313616,
            0.315299,
            0.068887,
            -0.946489,
            0.010861,
            0.997035,
            0.076184
          ]
        }
      }
    },
    {
      "id": "RBX93BA73C173B244E69EB3B3FCD0CA21A8",
      "parent": "RBXECE52F976F194FB58E64A5A44A3D38E6",
      "class": "UnionOperation",
      "name": "color1",
      "properties": {
        "UsePartColor": true,
        "Anchored": false,
        "CanCollide": true,
        "CanQuery": true,
        "CanTouch": true,
        "Color3uint8": [
          0.972549,
          0.972549,
          0.972549
        ],
        "Massless": false,
        "Material": 272,
        "PivotOffset": {
          "position": [
            0,
            0,
            0
          ],
          "rotation": [
            1,
            0,
            0,
            0,
            1,
            0,
            0,
            0,
            1
          ]
        },
        "Reflectance": 0,
        "Transparency": 1,
        "size": [
          0.673177063,
          0.701602459,
          0.511858165
        ],
        "Name": "color1",
        "LocalCFrame": {
          "position": [
            0.04248,
            0.4687,
            -1.95801
          ],
          "rotation": [
            -1,
            -0.000008,
            -0.000055,
            -0.000052,
            0.49033,
            0.871537,
            0.00002,
            0.871537,
            -0.490331
          ]
        }
      }
    },
    {
      "id": "RBXD7602B8558994E758B24AFD74385073A",
      "parent": "RBXECE52F976F194FB58E64A5A44A3D38E6",
      "class": "UnionOperation",
      "name": "color5",
      "properties": {
        "UsePartColor": true,
        "Anchored": false,
        "CanCollide": true,
        "CanQuery": true,
        "CanTouch": true,
        "Color3uint8": [
          0.972549,
          0.972549,
          0.972549
        ],
        "Massless": false,
        "Material": 272,
        "PivotOffset": {
          "position": [
            0,
            0,
            0
          ],
          "rotation": [
            1,
            0,
            0,
            0,
            1,
            0,
            0,
            0,
            1
          ]
        },
        "Reflectance": 0,
        "Transparency": 1,
        "size": [
          0.362059057,
          2.506603,
          1.02007127
        ],
        "Name": "color5",
        "LocalCFrame": {
          "position": [
            0.0337,
            -0.0899,
            -0.98999
          ],
          "rotation": [
            -1,
            0.000041,
            -0.000033,
            -0.000049,
            -0.476723,
            0.879054,
            0.000021,
            0.879054,
            0.476723
          ]
        }
      }
    },
    {
      "id": "RBX81472BAE52244C5BBA56B9C191BED5D3",
      "parent": "RBXECE52F976F194FB58E64A5A44A3D38E6",
      "class": "UnionOperation",
      "name": "color5",
      "properties": {
        "UsePartColor": true,
        "Anchored": false,
        "CanCollide": true,
        "CanQuery": true,
        "CanTouch": true,
        "Color3uint8": [
          0.972549,
          0.972549,
          0.972549
        ],
        "Massless": false,
        "Material": 272,
        "PivotOffset": {
          "position": [
            0,
            0,
            0
          ],
          "rotation": [
            1,
            0,
            0,
            0,
            1,
            0,
            0,
            0,
            1
          ]
        },
        "Reflectance": 0,
        "Transparency": 1,
        "size": [
          0.855083764,
          2.91952467,
          0.922073126
        ],
        "Name": "color5",
        "LocalCFrame": {
          "position": [
            0.0337,
            -0.0703,
            -0.8031
          ],
          "rotation": [
            -1,
            0.000031,
            -0.000044,
            -0.00005,
            -0.207794,
            0.978173,
            0.000022,
            0.978173,
            0.207794
          ]
        }
      }
    },
    {
      "id": "RBXCEA2CD89F3D5480C9F1CB3FCF292D99A",
      "parent": "RBX81472BAE52244C5BBA56B9C191BED5D3",
      "class": "Motor6D",
      "name": "urethra",
      "properties": {
        "C0": {
          "position": [
            -0.000228263729,
            -0.17861639,
            -0.058522895
          ],
          "rotation": [
            1,
            0.00000136332346,
            -3.03055458e-7,
            -0.00000122116944,
            0.95892626,
            0.283655882,
            6.73657382e-7,
            -0.283655852,
            0.95892626
          ]
        },
        "C1": {
          "position": [
            0,
            0,
            0
          ],
          "rotation": [
            1,
            0,
            0,
            0,
            1,
            0,
            0,
            0,
            1
          ]
        },
        "Enabled": true,
        "Part0": "RBX81472BAE52244C5BBA56B9C191BED5D3",
        "Part1": "RBXD7602B8558994E758B24AFD74385073A",
        "Name": "urethra"
      }
    },
    {
      "id": "RBXB3733F9B21364C0DBAD79D2C404154AA",
      "parent": "RBX81472BAE52244C5BBA56B9C191BED5D3",
      "class": "Motor6D",
      "name": "tip",
      "properties": {
        "C0": {
          "position": [
            -0.00898788311,
            -1.24181175,
            0.287876278
          ],
          "rotation": [
            1,
            0.00000207558151,
            9.18792466e-7,
            -9.50723916e-7,
            0.75062573,
            -0.660727739,
            -0.00000206473169,
            0.66072768,
            0.75062573
          ]
        },
        "C1": {
          "position": [
            0,
            0,
            0
          ],
          "rotation": [
            1,
            0,
            0,
            0,
            1,
            0,
            0,
            0,
            1
          ]
        },
        "Enabled": true,
        "Part0": "RBX81472BAE52244C5BBA56B9C191BED5D3",
        "Part1": "RBX93BA73C173B244E69EB3B3FCD0CA21A8",
        "Name": "tip"
      }
    },
    {
      "id": "RBX7A505C7A142148A495BA5B6374C30363",
      "parent": "RBX81472BAE52244C5BBA56B9C191BED5D3",
      "class": "Motor6D",
      "name": "Union",
      "properties": {
        "C0": {
          "position": [
            -0.310124815,
            -0.586352468,
            0.0549384542
          ],
          "rotation": [
            -0.303783685,
            0.31418559,
            0.899445951,
            0.616900623,
            0.784308553,
            -0.0656115264,
            -0.726053238,
            0.534935832,
            -0.432079792
          ]
        },
        "C1": {
          "position": [
            0,
            0,
            0
          ],
          "rotation": [
            1,
            0,
            0,
            0,
            1,
            0,
            0,
            0,
            1
          ]
        },
        "Enabled": true,
        "Part0": "RBX81472BAE52244C5BBA56B9C191BED5D3",
        "Part1": "RBXB9FAFD8CF0734277ACCFE069F1E4179E",
        "Name": "Union"
      }
    },
    {
      "id": "RBX4F3CF233B47C488C9E58F2D66963CE5F",
      "parent": "RBX81472BAE52244C5BBA56B9C191BED5D3",
      "class": "Motor6D",
      "name": "Union",
      "properties": {
        "C0": {
          "position": [
            0.279851377,
            -0.502579689,
            -0.185797766
          ],
          "rotation": [
            -0.948945522,
            0.0343185924,
            -0.313567549,
            -0.0548634455,
            0.960956752,
            0.271205038,
            0.310632259,
            0.27456221,
            -0.910012782
          ]
        },
        "C1": {
          "position": [
            0,
            0,
            0
          ],
          "rotation": [
            1,
            0,
            0,
            0,
            1,
            0,
            0,
            0,
            1
          ]
        },
        "Enabled": true,
        "Part0": "RBX81472BAE52244C5BBA56B9C191BED5D3",
        "Part1": "RBXD7291E91F61747149C9E352F3633B688",
        "Name": "Union"
      }
    },
    {
      "id": "RBX05E49F86744545EB988F6F83FD1495C7",
      "parent": "RBX81472BAE52244C5BBA56B9C191BED5D3",
      "class": "Motor6D",
      "name": "Union",
      "properties": {
        "C0": {
          "position": [
            0.213826075,
            0.363053501,
            -0.16770786
          ],
          "rotation": [
            -0.685698569,
            -0.46371761,
            -0.561055541,
            -0.376358211,
            0.885640562,
            -0.272020817,
            0.623034537,
            0.0246336069,
            -0.781806469
          ]
        },
        "C1": {
          "position": [
            0,
            0,
            0
          ],
          "rotation": [
            1,
            0,
            0,
            0,
            1,
            0,
            0,
            0,
            1
          ]
        },
        "Enabled": true,
        "Part0": "RBX81472BAE52244C5BBA56B9C191BED5D3",
        "Part1": "RBX87C1E9E7A9B54C53B9ADEB6C5102A81F",
        "Name": "Union"
      }
    },
    {
      "id": "RBXD29BCE9C0CFA4E889CE1361CE405759F",
      "parent": "RBX81472BAE52244C5BBA56B9C191BED5D3",
      "class": "Motor6D",
      "name": "Union",
      "properties": {
        "C0": {
          "position": [
            -0.290494174,
            -0.290865064,
            0.0242494587
          ],
          "rotation": [
            -0.0178767499,
            -0.24951078,
            0.968206942,
            0.961916268,
            0.259879798,
            0.0847326368,
            -0.27275908,
            0.93284893,
            0.235362619
          ]
        },
        "C1": {
          "position": [
            0,
            0,
            0
          ],
          "rotation": [
            1,
            0,
            0,
            0,
            1,
            0,
            0,
            0,
            1
          ]
        },
        "Enabled": true,
        "Part0": "RBX81472BAE52244C5BBA56B9C191BED5D3",
        "Part1": "RBXDAA7E46182BD4FFB84C4DD9C46282135",
        "Name": "Union"
      }
    },
    {
      "id": "RBXFB59FF8C382B4159B01FC621A459E6BC",
      "parent": "RBX81472BAE52244C5BBA56B9C191BED5D3",
      "class": "Motor6D",
      "name": "Union",
      "properties": {
        "C0": {
          "position": [
            -0.0885948613,
            0.497158378,
            0.363205016
          ],
          "rotation": [
            -0.922334492,
            0.267795175,
            -0.278540492,
            0.216982558,
            0.955448329,
            0.200092822,
            0.319714934,
            0.124114089,
            -0.93934989
          ]
        },
        "C1": {
          "position": [
            0,
            0,
            0
          ],
          "rotation": [
            1,
            0,
            0,
            0,
            1,
            0,
            0,
            0,
            1
          ]
        },
        "Enabled": true,
        "Part0": "RBX81472BAE52244C5BBA56B9C191BED5D3",
        "Part1": "RBX27883DF9F69447B7A2599245F3F068A8",
        "Name": "Union"
      }
    },
    {
      "id": "RBX817C538DCF6C4A5C88B2739113D63402",
      "parent": "RBX81472BAE52244C5BBA56B9C191BED5D3",
      "class": "Motor6D",
      "name": "Union",
      "properties": {
        "C0": {
          "position": [
            0.29765594,
            -0.714237213,
            -0.192606434
          ],
          "rotation": [
            -0.964953959,
            -0.185506433,
            -0.185611039,
            0.040298935,
            0.594166815,
            -0.803338349,
            0.259307563,
            -0.782660186,
            -0.565866709
          ]
        },
        "C1": {
          "position": [
            0,
            0,
            0
          ],
          "rotation": [
            1,
            0,
            0,
            0,
            1,
            0,
            0,
            0,
            1
          ]
        },
        "Enabled": true,
        "Part0": "RBX81472BAE52244C5BBA56B9C191BED5D3",
        "Part1": "RBXD25248EDDB9A4CE881B41DA9672351AC",
        "Name": "Union"
      }
    }
  ]
}
