{
  "format": "overlay_json_v1",
  "kind": "morph_bundle",
  "version": 1,
  "asset_id": "morph_2269-flared-scripted-clean",
  "name": "Flared (scripted) Clean",
  "source_file": "2269-flared-scripted-clean.rbxmx",
  "anchor": "HumanoidRootPart",
  "anchor_candidates": [
    "HumanoidRootPart",
    "UpperTorso",
    "Torso",
    "Head"
  ],
  "jiggle": false,
  "root_cframe": {
    "position": [
      2989.57129,
      -1318.37952,
      3072.44946
    ],
    "rotation": [
      -1.19114021e-22,
      -2.66453526e-15,
      1,
      2.13162821e-14,
      1,
      -2.66453526e-15,
      -1,
      -2.13162821e-14,
      1.19114021e-22
    ]
  },
  "class_counts": {
    "Folder": 1,
    "Model": 3,
    "Part": 4,
    "SpecialMesh": 1,
    "MeshPart": 9,
    "Weld": 14,
    "UnionOperation": 5,
    "Attachment": 3,
    "ParticleEmitter": 3
  },
  "nodes": [
    {
      "id": "RBX59E60A6DA36F4036B0775CC7E252CDF5",
      "parent": null,
      "class": "Folder",
      "name": "Flared (scripted) Clean",
      "properties": {
        "Name": "Flared (scripted) Clean"
      }
    },
    {
      "id": "RBXECFA2010AC8F4684B0F0C02BC87ED304",
      "parent": "RBX59E60A6DA36F4036B0775CC7E252CDF5",
      "class": "Model",
      "name": "LowerStaticA",
      "properties": {
        "PrimaryPart": "RBXC400A0C7461C41FE92E26B5D84C621DF",
        "Name": "LowerStaticA"
      }
    },
    {
      "id": "RBXC400A0C7461C41FE92E26B5D84C621DF",
      "parent": "RBXECFA2010AC8F4684B0F0C02BC87ED304",
      "class": "Part",
      "name": "Middle",
      "properties": {
        "shape": 1,
        "Anchored": true,
        "CanCollide": false,
        "CanQuery": true,
        "CanTouch": true,
        "Color3uint8": [
          0.066667,
          0.066667,
          0.066667
        ],
        "Massless": false,
        "Material": 272,
        "PivotOffset": {
          "position": [
            0,
            0,
            0
          ],
          "rotation": [
            1,
            0,
            0,
            0,
            1,
            0,
            0,
            0,
            1
          ]
        },
        "Reflectance": 0,
        "Transparency": 0,
        "size": [
          2,
          2,
          1
        ],
        "Name": "Middle",
        "LocalCFrame": {
          "position": [
            0,
            0,
            0
          ],
          "rotation": [
            1,
            0,
            0,
            0,
            1,
            0,
            0,
            0,
            1
          ]
        }
      }
    },
    {
      "id": "RBX781FD87FA796455BB12FB458B6C20E05",
      "parent": "RBXC400A0C7461C41FE92E26B5D84C621DF",
      "class": "SpecialMesh",
      "name": "Mesh",
      "properties": {
        "MeshType": 5,
        "MeshId": "rbxassetid://12221758",
        "TextureId": null,
        "Offset": [
          0,
          0,
          0
        ],
        "Scale": [
          1,
          1,
          1
        ],
        "VertexColor": [
          1,
          1,
          1
        ],
        "Name": "Mesh"
      }
    },
    {
      "id": "RBXFC95483129384608820A1048CCB5ED93",
      "parent": "RBX59E60A6DA36F4036B0775CC7E252CDF5",
      "class": "Model",
      "name": "Orbs",
      "properties": {
        "PrimaryPart": null,
        "Name": "Orbs"
      }
    },
    {
      "id": "RBXA540541C00774ED997BF33D8D8D8F541",
      "parent": "RBXFC95483129384608820A1048CCB5ED93",
      "class": "MeshPart",
      "name": "color5",
      "properties": {
        "HasSkinnedMesh": false,
        "MeshId": "rbxassetid://7715521569",
        "RenderFidelity": 0,
        "TextureID": null,
        "Anchored": false,
        "CanCollide": false,
        "CanQuery": true,
        "CanTouch": true,
        "Color3uint8": [
          0.066667,
          0.066667,
          0.066667
        ],
        "Massless": true,
        "Material": 272,
        "PivotOffset": {
          "position": [
            0,
            0,
            0
          ],
          "rotation": [
            1,
            0,
            0,
            0,
            1,
            0,
            0,
            0,
            1
          ]
        },
        "Reflectance": 0,
        "Transparency": 0,
        "size": [
          0.569155872,
          1.28957212,
          0.953356147
        ],
        "Name": "color5",
        "LocalCFrame": {
          "position": [
            -0.00977,
            -1.2019,
            -0.59375
          ],
          "rotation": [
            0.000024,
            0.000047,
            -1,
            -0.047442,
            0.998874,
            0.000046,
            0.998874,
            0.047442,
            0.000026
          ]
        }
      }
    },
    {
      "id": "RBXCF42C7AD44F24CA981B70083770D9E88",
      "parent": "RBXFC95483129384608820A1048CCB5ED93",
      "class": "Part",
      "name": "Middle",
      "properties": {
        "shape": 1,
        "Anchored": true,
        "CanCollide": false,
        "CanQuery": true,
        "CanTouch": true,
        "Color3uint8": [
          1,
          0,
          0
        ],
        "Massless": false,
        "Material": 256,
        "PivotOffset": {
          "position": [
            0,
            0,
            0
          ],
          "rotation": [
            1,
            0,
            0,
            0,
            1,
            0,
            0,
            0,
            1
          ]
        },
        "Reflectance": 0,
        "Transparency": 0,
        "size": [
          0.200000003,
          0.200000003,
          0.200000003
        ],
        "Name": "Middle",
        "LocalCFrame": {
          "position": [
            -0.00025,
            -0.84997,
            -0.5
          ],
          "rotation": [
            1,
            0,
            0,
            0,
            1,
            0,
            0,
            0,
            1
          ]
        }
      }
    },
    {
      "id": "RBXE904EE69E65343DEB8EA543B9E956B96",
      "parent": "RBX59E60A6DA36F4036B0775CC7E252CDF5",
      "class": "Model",
      "name": "Rod",
      "properties": {
        "PrimaryPart": null,
        "Name": "Rod"
      }
    },
    {
      "id": "RBX01251908D40342EC8016DBA627769339",
      "parent": "RBXE904EE69E65343DEB8EA543B9E956B96",
      "class": "MeshPart",
      "name": "Cover",
      "properties": {
        "HasSkinnedMesh": false,
        "MeshId": "rbxassetid://5624816175",
        "RenderFidelity": 1,
        "TextureID": null,
        "Anchored": true,
        "CanCollide": true,
        "CanQuery": true,
        "CanTouch": true,
        "Color3uint8": [
          0.972549,
          0.972549,
          0.972549
        ],
        "Massless": false,
        "Material": 1568,
        "PivotOffset": {
          "position": [
            0,
            0,
            0
          ],
          "rotation": [
            1,
            0,
            0,
            0,
            1,
            0,
            0,
            0,
            1
          ]
        },
        "Reflectance": 0,
        "Transparency": 0,
        "size": [
          0.13886717,
          0.133820415,
          0.307669044
        ],
        "Name": "Cover",
        "LocalCFrame": {
          "position": [
            -0.00708,
            -0.47558,
            -1.16797
          ],
          "rotation": [
            1,
            -0.000004,
            0.00001,
            0,
            0.913542,
            0.406744,
            -0.000011,
            -0.406744,
            0.913542
          ]
        }
      }
    },
    {
      "id": "RBXF5BC6EF672A545BFA5C7E81861C5C2F0",
      "parent": "RBX01251908D40342EC8016DBA627769339",
      "class": "Weld",
      "name": "BTWeld",
      "properties": {
        "C0": {
          "position": [
            0,
            0,
            0
          ],
          "rotation": [
            1,
            0,
            0,
            0,
            1,
            0,
            0,
            0,
            1
          ]
        },
        "C1": {
          "position": [
            -0.00887966156,
            0.596618652,
            0.199401855
          ],
          "rotation": [
            1,
            -7.51106011e-10,
            1.37397682e-9,
            1.56585245e-9,
            0.484810829,
            -0.874619126,
            -9.16592496e-12,
            0.874619126,
            0.484810859
          ]
        },
        "Enabled": true,
        "Part0": "RBX01251908D40342EC8016DBA627769339",
        "Part1": "RBX3F86BB8FAB994BFFB09F302B31A91D92",
        "Name": "BTWeld"
      }
    },
    {
      "id": "RBXB5D2B922716D4D06A5B8E221DE4B1184",
      "parent": "RBX01251908D40342EC8016DBA627769339",
      "class": "Weld",
      "name": "BTWeld",
      "properties": {
        "C0": {
          "position": [
            0,
            0,
            0
          ],
          "rotation": [
            1,
            0,
            0,
            0,
            1,
            0,
            0,
            0,
            1
          ]
        },
        "C1": {
          "position": [
            0.00513267517,
            0.227539062,
            0.00942230225
          ],
          "rotation": [
            1,
            9.73700287e-15,
            4.33507397e-15,
            1.05789943e-14,
            0.857165515,
            0.515041173,
            -1.2988742e-15,
            -0.515041173,
            0.857165635
          ]
        },
        "Enabled": true,
        "Part0": "RBX01251908D40342EC8016DBA627769339",
        "Part1": "RBX0D81A342C6894C479BA4459104BD4159",
        "Name": "BTWeld"
      }
    },
    {
      "id": "RBX53B0B12C6B494714B4EC7DA1B05CD762",
      "parent": "RBX01251908D40342EC8016DBA627769339",
      "class": "Weld",
      "name": "BTWeld",
      "properties": {
        "C0": {
          "position": [
            0,
            0,
            0
          ],
          "rotation": [
            1,
            0,
            0,
            0,
            1,
            0,
            0,
            0,
            1
          ]
        },
        "C1": {
          "position": [
            -0.0148677826,
            0.419525146,
            0.392700195
          ],
          "rotation": [
            1,
            -8.51017607e-12,
            -2.31329495e-12,
            6.36591301e-12,
            0.515033543,
            0.857170045,
            -6.10324291e-12,
            -0.857170045,
            0.515033543
          ]
        },
        "Enabled": true,
        "Part0": "RBX01251908D40342EC8016DBA627769339",
        "Part1": "RBXB2FFD589D0764176BA41E9F679DAF992",
        "Name": "BTWeld"
      }
    },
    {
      "id": "RBX579E335242FC4E2CA4F043920D2F59BC",
      "parent": "RBX01251908D40342EC8016DBA627769339",
      "class": "Weld",
      "name": "BTWeld",
      "properties": {
        "C0": {
          "position": [
            0,
            0,
            0
          ],
          "rotation": [
            1,
            0,
            0,
            0,
            1,
            0,
            0,
            0,
            1
          ]
        },
        "C1": {
          "position": [
            0.0083656311,
            -0.667060852,
            -0.096862793
          ],
          "rotation": [
            -0.999750972,
            0.00824496523,
            -0.0207370091,
            0.0221967865,
            0.463314623,
            -0.885915875,
            0.00230341405,
            -0.886155605,
            -0.463382334
          ]
        },
        "Enabled": true,
        "Part0": "RBX01251908D40342EC8016DBA627769339",
        "Part1": "RBX1BCBB639359642468EA34484A5547EDE",
        "Name": "BTWeld"
      }
    },
    {
      "id": "RBXF3A4C3962A9E40DFB2D00F660A04B9C8",
      "parent": "RBX01251908D40342EC8016DBA627769339",
      "class": "Weld",
      "name": "BTWeld",
      "properties": {
        "C0": {
          "position": [
            0,
            0,
            0
          ],
          "rotation": [
            1,
            0,
            0,
            0,
            1,
            0,
            0,
            0,
            1
          ]
        },
        "C1": {
          "position": [
            -0.533267975,
            0.288452148,
            0.00889778137
          ],
          "rotation": [
            -4.32640199e-8,
            -0.358372241,
            0.933578908,
            -1.35915883e-8,
            0.933578789,
            0.358372241,
            -1,
            2.8157856e-9,
            -4.52612312e-8
          ]
        },
        "Enabled": true,
        "Part0": "RBX01251908D40342EC8016DBA627769339",
        "Part1": "RBX59023D2E8F904542A406A0851534C5A4",
        "Name": "BTWeld"
      }
    },
    {
      "id": "RBX87E530C128604FE49E2879426FD7BC4F",
      "parent": "RBX01251908D40342EC8016DBA627769339",
      "class": "Weld",
      "name": "BTWeld",
      "properties": {
        "C0": {
          "position": [
            0,
            0,
            0
          ],
          "rotation": [
            1,
            0,
            0,
            0,
            1,
            0,
            0,
            0,
            1
          ]
        },
        "C1": {
          "position": [
            0.0151329041,
            0.101623535,
            -0.147697449
          ],
          "rotation": [
            1,
            9.73700287e-15,
            4.33507397e-15,
            1.04248207e-14,
            0.978147268,
            0.207912907,
            2.21602793e-15,
            -0.207912922,
            0.978147507
          ]
        },
        "Enabled": true,
        "Part0": "RBX01251908D40342EC8016DBA627769339",
        "Part1": "RBX4256E35BF6D54D65AB9A9B7380687A2C",
        "Name": "BTWeld"
      }
    },
    {
      "id": "RBX8B65A0FF0CE74FBFA6BE88DAB7A39957",
      "parent": "RBX01251908D40342EC8016DBA627769339",
      "class": "Weld",
      "name": "BTWeld",
      "properties": {
        "C0": {
          "position": [
            0,
            0,
            0
          ],
          "rotation": [
            1,
            0,
            0,
            0,
            1,
            0,
            0,
            0,
            1
          ]
        },
        "C1": {
          "position": [
            -0.529823303,
            0.288269043,
            0.00889778137
          ],
          "rotation": [
            -4.32640199e-8,
            -0.358372241,
            0.933578908,
            -1.35915883e-8,
            0.933578789,
            0.358372241,
            -1,
            2.8157856e-9,
            -4.52612312e-8
          ]
        },
        "Enabled": true,
        "Part0": "RBX01251908D40342EC8016DBA627769339",
        "Part1": "RBX831AE89500974B63877C5C68FECEA560",
        "Name": "BTWeld"
      }
    },
    {
      "id": "RBXC9E67BE9447B42E594E3FFD8CB7A1379",
      "parent": "RBX01251908D40342EC8016DBA627769339",
      "class": "Weld",
      "name": "BTWeld",
      "properties": {
        "C0": {
          "position": [
            0,
            0,
            0
          ],
          "rotation": [
            1,
            0,
            0,
            0,
            1,
            0,
            0,
            0,
            1
          ]
        },
        "C1": {
          "position": [
            -0.0283050537,
            0.209106445,
            0.0260238647
          ],
          "rotation": [
            0.980112135,
            -0.119095594,
            -0.158733755,
            0.180463567,
            0.867621422,
            0.463320732,
            0.0825413391,
            -0.482751876,
            0.871858716
          ]
        },
        "Enabled": true,
        "Part0": "RBX01251908D40342EC8016DBA627769339",
        "Part1": "RBX91BDFFE0470D4266871A1BAFA6AE30E1",
        "Name": "BTWeld"
      }
    },
    {
      "id": "RBX562CED6EB6FE4B04B931D62742E330A8",
      "parent": "RBX01251908D40342EC8016DBA627769339",
      "class": "Weld",
      "name": "BTWeld",
      "properties": {
        "C0": {
          "position": [
            0,
            0,
            0
          ],
          "rotation": [
            1,
            0,
            0,
            0,
            1,
            0,
            0,
            0,
            1
          ]
        },
        "C1": {
          "position": [
            -0.562072754,
            0.204528809,
            0.00820827484
          ],
          "rotation": [
            0.0000277981253,
            -0.484962881,
            0.874534845,
            0.0000449773179,
            0.874534786,
            0.48496291,
            -1,
            0.0000258531691,
            0.0000461227501
          ]
        },
        "Enabled": true,
        "Part0": "RBX01251908D40342EC8016DBA627769339",
        "Part1": "RBXFB8D8C2D01424B24B1CB07E0E5F703E7",
        "Name": "BTWeld"
      }
    },
    {
      "id": "RBX8AD2086055634EBCB5BA9C816C918FF6",
      "parent": "RBX01251908D40342EC8016DBA627769339",
      "class": "Weld",
      "name": "BTWeld",
      "properties": {
        "C0": {
          "position": [
            0,
            0,
            0
          ],
          "rotation": [
            1,
            0,
            0,
            0,
            1,
            0,
            0,
            0,
            1
          ]
        },
        "C1": {
          "position": [
            -0.00689506531,
            0.358276367,
            -0.59198761
          ],
          "rotation": [
            1,
            5.83522189e-11,
            2.99625394e-11,
            -6.54729673e-11,
            0.913544357,
            0.406739116,
            -3.63797881e-12,
            -0.406739086,
            0.913544416
          ]
        },
        "Enabled": true,
        "Part0": "RBX01251908D40342EC8016DBA627769339",
        "Part1": "RBXB964DD7BA58A417E83228FFEBA034E4E",
        "Name": "BTWeld"
      }
    },
    {
      "id": "RBX387C84D1DCF5438E8A843C580813AC7C",
      "parent": "RBX01251908D40342EC8016DBA627769339",
      "class": "Weld",
      "name": "BTWeld",
      "properties": {
        "C0": {
          "position": [
            0,
            0,
            0
          ],
          "rotation": [
            1,
            0,
            0,
            0,
            1,
            0,
            0,
            0,
            1
          ]
        },
        "C1": {
          "position": [
            -0.00999927521,
            -0.0510864258,
            0.257705688
          ],
          "rotation": [
            1,
            9.73700287e-15,
            4.33507397e-15,
            1.02452768e-14,
            0.990267992,
            0.139173895,
            2.93780842e-15,
            -0.139173865,
            0.990268111
          ]
        },
        "Enabled": true,
        "Part0": "RBX01251908D40342EC8016DBA627769339",
        "Part1": "RBX641F312E721744669605D02D91355460",
        "Name": "BTWeld"
      }
    },
    {
      "id": "RBXA8B8DAD0FC014A1196362C34B3BF0451",
      "parent": "RBX01251908D40342EC8016DBA627769339",
      "class": "Weld",
      "name": "BTWeld",
      "properties": {
        "C0": {
          "position": [
            0,
            0,
            0
          ],
          "rotation": [
            1,
            0,
            0,
            0,
            1,
            0,
            0,
            0,
            1
          ]
        },
        "C1": {
          "position": [
            -0.00486755371,
            0.26348877,
            0.107818604
          ],
          "rotation": [
            1,
            9.73700287e-15,
            4.33507397e-15,
            1.03849221e-14,
            0.798632979,
            0.601818502,
            -2.3977131e-15,
            -0.601818502,
            0.798633099
          ]
        },
        "Enabled": true,
        "Part0": "RBX01251908D40342EC8016DBA627769339",
        "Part1": "RBX32C3E2911CE4451390480F5C709CAF5C",
        "Name": "BTWeld"
      }
    },
    {
      "id": "RBXE82C175D863341F8A66BF6DE3D13ABE9",
      "parent": "RBX01251908D40342EC8016DBA627769339",
      "class": "Weld",
      "name": "BTWeld",
      "properties": {
        "C0": {
          "position": [
            0,
            0,
            0
          ],
          "rotation": [
            1,
            0,
            0,
            0,
            1,
            0,
            0,
            0,
            1
          ]
        },
        "C1": {
          "position": [
            0.00513267517,
            0.217102051,
            0.0515594482
          ],
          "rotation": [
            1,
            9.73700287e-15,
            4.33507397e-15,
            1.06321202e-14,
            0.882946134,
            0.469474465,
            -7.4354585e-16,
            -0.469474405,
            0.882946134
          ]
        },
        "Enabled": true,
        "Part0": "RBX01251908D40342EC8016DBA627769339",
        "Part1": "RBXF2BE01DA2C114B59BF060A6080BED97F",
        "Name": "BTWeld"
      }
    },
    {
      "id": "RBX4002CF26C87146B6884CDE5A9D187620",
      "parent": "RBX01251908D40342EC8016DBA627769339",
      "class": "Weld",
      "name": "BTWeld",
      "properties": {
        "C0": {
          "position": [
            0,
            0,
            0
          ],
          "rotation": [
            1,
            0,
            0,
            0,
            1,
            0,
            0,
            0,
            1
          ]
        },
        "C1": {
          "position": [
            0.0145816803,
            0.191101074,
            -0.0668029785
          ],
          "rotation": [
            -0.0106520606,
            -0.368734539,
            0.929473877,
            -0.278726906,
            0.893780291,
            0.351380229,
            -0.960311413,
            -0.25532645,
            -0.112296849
          ]
        },
        "Enabled": true,
        "Part0": "RBX01251908D40342EC8016DBA627769339",
        "Part1": "RBX8624A422A2A2466FBA014B0FE748B5C4",
        "Name": "BTWeld"
      }
    },
    {
      "id": "RBX641F312E721744669605D02D91355460",
      "parent": "RBXE904EE69E65343DEB8EA543B9E956B96",
      "class": "MeshPart",
      "name": "Cover",
      "properties": {
        "HasSkinnedMesh": false,
        "MeshId": "rbxassetid://5624816175",
        "RenderFidelity": 1,
        "TextureID": null,
        "Anchored": true,
        "CanCollide": true,
        "CanQuery": true,
        "CanTouch": true,
        "Color3uint8": [
          0.972549,
          0.972549,
          0.972549
        ],
        "Massless": false,
        "Material": 1568,
        "PivotOffset": {
          "position": [
            0,
            0,
            0
          ],
          "rotation": [
            1,
            0,
            0,
            0,
            1,
            0,
            0,
            0,
            1
          ]
        },
        "Reflectance": 0,
        "Transparency": 0,
        "size": [
          0.141105592,
          0.182418406,
          0.339364111
        ],
        "Name": "Cover",
        "LocalCFrame": {
          "position": [
            0.00293,
            -0.49731,
            -1.43018
          ],
          "rotation": [
            1,
            -0.000003,
            0.00001,
            0,
            0.96126,
            0.275643,
            -0.000011,
            -0.275643,
            0.96126
          ]
        }
      }
    },
    {
      "id": "RBX4256E35BF6D54D65AB9A9B7380687A2C",
      "parent": "RBXE904EE69E65343DEB8EA543B9E956B96",
      "class": "MeshPart",
      "name": "Cover",
      "properties": {
        "HasSkinnedMesh": false,
        "MeshId": "rbxassetid://5624816175",
        "RenderFidelity": 1,
        "TextureID": null,
        "Anchored": true,
        "CanCollide": true,
        "CanQuery": true,
        "CanTouch": true,
        "Color3uint8": [
          0.972549,
          0.972549,
          0.972549
        ],
        "Massless": false,
        "Material": 1568,
        "PivotOffset": {
          "position": [
            0,
            0,
            0
          ],
          "rotation": [
            1,
            0,
            0,
            0,
            1,
            0,
            0,
            0,
            1
          ]
        },
        "Reflectance": 0,
        "Transparency": 0,
        "size": [
          0.123180673,
          0.0724183917,
          0.494681656
        ],
        "Name": "Cover",
        "LocalCFrame": {
          "position": [
            -0.02222,
            -0.54406,
            -1.00269
          ],
          "rotation": [
            1,
            -0.000002,
            0.00001,
            0,
            0.978147,
            0.207916,
            -0.000011,
            -0.207916,
            0.978147
          ]
        }
      }
    },
    {
      "id": "RBXB2FFD589D0764176BA41E9F679DAF992",
      "parent": "RBXE904EE69E65343DEB8EA543B9E956B96",
      "class": "MeshPart",
      "name": "Cover",
      "properties": {
        "HasSkinnedMesh": false,
        "MeshId": "rbxassetid://5624816175",
        "RenderFidelity": 1,
        "TextureID": null,
        "Anchored": true,
        "CanCollide": true,
        "CanQuery": true,
        "CanTouch": true,
        "Color3uint8": [
          0.972549,
          0.972549,
          0.972549
        ],
        "Massless": false,
        "Material": 1568,
        "PivotOffset": {
          "position": [
            0,
            0,
            0
          ],
          "rotation": [
            1,
            0,
            0,
            0,
            1,
            0,
            0,
            0,
            1
          ]
        },
        "Reflectance": 0,
        "Transparency": 0,
        "size": [
          0.139496088,
          0.156151965,
          0.316090643
        ],
        "Name": "Cover",
        "LocalCFrame": {
          "position": [
            0.00781,
            -0.59387,
            -1.73047
          ],
          "rotation": [
            1,
            0.000006,
            0.000009,
            0,
            0.819146,
            -0.573585,
            -0.000011,
            0.573585,
            0.819146
          ]
        }
      }
    },
    {
      "id": "RBX32C3E2911CE4451390480F5C709CAF5C",
      "parent": "RBXE904EE69E65343DEB8EA543B9E956B96",
      "class": "MeshPart",
      "name": "Cover",
      "properties": {
        "HasSkinnedMesh": false,
        "MeshId": "rbxassetid://5624816175",
        "RenderFidelity": 1,
        "TextureID": null,
        "Anchored": true,
        "CanCollide": true,
        "CanQuery": true,
        "CanTouch": true,
        "Color3uint8": [
          0.972549,
          0.972549,
          0.972549
        ],
        "Massless": false,
        "Material": 1568,
        "PivotOffset": {
          "position": [
            0,
            0,
            0
          ],
          "rotation": [
            1,
            0,
            0,
            0,
            1,
            0,
            0,
            0,
            1
          ]
        },
        "Reflectance": 0,
        "Transparency": 0,
        "size": [
          0.484136015,
          0.491544753,
          1.0487833
        ],
        "Name": "Cover",
        "LocalCFrame": {
          "position": [
            -0.0022,
            -0.70776,
            -1.33252
          ],
          "rotation": [
            1,
            0.000002,
            0.00001,
            0,
            0.974369,
            -0.224956,
            -0.000011,
            0.224956,
            0.974369
          ]
        }
      }
    },
    {
      "id": "RBX0D81A342C6894C479BA4459104BD4159",
      "parent": "RBXE904EE69E65343DEB8EA543B9E956B96",
      "class": "MeshPart",
      "name": "Cover",
      "properties": {
        "HasSkinnedMesh": false,
        "MeshId": "rbxassetid://5624816175",
        "RenderFidelity": 1,
        "TextureID": null,
        "Anchored": true,
        "CanCollide": true,
        "CanQuery": true,
        "CanTouch": true,
        "Color3uint8": [
          0.972549,
          0.972549,
          0.972549
        ],
        "Massless": false,
        "Material": 1568,
        "PivotOffset": {
          "position": [
            0,
            0,
            0
          ],
          "rotation": [
            1,
            0,
            0,
            0,
            1,
            0,
            0,
            0,
            1
          ]
        },
        "Reflectance": 0,
        "Transparency": 0,
        "size": [
          0.544430554,
          0.521118999,
          1.19282687
        ],
        "Name": "Cover",
        "LocalCFrame": {
          "position": [
            -0.01221,
            -0.70019,
            -1.20508
          ],
          "rotation": [
            1,
            0.000001,
            0.000011,
            0,
            0.992546,
            -0.121872,
            -0.000011,
            0.121872,
            0.992546
          ]
        }
      }
    },
    {
      "id": "RBXF2BE01DA2C114B59BF060A6080BED97F",
      "parent": "RBXE904EE69E65343DEB8EA543B9E956B96",
      "class": "MeshPart",
      "name": "Cover",
      "properties": {
        "HasSkinnedMesh": false,
        "MeshId": "rbxassetid://5624816175",
        "RenderFidelity": 1,
        "TextureID": null,
        "Anchored": true,
        "CanCollide": true,
        "CanQuery": true,
        "CanTouch": true,
        "Color3uint8": [
          0.972549,
          0.972549,
          0.972549
        ],
        "Massless": false,
        "Material": 1568,
        "PivotOffset": {
          "position": [
            0,
            0,
            0
          ],
          "rotation": [
            1,
            0,
            0,
            0,
            1,
            0,
            0,
            0,
            1
          ]
        },
        "Reflectance": 0,
        "Transparency": 0,
        "size": [
          0.574604034,
          0.521055698,
          0.919313908
        ],
        "Name": "Cover",
        "LocalCFrame": {
          "position": [
            -0.01221,
            -0.68823,
            -1.23486
          ],
          "rotation": [
            1,
            0,
            0.000011,
            0,
            0.997564,
            -0.069758,
            -0.000011,
            0.069758,
            0.997564
          ]
        }
      }
    },
    {
      "id": "RBX91BDFFE0470D4266871A1BAFA6AE30E1",
      "parent": "RBXE904EE69E65343DEB8EA543B9E956B96",
      "class": "UnionOperation",
      "name": "color1",
      "properties": {
        "UsePartColor": true,
        "Anchored": false,
        "CanCollide": true,
        "CanQuery": true,
        "CanTouch": true,
        "Color3uint8": [
          0,
          1,
          0
        ],
        "Massless": false,
        "Material": 1568,
        "PivotOffset": {
          "position": [
            0,
            0,
            0
          ],
          "rotation": [
            1,
            0,
            0,
            0,
            1,
            0,
            0,
            0,
            1
          ]
        },
        "Reflectance": 0,
        "Transparency": 0,
        "size": [
          0.619000018,
          0.542999983,
          1.28799999
        ],
        "Name": "color1",
        "LocalCFrame": {
          "position": [
            -0.01929,
            -0.68335,
            -1.21118
          ],
          "rotation": [
            0.980111,
            0.180464,
            0.082552,
            -0.173363,
            0.981062,
            -0.086391,
            -0.096579,
            0.070361,
            0.992835
          ]
        }
      }
    },
    {
      "id": "RBX831AE89500974B63877C5C68FECEA560",
      "parent": "RBXE904EE69E65343DEB8EA543B9E956B96",
      "class": "UnionOperation",
      "name": "color1",
      "properties": {
        "UsePartColor": true,
        "Anchored": true,
        "CanCollide": false,
        "CanQuery": true,
        "CanTouch": true,
        "Color3uint8": [
          0,
          1,
          0
        ],
        "Massless": false,
        "Material": 800,
        "PivotOffset": {
          "position": [
            0,
            0,
            0
          ],
          "rotation": [
            1,
            0,
            0,
            0,
            1,
            0,
            0,
            0,
            1
          ]
        },
        "Reflectance": 0,
        "Transparency": 0,
        "size": [
          0.820603728,
          0.428024232,
          0.434027553
        ],
        "Name": "color1",
        "LocalCFrame": {
          "position": [
            0.00195,
            -0.73571,
            -0.62402
          ],
          "rotation": [
            -0.000005,
            0,
            -1,
            0.052333,
            0.99863,
            0,
            0.99863,
            -0.052333,
            -0.000005
          ]
        }
      }
    },
    {
      "id": "RBX59023D2E8F904542A406A0851534C5A4",
      "parent": "RBXE904EE69E65343DEB8EA543B9E956B96",
      "class": "UnionOperation",
      "name": "color1",
      "properties": {
        "UsePartColor": true,
        "Anchored": true,
        "CanCollide": false,
        "CanQuery": true,
        "CanTouch": true,
        "Color3uint8": [
          0,
          1,
          0
        ],
        "Massless": false,
        "Material": 1568,
        "PivotOffset": {
          "position": [
            0,
            0,
            0
          ],
          "rotation": [
            1,
            0,
            0,
            0,
            1,
            0,
            0,
            0,
            1
          ]
        },
        "Reflectance": 0,
        "Transparency": 0,
        "size": [
          0.813683331,
          0.414183497,
          0.434027553
        ],
        "Name": "color1",
        "LocalCFrame": {
          "position": [
            0.00195,
            -0.73559,
            -0.62061
          ],
          "rotation": [
            -0.000005,
            0,
            -1,
            0.052333,
            0.99863,
            0,
            0.99863,
            -0.052333,
            -0.000005
          ]
        }
      }
    },
    {
      "id": "RBX3F86BB8FAB994BFFB09F302B31A91D92",
      "parent": "RBXE904EE69E65343DEB8EA543B9E956B96",
      "class": "MeshPart",
      "name": "color5",
      "properties": {
        "HasSkinnedMesh": false,
        "MeshId": "rbxassetid://6318949377",
        "RenderFidelity": 1,
        "TextureID": null,
        "Anchored": true,
        "CanCollide": false,
        "CanQuery": true,
        "CanTouch": true,
        "Color3uint8": [
          0.066667,
          0.066667,
          0.066667
        ],
        "Massless": false,
        "Material": 272,
        "PivotOffset": {
          "position": [
            0,
            0,
            0
          ],
          "rotation": [
            1,
            0,
            0,
            0,
            1,
            0,
            0,
            0,
            1
          ]
        },
        "Reflectance": 0,
        "Transparency": 0,
        "size": [
          0.456,
          0.307999998,
          0.430000007
        ],
        "Name": "color5",
        "LocalCFrame": {
          "position": [
            0.00195,
            -0.7257,
            -0.59131
          ],
          "rotation": [
            1,
            -0.000011,
            0,
            0,
            0.087153,
            0.996195,
            -0.000011,
            -0.996195,
            0.087153
          ]
        }
      }
    },
    {
      "id": "RBX8624A422A2A2466FBA014B0FE748B5C4",
      "parent": "RBXE904EE69E65343DEB8EA543B9E956B96",
      "class": "UnionOperation",
      "name": "color1",
      "properties": {
        "UsePartColor": true,
        "Anchored": false,
        "CanCollide": true,
        "CanQuery": true,
        "CanTouch": true,
        "Color3uint8": [
          0,
          1,
          0
        ],
        "Massless": false,
        "Material": 1568,
        "PivotOffset": {
          "position": [
            0,
            0,
            0
          ],
          "rotation": [
            1,
            0,
            0,
            0,
            1,
            0,
            0,
            0,
            1
          ]
        },
        "Reflectance": 0,
        "Transparency": 0,
        "size": [
          1.01600003,
          0.522000015,
          0.560000002
        ],
        "Name": "color1",
        "LocalCFrame": {
          "position": [
            -0.01783,
            -0.67822,
            -1.17432
          ],
          "rotation": [
            -0.010641,
            -0.278727,
            -0.960311,
            0.041203,
            0.959428,
            -0.278928,
            0.999094,
            -0.042536,
            0.001275
          ]
        }
      }
    },
    {
      "id": "RBXFB8D8C2D01424B24B1CB07E0E5F703E7",
      "parent": "RBXE904EE69E65343DEB8EA543B9E956B96",
      "class": "UnionOperation",
      "name": "color5",
      "properties": {
        "UsePartColor": true,
        "Anchored": false,
        "CanCollide": true,
        "CanQuery": true,
        "CanTouch": true,
        "Color3uint8": [
          0.066667,
          0.066667,
          0.066667
        ],
        "Massless": false,
        "Material": 272,
        "PivotOffset": {
          "position": [
            0,
            0,
            0
          ],
          "rotation": [
            1,
            0,
            0,
            0,
            1,
            0,
            0,
            0,
            1
          ]
        },
        "Reflectance": 0,
        "Transparency": 0,
        "size": [
          0.30399999,
          0.465999991,
          0.495999992
        ],
        "Name": "color5",
        "LocalCFrame": {
          "position": [
            0.00122,
            -0.72839,
            -0.62598
          ],
          "rotation": [
            0.000038,
            0.000046,
            -1,
            -0.087322,
            0.99618,
            0.000042,
            0.99618,
            0.087322,
            0.000042
          ]
        }
      }
    },
    {
      "id": "RBX1BCBB639359642468EA34484A5547EDE",
      "parent": "RBXE904EE69E65343DEB8EA543B9E956B96",
      "class": "Part",
      "name": "cust",
      "properties": {
        "shape": 1,
        "Anchored": true,
        "CanCollide": false,
        "CanQuery": true,
        "CanTouch": true,
        "Color3uint8": [
          1,
          0.580392,
          0.580392
        ],
        "Massless": false,
        "Material": 272,
        "PivotOffset": {
          "position": [
            0,
            0,
            0
          ],
          "rotation": [
            1,
            0,
            0,
            0,
            1,
            0,
            0,
            0,
            1
          ]
        },
        "Reflectance": 0,
        "Transparency": 1,
        "size": [
          0.0500000007,
          0.0500000007,
          0.0500000007
        ],
        "Name": "cust",
        "LocalCFrame": {
          "position": [
            0.01635,
            -0.5299,
            -1.83984
          ],
          "rotation": [
            -0.999751,
            0.022186,
            0.002303,
            -0.000902,
            0.062921,
            -0.998018,
            -0.022287,
            -0.997772,
            -0.062885
          ]
        }
      }
    },
    {
      "id": "RBXF90701DFD01147F98AD63A2C13EFF694",
      "parent": "RBX1BCBB639359642468EA34484A5547EDE",
      "class": "Attachment",
      "name": "Attachment",
