{
  "format": "overlay_json_v1",
  "kind": "morph_bundle",
  "version": 1,
  "asset_id": "morph_2621-veiny",
  "name": "Veiny",
  "source_file": "2621-veiny.rbxmx",
  "anchor": "HumanoidRootPart",
  "anchor_candidates": [
    "HumanoidRootPart",
    "UpperTorso",
    "Torso",
    "Head"
  ],
  "jiggle": false,
  "root_cframe": {
    "position": [
      -826.884766,
      58.3389854,
      -457.152435
    ],
    "rotation": [
      -0.999991596,
      -0.00181786646,
      -0.00370209967,
      0.00150697492,
      -0.996605933,
      0.0823139474,
      -0.00383916986,
      0.0823076516,
      0.996599913
    ]
  },
  "class_counts": {
    "Folder": 1,
    "Model": 3,
    "Part": 4,
    "Weld": 13,
    "MeshPart": 5,
    "UnionOperation": 3,
    "PointLight": 1,
    "SpecialMesh": 1
  },
  "nodes": [
    {
      "id": "RBXB700A642BDE14EDC908D78B5C315582B",
      "parent": null,
      "class": "Folder",
      "name": "Veiny",
      "properties": {
        "Name": "Veiny"
      }
    },
    {
      "id": "RBX44118985FFF647E7AC43BBAA6CFEB8A8",
      "parent": "RBXB700A642BDE14EDC908D78B5C315582B",
      "class": "Model",
      "name": "Rod",
      "properties": {
        "PrimaryPart": null,
        "Name": "Rod"
      }
    },
    {
      "id": "RBXDD8BD7206CBD40C9A8D7F92014C79ABD",
      "parent": "RBX44118985FFF647E7AC43BBAA6CFEB8A8",
      "class": "Part",
      "name": "Particle1",
      "properties": {
        "shape": 1,
        "Anchored": true,
        "CanCollide": false,
        "CanQuery": true,
        "CanTouch": true,
        "Color3uint8": [
          1,
          0.580392,
          0.580392
        ],
        "Massless": false,
        "Material": 272,
        "PivotOffset": {
          "position": [
            0,
            0,
            0
          ],
          "rotation": [
            1,
            0,
            0,
            0,
            1,
            0,
            0,
            0,
            1
          ]
        },
        "Reflectance": 0,
        "Transparency": 0,
        "size": [
          0.114335626,
          0.114335626,
          0.114335626
        ],
        "Name": "Particle1",
        "LocalCFrame": {
          "position": [
            0,
            0,
            0
          ],
          "rotation": [
            1,
            0,
            0,
            0,
            1.000001,
            0,
            0,
            0,
            1.000001
          ]
        }
      }
    },
    {
      "id": "RBX94CEC1B3D203430AA2D95D9D20D9CD1D",
      "parent": "RBXDD8BD7206CBD40C9A8D7F92014C79ABD",
      "class": "Weld",
      "name": "BTWeld",
      "properties": {
        "C0": {
          "position": [
            0,
            0,
            0
          ],
          "rotation": [
            1,
            0,
            0,
            0,
            1,
            0,
            0,
            0,
            1
          ]
        },
        "C1": {
          "position": [
            0.018157959,
            0.0472106934,
            -0.354614258
          ],
          "rotation": [
            0.999981344,
            0.00250419741,
            0.0055740797,
            0.00203937828,
            -0.996640205,
            0.0818867534,
            0.00576043455,
            -0.0818738341,
            -0.996626377
          ]
        },
        "Enabled": true,
        "Part0": "RBXDD8BD7206CBD40C9A8D7F92014C79ABD",
        "Part1": "RBX006EFD8EA8CE4F7BA08B121396786D24",
        "Name": "BTWeld"
      }
    },
    {
      "id": "RBXA4C0C546D90B4EE18278527ADF0B920F",
      "parent": "RBXDD8BD7206CBD40C9A8D7F92014C79ABD",
      "class": "Weld",
      "name": "BTWeld",
      "properties": {
        "C0": {
          "position": [
            0,
            0,
            0
          ],
          "rotation": [
            1,
            0,
            0,
            0,
            1,
            0,
            0,
            0,
            1
          ]
        },
        "C1": {
          "position": [
            -0.183685303,
            0.216369629,
            0.0055847168
          ],
          "rotation": [
            -0.00175599463,
            -0.624541342,
            0.780991554,
            0.00373185752,
            -0.780992031,
            -0.624532223,
            0.999991715,
            0.00181786844,
            0.00370210432
          ]
        },
        "Enabled": true,
        "Part0": "RBXDD8BD7206CBD40C9A8D7F92014C79ABD",
        "Part1": "RBXD9922E76BDEB41B99F6BF3AA094BA8BA",
        "Name": "BTWeld"
      }
    },
    {
      "id": "RBXAE9D0CA44E6F430F97BF3A87793AEE08",
      "parent": "RBXDD8BD7206CBD40C9A8D7F92014C79ABD",
      "class": "Weld",
      "name": "BTWeld",
      "properties": {
        "C0": {
          "position": [
            0,
            0,
            0
          ],
          "rotation": [
            1,
            0,
            0,
            0,
            1,
            0,
            0,
            0,
            1
          ]
        },
        "C1": {
          "position": [
            0.001953125,
            0.137817383,
            -0.788024902
          ],
          "rotation": [
            -0.999991596,
            -0.00181786646,
            -0.00370209967,
            0.00191327301,
            -0.999666452,
            -0.0257996172,
            -0.00365381758,
            -0.0258065835,
            0.999660909
          ]
        },
        "Enabled": true,
        "Part0": "RBXDD8BD7206CBD40C9A8D7F92014C79ABD",
        "Part1": "RBX01A371116C694CDDBF0F5954DA5A6DF9",
        "Name": "BTWeld"
      }
    },
    {
      "id": "RBX4D2FDDFCA6454B1EA88C0E97C115D832",
      "parent": "RBXDD8BD7206CBD40C9A8D7F92014C79ABD",
      "class": "Weld",
      "name": "BTWeld",
      "properties": {
        "C0": {
          "position": [
            0,
            0,
            0
          ],
          "rotation": [
            1,
            0,
            0,
            0,
            1,
            0,
            0,
            0,
            1
          ]
        },
        "C1": {
          "position": [
            0.0131530762,
            0.0522155762,
            -0.349609375
          ],
          "rotation": [
            0.999981523,
            0.00250419811,
            0.00557408063,
            0.00203938037,
            -0.996641517,
            0.0818868577,
            0.00576043874,
            -0.0818739012,
            -0.996627033
          ]
        },
        "Enabled": true,
        "Part0": "RBXDD8BD7206CBD40C9A8D7F92014C79ABD",
        "Part1": "RBX4F7B3469EC6A4646B162025D81A0FE26",
        "Name": "BTWeld"
      }
    },
    {
      "id": "RBXE28174CD176D4C879F2E48EC8F847A7F",
      "parent": "RBXDD8BD7206CBD40C9A8D7F92014C79ABD",
      "class": "Weld",
      "name": "BTWeld",
      "properties": {
        "C0": {
          "position": [
            0,
            0,
            0
          ],
          "rotation": [
            1,
            0,
            0,
            0,
            1,
            0,
            0,
            0,
            1
          ]
        },
        "C1": {
          "position": [
            -0.0140075684,
            -0.109802246,
            0.294372559
          ],
          "rotation": [
            -0.999817967,
            -0.0170604326,
            -0.00856167823,
            0.019087458,
            -0.897592962,
            -0.440413564,
            -0.000171258347,
            -0.440496892,
            0.897754729
          ]
        },
        "Enabled": true,
        "Part0": "RBXDD8BD7206CBD40C9A8D7F92014C79ABD",
        "Part1": "RBX4443BEB126AD43589CE4E361CFECB395",
        "Name": "BTWeld"
      }
    },
    {
      "id": "RBXC11B58E71B8949AE9FD496E59719B3C0",
      "parent": "RBXDD8BD7206CBD40C9A8D7F92014C79ABD",
      "class": "Weld",
      "name": "BTWeld",
      "properties": {
        "C0": {
          "position": [
            0,
            0,
            0
          ],
          "rotation": [
            1,
            0,
            0,
            0,
            1,
            0,
            0,
            0,
            1
          ]
        },
        "C1": {
          "position": [
            0.00454711914,
            0.205322266,
            -0.113372803
          ],
          "rotation": [
            0.999991715,
            0.00182249886,
            0.00367575441,
            0.00383750326,
            -0.0985687077,
            -0.995123267,
            -0.00145129755,
            0.995129466,
            -0.0985748768
          ]
        },
        "Enabled": true,
        "Part0": "RBXDD8BD7206CBD40C9A8D7F92014C79ABD",
        "Part1": "RBXC5F91F6865314475977C16B617DCC1AF",
        "Name": "BTWeld"
      }
    },
    {
      "id": "RBXDA23D157A70E461EA5EFDEEE10F7BB51",
      "parent": "RBXDD8BD7206CBD40C9A8D7F92014C79ABD",
      "class": "Weld",
      "name": "BTWeld",
      "properties": {
        "C0": {
          "position": [
            0,
            0,
            0
          ],
          "rotation": [
            1,
            0,
            0,
            0,
            1,
            0,
            0,
            0,
            1
          ]
        },
        "C1": {
          "position": [
            0.001953125,
            0.137817383,
            -0.787963867
          ],
          "rotation": [
            -0.999991596,
            -0.00181835389,
            -0.00370196672,
            0.00191327301,
            -0.999666452,
            -0.0257996172,
            -0.00365381758,
            -0.0258065835,
            0.999660909
          ]
        },
        "Enabled": true,
        "Part0": "RBXDD8BD7206CBD40C9A8D7F92014C79ABD",
        "Part1": "RBX01A371116C694CDDBF0F5954DA5A6DF9",
        "Name": "BTWeld"
      }
    },
    {
      "id": "RBX09960168D3BA4465A5C2FD11921EE74F",
      "parent": "RBXDD8BD7206CBD40C9A8D7F92014C79ABD",
      "class": "Weld",
      "name": "BTWeld",
      "properties": {
        "C0": {
          "position": [
            0,
            0,
            0
          ],
          "rotation": [
            1,
            0,
            0,
            0,
            1,
            0,
            0,
            0,
            1
          ]
        },
        "C1": {
          "position": [
            0.0181274414,
            0.0472412109,
            -0.354614258
          ],
          "rotation": [
            0.999981523,
            0.00250419811,
            0.00557408063,
            0.00203938037,
            -0.996641517,
            0.0818868577,
            0.00576043874,
            -0.0818739012,
            -0.996627033
          ]
        },
        "Enabled": true,
        "Part0": "RBXDD8BD7206CBD40C9A8D7F92014C79ABD",
        "Part1": "RBX006EFD8EA8CE4F7BA08B121396786D24",
        "Name": "BTWeld"
      }
    },
    {
      "id": "RBX1BDE62B50EFB4C298D7683DE94E99CC0",
      "parent": "RBXDD8BD7206CBD40C9A8D7F92014C79ABD",
      "class": "Weld",
      "name": "BTWeld",
      "properties": {
        "C0": {
          "position": [
            0,
            0,
            0
          ],
          "rotation": [
            1,
            0,
            0,
            0,
            1,
            0,
            0,
            0,
            1
          ]
        },
        "C1": {
          "position": [
            -0.0139770508,
            -0.109863281,
            0.294311523
          ],
          "rotation": [
            -0.999817967,
            -0.0170604326,
            -0.00856167823,
            0.019087458,
            -0.897592962,
            -0.440413564,
            -0.000171258347,
            -0.440496892,
            0.897754729
          ]
        },
        "Enabled": true,
        "Part0": "RBXDD8BD7206CBD40C9A8D7F92014C79ABD",
        "Part1": "RBX4443BEB126AD43589CE4E361CFECB395",
        "Name": "BTWeld"
      }
    },
    {
      "id": "RBX7C7CE3A33EE644AAB2754A0080691D30",
      "parent": "RBXDD8BD7206CBD40C9A8D7F92014C79ABD",
      "class": "Weld",
      "name": "BTWeld",
      "properties": {
        "C0": {
          "position": [
            0,
            0,
            0
          ],
          "rotation": [
            1,
            0,
            0,
            0,
            1,
            0,
            0,
            0,
            1
          ]
        },
        "C1": {
          "position": [
            0.0131530762,
            0.0521850586,
            -0.349609375
          ],
          "rotation": [
            0.999981344,
            0.00250419741,
            0.0055740797,
            0.00203937828,
            -0.996640205,
            0.0818867534,
            0.00576043455,
            -0.0818738341,
            -0.996626377
          ]
        },
        "Enabled": true,
        "Part0": "RBXDD8BD7206CBD40C9A8D7F92014C79ABD",
        "Part1": "RBX4F7B3469EC6A4646B162025D81A0FE26",
        "Name": "BTWeld"
      }
    },
    {
      "id": "RBX8A08FB89BDB84659AD72D48C1E33AEC6",
      "parent": "RBXDD8BD7206CBD40C9A8D7F92014C79ABD",
      "class": "Weld",
      "name": "BTWeld",
      "properties": {
        "C0": {
          "position": [
            0,
            0,
            0
          ],
          "rotation": [
            1,
            0,
            0,
            0,
            1,
            0,
            0,
            0,
            1
          ]
        },
        "C1": {
          "position": [
            0.00451660156,
            0.0308227539,
            -0.114532471
          ],
          "rotation": [
            0.999991715,
            0.00182082632,
            0.00367551483,
            0.00392097328,
            -0.161203384,
            -0.986913741,
            -0.00120449404,
            0.986920357,
            -0.161209166
          ]
        },
        "Enabled": true,
        "Part0": "RBXDD8BD7206CBD40C9A8D7F92014C79ABD",
        "Part1": "RBX4CE37E8A2E0642D6812183EF4B4A20DD",
        "Name": "BTWeld"
      }
    },
    {
      "id": "RBX0CE2179E472745508E5464B2950FA262",
      "parent": "RBXDD8BD7206CBD40C9A8D7F92014C79ABD",
      "class": "Weld",
      "name": "BTWeld",
      "properties": {
        "C0": {
          "position": [
            0,
            0,
            0
          ],
          "rotation": [
            1,
            0,
            0,
            0,
            1,
            0,
            0,
            0,
            1
          ]
        },
        "C1": {
          "position": [
            -0.0140075684,
            -0.109863281,
            0.289306641
          ],
          "rotation": [
            -0.999817967,
            -0.0170604326,
            -0.00856167823,
            0.019087458,
            -0.897592962,
            -0.440413564,
            -0.000171258347,
            -0.440496892,
            0.897754729
          ]
        },
        "Enabled": true,
        "Part0": "RBXDD8BD7206CBD40C9A8D7F92014C79ABD",
        "Part1": "RBX94E7224BE8E540DAB828E37AFBBF6B05",
        "Name": "BTWeld"
      }
    },
    {
      "id": "RBXD79339803A544D5F923A8633BDE5222F",
      "parent": "RBXDD8BD7206CBD40C9A8D7F92014C79ABD",
      "class": "Weld",
      "name": "BTWeld",
      "properties": {
        "C0": {
          "position": [
            0,
            0,
            0
          ],
          "rotation": [
            1,
            0,
            0,
            0,
            1,
            0,
            0,
            0,
            1
          ]
        },
        "C1": {
          "position": [
            -0.0140075684,
            -0.109802246,
            0.289428711
          ],
          "rotation": [
            -0.999817967,
            -0.0170604326,
            -0.00856167823,
            0.019087458,
            -0.897592962,
            -0.440413564,
            -0.000171258347,
            -0.440496892,
            0.897754729
          ]
        },
        "Enabled": true,
        "Part0": "RBXDD8BD7206CBD40C9A8D7F92014C79ABD",
        "Part1": "RBX94E7224BE8E540DAB828E37AFBBF6B05",
        "Name": "BTWeld"
      }
    },
    {
      "id": "RBXD9922E76BDEB41B99F6BF3AA094BA8BA",
      "parent": "RBX44118985FFF647E7AC43BBAA6CFEB8A8",
      "class": "MeshPart",
      "name": "color2",
      "properties": {
        "HasSkinnedMesh": false,
        "MeshId": "rbxassetid://8489981458",
        "RenderFidelity": 1,
        "TextureID": null,
        "Anchored": false,
        "CanCollide": true,
        "CanQuery": true,
        "CanTouch": true,
        "Color3uint8": [
          0.588235,
          0.4,
          0.396078
        ],
        "Massless": false,
        "Material": 272,
        "PivotOffset": {
          "position": [
            0.742643058,
            0,
            0
          ],
          "rotation": [
            0.999996543,
            -8.34465027e-7,
            -1.1937118e-12,
            -8.34465027e-7,
            0.999997675,
            -1.88826732e-12,
            -1.1937118e-12,
            -1.88826732e-12,
            1
          ]
        },
        "Reflectance": 0,
        "Transparency": 0,
        "size": [
          1.0025419,
          0.900000036,
          0.56676507
        ],
        "Name": "color2",
        "LocalCFrame": {
          "position": [
            -0.006746,
            0.054254,
            0.27856
          ],
          "rotation": [
            -0.001756,
            0.003732,
            0.999992,
            -0.624542,
            -0.780993,
            0.001818,
            0.780992,
            -0.624533,
            0.003702
          ]
        }
      }
    },
    {
      "id": "RBX01A371116C694CDDBF0F5954DA5A6DF9",
      "parent": "RBX44118985FFF647E7AC43BBAA6CFEB8A8",
      "class": "Part",
      "name": "Middle",
      "properties": {
        "shape": 1,
        "Anchored": true,
        "CanCollide": false,
        "CanQuery": true,
        "CanTouch": true,
        "Color3uint8": [
          1,
          0,
          0
        ],
        "Massless": false,
        "Material": 256,
        "PivotOffset": {
          "position": [
            0,
            0,
            0
          ],
          "rotation": [
            1,
            0,
            0,
            0,
            1,
            0,
            0,
            0,
            1
          ]
        },
        "Reflectance": 0,
        "Transparency": 1,
        "size": [
          0.177276984,
          0.177276984,
          0.177276984
        ],
        "Name": "Middle",
        "LocalCFrame": {
          "position": [
            -0.00119,
            0.117442,
            0.791299
          ],
          "rotation": [
            -0.999992,
            0.001913,
            -0.003654,
            -0.001818,
            -0.999666,
            -0.025807,
            -0.003702,
            -0.0258,
            0.999661
          ]
        }
      }
    },
    {
      "id": "RBXC5F91F6865314475977C16B617DCC1AF",
      "parent": "RBX44118985FFF647E7AC43BBAA6CFEB8A8",
      "class": "MeshPart",
      "name": "shaft cover",
      "properties": {
        "HasSkinnedMesh": false,
        "MeshId": "rbxassetid://5029184581",
        "RenderFidelity": 1,
        "TextureID": null,
        "Anchored": true,
        "CanCollide": false,
        "CanQuery": true,
        "CanTouch": true,
        "Color3uint8": [
          0.968627,
          0.972549,
          0.8
        ],
        "Massless": false,
        "Material": 1584,
        "PivotOffset": {
          "position": [
            0,
            0,
            0
          ],
          "rotation": [
            1,
            0,
            0,
            0,
            1,
            0,
            0,
            0,
            1
          ]
        },
        "Reflectance": 0,
        "Transparency": 0,
        "size": [
          0.585665286,
          0.688772261,
          0.401425838
        ],
        "Name": "shaft cover",
        "LocalCFrame": {
          "position": [
            -0.005474,
            0.133069,
            0.193113
          ],
          "rotation": [
            0.999992,
            0.003838,
            -0.001451,
            0.001822,
            -0.098569,
            0.995129,
            0.003676,
            -0.995123,
            -0.098575
          ]
        }
      }
    },
    {
      "id": "RBX4443BEB126AD43589CE4E361CFECB395",
      "parent": "RBX44118985FFF647E7AC43BBAA6CFEB8A8",
      "class": "UnionOperation",
      "name": "forskin covered",
      "properties": {
        "UsePartColor": true,
        "Anchored": true,
        "CanCollide": true,
        "CanQuery": true,
        "CanTouch": true,
        "Color3uint8": [
          0.972549,
          0.972549,
          0.972549
        ],
        "Massless": false,
        "Material": 1584,
        "PivotOffset": {
          "position": [
            0,
            0,
            0
          ],
          "rotation": [
            1,
            0,
            0,
            0,
            1,
            0,
            0,
            0,
            1
          ]
        },
        "Reflectance": 0,
        "Transparency": 0,
        "size": [
          0.292999983,
          0.176000014,
          0.233000025
        ],
        "Name": "forskin covered",
        "LocalCFrame": {
          "position": [
            -0.011838,
            0.030803,
            -0.312726
          ],
          "rotation": [
            -0.999818,
            0.019087,
            -0.000171,
            -0.01706,
            -0.897593,
            -0.440497,
            -0.008562,
            -0.440414,
            0.897755
          ]
        }
      }
    },
    {
      "id": "RBX4F7B3469EC6A4646B162025D81A0FE26",
      "parent": "RBX44118985FFF647E7AC43BBAA6CFEB8A8",
      "class": "MeshPart",
      "name": "color1",
      "properties": {
        "HasSkinnedMesh": false,
        "MeshId": "rbxassetid://7018782100",
        "RenderFidelity": 0,
        "TextureID": null,
        "Anchored": false,
        "CanCollide": true,
        "CanQuery": true,
        "CanTouch": true,
        "Color3uint8": [
          0.686275,
          0.580392,
          0.513725
        ],
        "Massless": false,
        "Material": 272,
        "PivotOffset": {
          "position": [
            0,
            0,
            0
          ],
          "rotation": [
            1,
            0,
            0,
            0,
            1,
            0,
            0,
            0,
            1
          ]
        },
        "Reflectance": 0,
        "Transparency": 0,
        "size": [
          0.25,
          0.166999996,
          0.222000003
        ],
        "Name": "color1",
        "LocalCFrame": {
          "position": [
            -0.01125,
            0.023354,
            -0.352775
          ],
          "rotation": [
            0.999982,
            0.002039,
            0.00576,
            0.002504,
            -0.996641,
            -0.081874,
            0.005574,
            0.081887,
            -0.996627
          ]
        }
      }
    },
    {
      "id": "RBX006EFD8EA8CE4F7BA08B121396786D24",
      "parent": "RBX44118985FFF647E7AC43BBAA6CFEB8A8",
      "class": "MeshPart",
      "name": "tip cover",
      "properties": {
        "HasSkinnedMesh": false,
        "MeshId": "rbxassetid://7018782100",
        "RenderFidelity": 0,
        "TextureID": null,
        "Anchored": false,
        "CanCollide": true,
        "CanQuery": true,
        "CanTouch": true,
        "Color3uint8": [
          0.972549,
          0.85098,
          0.427451
        ],
        "Massless": false,
        "Material": 1584,
        "PivotOffset": {
          "position": [
            0,
            0,
            0
          ],
          "rotation": [
            1,
            0,
            0,
            0,
            1,
            0,
            0,
            0,
            1
          ]
        },
        "Reflectance": 0,
        "Transparency": 0,
        "size": [
          0.219999999,
          0.196999997,
          0.232000008
        ],
        "Name": "tip cover",
        "LocalCFrame": {
          "position": [
            -0.016166,
            0.018006,
            -0.357374
          ],
          "rotation": [
            0.999982,
            0.002039,
            0.00576,
            0.002504,
            -0.996643,
            -0.081874,
            0.005574,
            0.081887,
            -0.996628
          ]
        }
      }
    },
    {
      "id": "RBX4CE37E8A2E0642D6812183EF4B4A20DD",
      "parent": "RBX44118985FFF647E7AC43BBAA6CFEB8A8",
      "class": "MeshPart",
      "name": "shaft cover",
      "properties": {
        "HasSkinnedMesh": false,
        "MeshId": "rbxassetid://5029184581",
        "RenderFidelity": 1,
        "TextureID": null,
        "Anchored": true,
        "CanCollide": false,
        "CanQuery": true,
        "CanTouch": true,
        "Color3uint8": [
          0.968627,
          0.972549,
          0.8
        ],
        "Massless": false,
        "Material": 1584,
        "PivotOffset": {
          "position": [
            0,
            0,
            0
          ],
          "rotation": [
            1,
            0,
            0,
            0,
            1,
            0,
            0,
            0,
            1
          ]
        },
        "Reflectance": 0,
        "Transparency": 0,
        "size": [
          0.525665343,
          0.688772261,
          0.301425844
        ],
        "Name": "shaft cover",
        "LocalCFrame": {
          "position": [
            -0.004776,
            0.117987,
            0.011978
          ],
          "rotation": [
            0.999992,
            0.003921,
            -0.001204,
            0.001821,
            -0.161203,
            0.98692,
            0.003676,
            -0.986914,
            -0.161209
          ]
        }
      }
    },
    {
      "id": "RBX94E7224BE8E540DAB828E37AFBBF6B05",
      "parent": "RBX44118985FFF647E7AC43BBAA6CFEB8A8",
      "class": "UnionOperation",
      "name": "forskin",
      "properties": {
        "UsePartColor": true,
        "Anchored": true,
        "CanCollide": true,
        "CanQuery": true,
        "CanTouch": true,
        "Color3uint8": [
          0.686275,
          0.52549,
          0.415686
        ],
        "Massless": false,
        "Material": 272,
        "PivotOffset": {
          "position": [
            0,
            0,
            0
          ],
          "rotation": [
            1,
            0,
            0,
            0,
            1,
            0,
            0,
            0,
            1
          ]
        },
        "Reflectance": 0,
        "Transparency": 0,
        "size": [
          0.273000002,
          0.156000003,
          0.203000009
        ],
        "Name": "forskin",
        "LocalCFrame": {
          "position": [
            -0.011851,
            0.028599,
            -0.308258
          ],
          "rotation": [
            -0.999818,
            0.019087,
            -0.000171,
            -0.01706,
            -0.897593,
            -0.440497,
            -0.008562,
            -0.440414,
            0.897755
          ]
        }
      }
    },
    {
      "id": "RBXB42B621056194905B2EF7EB8434E30C5",
      "parent": "RBXB700A642BDE14EDC908D78B5C315582B",
      "class": "Model",
      "name": "Orbs",
      "properties": {
        "PrimaryPart": null,
        "Name": "Orbs"
      }
    },
    {
      "id": "RBX24920FCE5FAD43BFB553328D08BEC023",
      "parent": "RBXB42B621056194905B2EF7EB8434E30C5",
      "class": "Part",
      "name": "Middle",
      "properties": {
        "shape": 1,
        "Anchored": true,
        "CanCollide": false,
        "CanQuery": true,
        "CanTouch": true,
        "Color3uint8": [
          0.337255,
          0.258824,
          0.211765
        ],
        "Massless": false,
        "Material": 256,
        "PivotOffset": {
          "position": [
            0,
            0,
            0
          ],
          "rotation": [
            1,
            0,
            0,
            0,
            1,
            0,
            0,
            0,
            1
          ]
        },
        "Reflectance": 0,
        "Transparency": 0,
        "size": [
          0.200000003,
          0.200000003,
          0.200000003
        ],
        "Name": "Middle",
        "LocalCFrame": {
          "position": [
            -0.00653,
            0.208612,
            0.606143
          ],
          "rotation": [
            -0.999992,
            0.001507,
            -0.003839,
            -0.001818,
            -0.996606,
            0.082308,
            -0.003702,
            0.082314,
            0.9966
          ]
        }
      }
    },
    {
      "id": "RBXF76E528C2DAA4061A922DEBAD6FAC9A4",
      "parent": "RBXB42B621056194905B2EF7EB8434E30C5",
      "class": "UnionOperation",
      "name": "color5",
      "properties": {
        "UsePartColor": true,
        "Anchored": false,
        "CanCollide": true,
        "CanQuery": true,
        "CanTouch": true,
        "Color3uint8": [
          0.415686,
          0.223529,
          0.035294
        ],
        "Massless": false,
        "Material": 272,
        "PivotOffset": {
          "position": [
            0,
            0,
            0
          ],
          "rotation": [
            1,
            0,
            0,
            0,
            1,
            0,
            0,
            0,
            1
          ]
        },
        "Reflectance": 0,
        "Transparency": 0,
        "size": [
          0.389170438,
          0.706517696,
          0.595785201
        ],
        "Name": "color5",
        "LocalCFrame": {
          "position": [
            -0.010605,
            0.346206,
            0.584106
          ],
          "rotation": [
            0.004037,
            0.000845,
            -0.999992,
            -0.247523,
            -0.968881,
            -0.001818,
            -0.968874,
            0.247528,
            -0.003702
          ]
        }
      }
    },
    {
      "id": "RBXE8B59B1CC3AF420AB211D439E6041A27",
      "parent": "RBXF76E528C2DAA4061A922DEBAD6FAC9A4",
      "class": "PointLight",
      "name": "PointLight",
      "properties": {
        "Range": 3,
        "Brightness": 0.5,
        "Color": [
          1,
          1,
          1
        ],
        "Enabled": true,
        "Shadows": false,
        "Name": "PointLight"
      }
    },
    {
      "id": "RBXFD27F9ADAE5D4323BB4F5005C6A3596E",
      "parent": "RBXB700A642BDE14EDC908D78B5C315582B",
      "class": "Model",
      "name": "LowerStaticA",
      "properties": {
        "PrimaryPart": null,
        "Name": "LowerStaticA"
      }
    },
    {
      "id": "RBXBB5EEF4C796E4E7DB066C11390F6F0BE",
      "parent": "RBXFD27F9ADAE5D4323BB4F5005C6A3596E",
      "class": "Part",
      "name": "Middle",
      "properties": {
        "shape": 1,
        "Anchored": true,
        "CanCollide": false,
        "CanQuery": true,
        "CanTouch": true,
        "Color3uint8": [
          0.972549,
          0.972549,
          0.972549
        ],
        "Massless": false,
        "Material": 272,
        "PivotOffset": {
          "position": [
            0,
            0,
            0
          ],
          "rotation": [
            1,
            0,
            0,
            0,
            1,
            0,
            0,
            0,
            1
          ]
        },
        "Reflectance": 0,
        "Transparency": 0,
        "size": [
          2,
          2,
          1
        ],
        "Name": "Middle",
        "LocalCFrame": {
          "position": [
            -0.007175,
            -0.530892,
            1.143443
          ],
          "rotation": [
            -0.999992,
            0.001507,
            -0.003839,
            -0.001818,
            -0.996606,
            0.082308,
            -0.003702,
            0.082314,
            0.9966
          ]
        }
      }
    },
    {
      "id": "RBX56E50C4BE9224C9D9443BC3B3AD5CB72",
      "parent": "RBXBB5EEF4C796E4E7DB066C11390F6F0BE",
      "class": "SpecialMesh",
      "name": "Mesh",
      "properties": {
        "MeshType": 5,
        "MeshId": "rbxassetid://12221758",
        "TextureId": null,
        "Offset": [
          0,
          0,
          0
        ],
        "Scale": [
          1,
          1,
          1
        ],
        "VertexColor": [
          1,
          1,
          1
        ],
        "Name": "Mesh"
      }
    }
  ]
}
