{
  "format": "overlay_json_v1",
  "kind": "morph_bundle",
  "version": 1,
  "asset_id": "morph_1929-demon-tail-raised",
  "name": "Demon Tail (raised)",
  "source_file": "1929-demon-tail-raised.rbxmx",
  "anchor": "LowerTorso",
  "anchor_candidates": [
    "LowerTorso",
    "Torso",
    "HumanoidRootPart",
    "UpperTorso"
  ],
  "jiggle": true,
  "root_cframe": {
    "position": [
      86.5727539,
      4.50388098,
      42.9863281
    ],
    "rotation": [
      1,
      -2.35741027e-9,
      1.79712375e-28,
      -2.35741027e-9,
      1,
      -1.62630326e-19,
      1.79712375e-28,
      -1.62630326e-19,
      1
    ]
  },
  "class_counts": {
    "Folder": 1,
    "Model": 1,
    "Part": 1,
    "SpecialMesh": 1,
    "MeshPart": 1,
    "Bone": 5
  },
  "nodes": [
    {
      "id": "RBX9A16030452E6493BBB6B9284586D60E6",
      "parent": null,
      "class": "Folder",
      "name": "Demon Tail (raised)",
      "properties": {
        "Name": "Demon Tail (raised)"
      }
    },
    {
      "id": "RBX78BEE66D22674E55830B4B246ECD6371",
      "parent": "RBX9A16030452E6493BBB6B9284586D60E6",
      "class": "Model",
      "name": "LowerStaticA",
      "properties": {
        "PrimaryPart": "RBX72E3C436637B47DDBEAE22E588B6940F",
        "Name": "LowerStaticA"
      }
    },
    {
      "id": "RBX72E3C436637B47DDBEAE22E588B6940F",
      "parent": "RBX78BEE66D22674E55830B4B246ECD6371",
      "class": "Part",
      "name": "Middle",
      "properties": {
        "shape": 1,
        "Anchored": true,
        "CanCollide": false,
        "CanQuery": true,
        "CanTouch": true,
        "Color3uint8": [
          0.972549,
          0.972549,
          0.972549
        ],
        "Massless": false,
        "Material": 272,
        "PivotOffset": {
          "position": [
            0,
            0,
            0
          ],
          "rotation": [
            1,
            0,
            0,
            0,
            1,
            0,
            0,
            0,
            1
          ]
        },
        "Reflectance": 0,
        "Transparency": 0,
        "size": [
          2,
          2,
          1
        ],
        "Name": "Middle",
        "LocalCFrame": {
          "position": [
            0,
            0,
            0
          ],
          "rotation": [
            1,
            0,
            0,
            0,
            1,
            0,
            0,
            0,
            1
          ]
        }
      }
    },
    {
      "id": "RBXD4B020F941554CE5AEA0F90751FADDF8",
      "parent": "RBX72E3C436637B47DDBEAE22E588B6940F",
      "class": "SpecialMesh",
      "name": "MaleMesh",
      "properties": {
        "MeshType": 5,
        "MeshId": "rbxassetid://12221758",
        "TextureId": null,
        "Offset": [
          0,
          0,
          0
        ],
        "Scale": [
          1,
          1,
          1
        ],
        "VertexColor": [
          1,
          1,
          1
        ],
        "Name": "MaleMesh"
      }
    },
    {
      "id": "RBXA24D62D4DBF14CE7A17E3962D55EF0E7",
      "parent": "RBX78BEE66D22674E55830B4B246ECD6371",
      "class": "MeshPart",
      "name": "color5",
      "properties": {
        "HasSkinnedMesh": true,
        "MeshId": "rbxassetid://17136870216",
        "RenderFidelity": 0,
        "TextureID": null,
        "Anchored": false,
        "CanCollide": true,
        "CanQuery": true,
        "CanTouch": true,
        "Color3uint8": [
          0.066667,
          0.066667,
          0.066667
        ],
        "Massless": false,
        "Material": 256,
        "PivotOffset": {
          "position": [
            -0.0113140028,
            0.232797429,
            -0.530084729
          ],
          "rotation": [
            -1,
            1.98523394e-23,
            1.22464685e-16,
            -1.22464685e-16,
            -1.62920685e-7,
            -1,
            9.9691015e-26,
            -1,
            1.62920685e-7
          ]
        },
        "Reflectance": 0,
        "Transparency": 0,
        "size": [
          0.376160681,
          1.67541051,
          2.28479004
        ],
        "Name": "color5",
        "LocalCFrame": {
          "position": [
            0.000244,
            -1.000209,
            1.417969
          ],
          "rotation": [
            -1,
            0,
            0,
            0,
            1,
            0,
            0,
            0,
            -1
          ]
        }
      }
    },
    {
      "id": "RBX38AC94C247BA4A3B8FAEE88F1037973A",
      "parent": "RBXA24D62D4DBF14CE7A17E3962D55EF0E7",
      "class": "Bone",
      "name": "Spine",
      "properties": {
        "CFrame": {
          "position": [
            -0.0300062075,
            0.776264846,
            1.11902022
          ],
          "rotation": [
            1,
            3.71223065e-14,
            2.38418551e-7,
            -2.35273021e-7,
            -0.16190289,
            0.986806691,
            3.86006889e-8,
            -0.986806691,
            -0.16190289
          ]
        },
        "Visible": false,
        "Name": "Spine"
      }
    },
    {
      "id": "RBX1B138B4DF6294AA5AE9F0A5D69B0A74A",
      "parent": "RBX38AC94C247BA4A3B8FAEE88F1037973A",
      "class": "Bone",
      "name": "Bone.001",
      "properties": {
        "CFrame": {
          "position": [
            0.00000190734863,
            0.332336426,
            -0.00000762939453
          ],
          "rotation": [
            1,
            1.10733268e-7,
            2.72751191e-8,
            -1.10733261e-7,
            0.885599732,
            0.464449227,
            2.72751421e-8,
            -0.464449227,
            0.885599732
          ]
        },
        "Visible": false,
        "Name": "Bone.001"
      }
    },
    {
      "id": "RBX8122C4741E3047688A61CF42ACD5ABF9",
      "parent": "RBX1B138B4DF6294AA5AE9F0A5D69B0A74A",
      "class": "Bone",
      "name": "Bone.002",
      "properties": {
        "CFrame": {
          "position": [
            0,
            0.455535889,
            0
          ],
          "rotation": [
            1,
            1.31921865e-7,
            3.98233944e-8,
            -1.31921837e-7,
            0.832968354,
            0.553320706,
            3.9823469e-8,
            -0.553320706,
            0.832968354
          ]
        },
        "Visible": false,
        "Name": "Bone.002"
      }
    },
    {
      "id": "RBXC34773028D56482ABCEE96FA763C4ED4",
      "parent": "RBX8122C4741E3047688A61CF42ACD5ABF9",
      "class": "Bone",
      "name": "Bone.003",
      "properties": {
        "CFrame": {
          "position": [
            -0.00000190734863,
            0.853897095,
            0
          ],
          "rotation": [
            0.999720395,
            -0.0176259857,
            -0.0157652572,
            -0.00809342042,
            0.371383727,
            -0.928444326,
            0.0222197026,
            0.928312242,
            0.371137232
          ]
        },
        "Visible": false,
        "Name": "Bone.003"
      }
    },
    {
      "id": "RBXD3315C8CEC5C4ACF96AC1C7AFDCB817A",
      "parent": "RBXC34773028D56482ABCEE96FA763C4ED4",
      "class": "Bone",
      "name": "Bone.004",
      "properties": {
        "CFrame": {
          "position": [
            9.53674316e-7,
            1.14730835,
            0.0000114440918
          ],
          "rotation": [
            0.985520482,
            0.0405825414,
            -0.164628699,
            -0.157501519,
            -0.140457317,
            -0.977479041,
            -0.0627918839,
            0.989254713,
            -0.132031754
          ]
        },
        "Visible": false,
        "Name": "Bone.004"
      }
    }
  ]
}
