{
  "format": "overlay_json_v1",
  "kind": "morph_bundle",
  "version": 1,
  "asset_id": "morph_1392-pawg-ass-handprint-2",
  "name": "Pawg Ass (Handprint 2)",
  "source_file": "1392-pawg-ass-handprint-2.rbxmx",
  "anchor": "LowerTorso",
  "anchor_candidates": [
    "LowerTorso",
    "Torso",
    "HumanoidRootPart",
    "UpperTorso"
  ],
  "jiggle": true,
  "root_cframe": {
    "position": [
      3.47852898,
      2.90013313,
      -25.5359306
    ],
    "rotation": [
      0.999982476,
      1.68347772e-16,
      -0.00592321064,
      0,
      1,
      -2.84217094e-14,
      0.00592321064,
      -2.84212114e-14,
      0.999982476
    ]
  },
  "class_counts": {
    "Folder": 1,
    "Model": 3,
    "Part": 3,
    "SpecialMesh": 3,
    "Weld": 3,
    "MeshPart": 2,
    "Bone": 32,
    "Decal": 1
  },
  "nodes": [
    {
      "id": "RBXA975614110664DF69CE5097E8E602486",
      "parent": null,
      "class": "Folder",
      "name": "Pawg Ass (Handprint 2)",
      "properties": {
        "Name": "Pawg Ass (Handprint 2)"
      }
    },
    {
      "id": "RBX301F7332BD744185BD007B6567B908BC",
      "parent": "RBXA975614110664DF69CE5097E8E602486",
      "class": "Model",
      "name": "LowerL",
      "properties": {
        "PrimaryPart": null,
        "Name": "LowerL"
      }
    },
    {
      "id": "RBX6C88CB64E27348B08918B50F242BDB1C",
      "parent": "RBX301F7332BD744185BD007B6567B908BC",
      "class": "Part",
      "name": "Middle",
      "properties": {
        "shape": 1,
        "Anchored": false,
        "CanCollide": false,
        "CanQuery": true,
        "CanTouch": true,
        "Color3uint8": [
          1,
          0,
          0
        ],
        "Massless": false,
        "Material": 272,
        "PivotOffset": {
          "position": [
            0,
            0,
            0
          ],
          "rotation": [
            1,
            0,
            0,
            0,
            1,
            0,
            0,
            0,
            1
          ]
        },
        "Reflectance": 0,
        "Transparency": 1,
        "size": [
          0.226228729,
          0.226228729,
          0.226228729
        ],
        "Name": "Middle",
        "LocalCFrame": {
          "position": [
            -0.279532,
            -0.900133,
            0.499265
          ],
          "rotation": [
            1,
            0,
            0,
            0,
            1,
            0,
            0,
            0,
            1
          ]
        }
      }
    },
    {
      "id": "RBX1A39ED9864F84584A49EE73C46D5D64C",
      "parent": "RBX6C88CB64E27348B08918B50F242BDB1C",
      "class": "SpecialMesh",
      "name": "Mesh",
      "properties": {
        "MeshType": 6,
        "MeshId": null,
        "TextureId": null,
        "Offset": [
          0,
          0,
          0
        ],
        "Scale": [
          0,
          0,
          0
        ],
        "VertexColor": [
          1,
          1,
          1
        ],
        "Name": "Mesh"
      }
    },
    {
      "id": "RBX498F639D1F8143B9B5E48A7261305F8D",
      "parent": "RBX6C88CB64E27348B08918B50F242BDB1C",
      "class": "Weld",
      "name": "Weld",
      "properties": {
        "C0": {
          "position": [
            0,
            0,
            0
          ],
          "rotation": [
            -1,
            0,
            0,
            0,
            1,
            0,
            0,
            0,
            -1
          ]
        },
        "C1": {
          "position": [
            0,
            0,
            0
          ],
          "rotation": [
            -1,
            0,
            0,
            0,
            1,
            0,
            0,
            0,
            -1
          ]
        },
        "Enabled": true,
        "Part0": "RBX6C88CB64E27348B08918B50F242BDB1C",
        "Part1": "RBX6C88CB64E27348B08918B50F242BDB1C",
        "Name": "Weld"
      }
    },
    {
      "id": "RBXBD5F50465C0540CA89ACE7097D587D79",
      "parent": "RBX301F7332BD744185BD007B6567B908BC",
      "class": "MeshPart",
      "name": "color5",
      "properties": {
        "HasSkinnedMesh": true,
        "MeshId": "rbxassetid://17837346792",
        "RenderFidelity": 0,
        "TextureID": null,
        "Anchored": false,
        "CanCollide": false,
        "CanQuery": true,
        "CanTouch": true,
        "Color3uint8": [
          1,
          0.8,
          0.6
        ],
        "Massless": false,
        "Material": 272,
        "PivotOffset": {
          "position": [
            0.0290862378,
            -0.00234352564,
            -6.25266168e-8
          ],
          "rotation": [
            1,
            0,
            0,
            0,
            0,
            -1,
            0,
            1,
            0
          ]
        },
        "Reflectance": 0,
        "Transparency": 0,
        "size": [
          1.4357276,
          1.58625209,
          1.25777221
        ],
        "Name": "color5",
        "LocalCFrame": {
          "position": [
            -0.555791,
            -1.025133,
            0.518236
          ],
          "rotation": [
            0.965932,
            0.258797,
            -0.000029,
            -0.249973,
            0.933026,
            0.258797,
            0.067003,
            -0.249973,
            0.965932
          ]
        }
      }
    },
    {
      "id": "RBXAC89A4F8C1A248538554635C1BA18C61",
      "parent": "RBXBD5F50465C0540CA89ACE7097D587D79",
      "class": "Bone",
      "name": "Bone",
      "properties": {
        "CFrame": {
          "position": [
            0.0290862378,
            0.752770722,
            -6.25266239e-8
          ],
          "rotation": [
            -1,
            0,
            0,
            0,
            -1,
            0,
            0,
            0,
            1
          ]
        },
        "Visible": false,
        "Name": "Bone"
      }
    },
    {
      "id": "RBX3BC3B998419544539F173297C4F546BF",
      "parent": "RBXAC89A4F8C1A248538554635C1BA18C61",
      "class": "Bone",
      "name": "Bone.001",
      "properties": {
        "CFrame": {
          "position": [
            0.00938074663,
            0.802265167,
            -0.00864720158
          ],
          "rotation": [
            0.999890924,
            0.0147747649,
            0.0000266659881,
            -0.0147747658,
            0.999884486,
            0.00359380082,
            0.0000264346545,
            -0.00359380245,
            0.999993682
          ]
        },
        "Visible": false,
        "Name": "Bone.001"
      }
    },
    {
      "id": "RBXF80D9C2F8F16416E986BBF79D0AF2921",
      "parent": "RBX3BC3B998419544539F173297C4F546BF",
      "class": "Bone",
      "name": "Bone.001_Tail",
      "properties": {
        "CFrame": {
          "position": [
            0.00121682172,
            0.801738799,
            0.0185025949
          ],
          "rotation": [
            0.999998808,
            0.00159010675,
            0.000157747578,
            -0.00158429076,
            0.999493718,
            -0.0317785069,
            -0.000208198922,
            0.0317782126,
            0.999495029
          ]
        },
        "Visible": false,
        "Name": "Bone.001_Tail"
      }
    },
    {
      "id": "RBXAE9A43E093824B66A74BF9ECB9723EF9",
      "parent": "RBXF80D9C2F8F16416E986BBF79D0AF2921",
      "class": "Bone",
      "name": "Bone.001_Tail_Tail",
      "properties": {
        "CFrame": {
          "position": [
            -0.00187269726,
            0.802170336,
            -0.00125997129
          ],
          "rotation": [
            1,
            3.72528817e-8,
            0,
            -3.72528817e-8,
            1,
            0,
            0,
            0,
            1
          ]
        },
        "Visible": false,
        "Name": "Bone.001_Tail_Tail"
      }
    },
    {
      "id": "RBX511CD7909DC64775A0E376D02CD44D36",
      "parent": "RBXAC89A4F8C1A248538554635C1BA18C61",
      "class": "Bone",
      "name": "Bone.002",
      "properties": {
        "CFrame": {
          "position": [
            0.00938074663,
            0.802265167,
            -0.00864720158
          ],
          "rotation": [
            0.00630102307,
            0.999944925,
            -0.00839659292,
            -0.999980211,
            0.00630102027,
            -0.0000268017357,
            0.0000261068344,
            0.00839659385,
            0.999964833
          ]
        },
        "Visible": false,
        "Name": "Bone.002"
      }
    },
    {
      "id": "RBX84F9564AC98E482299246F2A14373B32",
      "parent": "RBX511CD7909DC64775A0E376D02CD44D36",
      "class": "Bone",
      "name": "Bone.002_Tail",
      "properties": {
        "CFrame": {
          "position": [
            0.0823037401,
            0.68042773,
            0.0407678448
          ],
          "rotation": [
            0.997199237,
            0.074786,
            -0.000899672741,
            -0.074778907,
            0.996740699,
            -0.0302700102,
            -0.00136703218,
            0.0302525051,
            0.999541461
          ]
        },
        "Visible": false,
        "Name": "Bone.002_Tail"
      }
    },
    {
      "id": "RBXC4028781B009458E86BFCCD825D824B3",
      "parent": "RBX84F9564AC98E482299246F2A14373B32",
      "class": "Bone",
      "name": "Bone.002_Tail_Tail",
      "properties": {
        "CFrame": {
          "position": [
            0.00791365653,
            0.688548446,
            0.00272706151
          ],
          "rotation": [
            1,
            -6.70552112e-8,
            2.98023171e-8,
            6.70552112e-8,
            1,
            -2.98022993e-8,
            -2.98023153e-8,
            2.98023011e-8,
            1
          ]
        },
        "Visible": false,
        "Name": "Bone.002_Tail_Tail"
      }
    },
    {
      "id": "RBX12FF4E9F94B04A36BE9B6BDE82889B0F",
      "parent": "RBXAC89A4F8C1A248538554635C1BA18C61",
      "class": "Bone",
      "name": "Bone.003",
      "properties": {
        "CFrame": {
          "position": [
            0.00938074663,
            0.802265167,
            -0.00864720158
          ],
          "rotation": [
            0.00288033485,
            -0.999964237,
            0.00795358233,
            0.999995947,
            0.00288033625,
            -0.0000112566868,
            -0.0000116527081,
            0.0079535814,
            0.999968469
          ]
        },
        "Visible": false,
        "Name": "Bone.003"
      }
    },
    {
      "id": "RBX87815AB3596346558EB52A9D85534591",
      "parent": "RBX12FF4E9F94B04A36BE9B6BDE82889B0F",
      "class": "Bone",
      "name": "Bone.003_Tail",
      "properties": {
        "CFrame": {
          "position": [
            -0.0768237412,
            0.686805248,
            0.0417861752
          ],
          "rotation": [
            0.99770391,
            -0.0677050352,
            0.00174193038,
            0.0676899776,
            0.995966971,
            -0.0588901006,
            0.00225225068,
            0.0588727891,
            0.998263061
          ]
        },
        "Visible": false,
        "Name": "Bone.003_Tail"
      }
    },
    {
      "id": "RBX54487DFF857E4F4AA9E99D60137A563D",
      "parent": "RBX87815AB3596346558EB52A9D85534591",
      "class": "Bone",
      "name": "Bone.003_Tail_Tail",
      "properties": {
        "CFrame": {
          "position": [
            -0.0073268204,
            0.688695192,
            0.00453934912
          ],
          "rotation": [
            1,
            1.34110451e-7,
            -1.19209233e-7,
            -1.34110422e-7,
            1,
            2.08616129e-7,
            1.19209261e-7,
            -2.08616115e-7,
            1
          ]
        },
        "Visible": false,
        "Name": "Bone.003_Tail_Tail"
      }
    },
    {
      "id": "RBXF62707299FE84CD08C3FF45AEF60C0BE",
      "parent": "RBXAC89A4F8C1A248538554635C1BA18C61",
      "class": "Bone",
      "name": "Bone.004",
      "properties": {
        "CFrame": {
          "position": [
            0.00938074663,
            0.802265167,
            -0.00864720158
          ],
          "rotation": [
            0.999959946,
            0.00895156991,
            0.0000225305648,
            -0.0000218748937,
            0.00496050576,
            -0.999987781,
            -0.00895156991,
            0.999947727,
            0.00496050296
          ]
        },
        "Visible": false,
        "Name": "Bone.004"
      }
    },
    {
      "id": "RBX43ACA2C5119B4956975B08D23E2AFABF",
      "parent": "RBXF62707299FE84CD08C3FF45AEF60C0BE",
      "class": "Bone",
      "name": "Bone.004_Tail",
      "properties": {
        "CFrame": {
          "position": [
            0.0206773374,
            0.759055078,
            0.0783598721
          ],
          "rotation": [
            0.999349296,
            0.0360454023,
            -0.00131896615,
            -0.0360380933,
            0.996284366,
            -0.078222841,
            -0.00150550809,
            0.0782194659,
            0.996935129
          ]
        },
        "Visible": false,
        "Name": "Bone.004_Tail"
      }
    },
    {
      "id": "RBXDA821ADBEC594CE6947D42A2242DFC21",
      "parent": "RBX43ACA2C5119B4956975B08D23E2AFABF",
      "class": "Bone",
      "name": "Bone.004_Tail_Tail",
      "properties": {
        "CFrame": {
          "position": [
            -0.00307225925,
            0.755827546,
            0.00333978701
          ],
          "rotation": [
            1,
            1.78813863e-7,
            -6.70551685e-8,
            -1.78813849e-7,
            1,
            1.78813835e-7,
            6.7055197e-8,
            -1.78813821e-7,
            1
          ]
        },
        "Visible": false,
        "Name": "Bone.004_Tail_Tail"
      }
    },
    {
      "id": "RBX7A66101AE71245E5A965A96B16C23C1E",
      "parent": "RBXAC89A4F8C1A248538554635C1BA18C61",
      "class": "Bone",
      "name": "Bone.005",
      "properties": {
        "CFrame": {
          "position": [
            0.00938074663,
            0.802265167,
            -0.00864720158
          ],
          "rotation": [
            0.999962032,
            0.00871857442,
            -0.000022030963,
            -0.0000212713967,
            0.00496655516,
            0.999987781,
            0.00871857628,
            -0.999949753,
            0.0049665519
          ]
        },
        "Visible": false,
        "Name": "Bone.005"
      }
    },
    {
      "id": "RBXE25B8C547078407AAEFC0AB9B227425D",
      "parent": "RBX7A66101AE71245E5A965A96B16C23C1E",
      "class": "Bone",
      "name": "Bone.005_Tail",
      "properties": {
        "CFrame": {
          "position": [
            0.0209534951,
            0.744177043,
            -0.0819326639
          ],
          "rotation": [
            0.999394,
            0.0347894952,
            0.00119384076,
            -0.0347842053,
            0.996747255,
            0.0726979226,
            0.00133916654,
            -0.0726953894,
            0.997353375
          ]
        },
        "Visible": false,
        "Name": "Bone.005_Tail"
      }
    },
    {
      "id": "RBX5FF25C397BD0432E8F4CE064383D7E06",
      "parent": "RBXE25B8C547078407AAEFC0AB9B227425D",
      "class": "Bone",
      "name": "Bone.005_Tail_Tail",
      "properties": {
        "CFrame": {
          "position": [
            -0.00295143994,
            0.755810201,
            -0.00314129842
          ],
          "rotation": [
            1,
            -5.9604595e-8,
            9.68574838e-8,
            5.96046021e-8,
            1,
            -7.45057704e-8,
            -9.68574767e-8,
            7.45057775e-8,
            1
          ]
        },
        "Visible": false,
        "Name": "Bone.005_Tail_Tail"
      }
    },
    {
      "id": "RBX297BB0B747E749D8AFE106DBDE32F641",
      "parent": "RBXA975614110664DF69CE5097E8E602486",
      "class": "Model",
      "name": "LowerStatic",
      "properties": {
        "PrimaryPart": "RBXFE6FE1E38A994A87A7B2A0B902D051D0",
        "Name": "LowerStatic"
      }
    },
    {
      "id": "RBXFE6FE1E38A994A87A7B2A0B902D051D0",
      "parent": "RBX297BB0B747E749D8AFE106DBDE32F641",
      "class": "Part",
      "name": "Middle",
      "properties": {
        "shape": 1,
        "Anchored": false,
        "CanCollide": false,
        "CanQuery": true,
        "CanTouch": true,
        "Color3uint8": [
          0.972549,
          0.972549,
          0.972549
        ],
        "Massless": false,
        "Material": 272,
        "PivotOffset": {
          "position": [
            0,
            0,
            0
          ],
          "rotation": [
            1,
            0,
            0,
            0,
            1,
            0,
            0,
            0,
            1
          ]
        },
        "Reflectance": 0,
        "Transparency": 0,
        "size": [
          2,
          2,
          1
        ],
        "Name": "Middle",
        "LocalCFrame": {
          "position": [
            0,
            0,
            0
          ],
          "rotation": [
            1,
            0,
            0,
            0,
            1,
            0,
            0,
            0,
            1
          ]
        }
      }
    },
    {
      "id": "RBX1C7FF5D0C29144DA9D4975837976AE1A",
      "parent": "RBXFE6FE1E38A994A87A7B2A0B902D051D0",
      "class": "SpecialMesh",
      "name": "Mesh",
      "properties": {
        "MeshType": 5,
        "MeshId": "rbxassetid://12221758",
        "TextureId": null,
        "Offset": [
          0,
          0,
          0
        ],
        "Scale": [
          1,
          1,
          1
        ],
        "VertexColor": [
          1,
          1,
          1
        ],
        "Name": "Mesh"
      }
    },
    {
      "id": "RBXB83FEADA3AE04723828DA9F0A54C394B",
      "parent": "RBXFE6FE1E38A994A87A7B2A0B902D051D0",
      "class": "Weld",
      "name": "Weld",
      "properties": {
        "C0": {
          "position": [
            0,
            0,
            0
          ],
          "rotation": [
            -1,
            0,
            0,
            0,
            1,
            0,
            0,
            0,
            -1
          ]
        },
        "C1": {
          "position": [
            0,
            0,
            0
          ],
          "rotation": [
            -1,
            0,
            0,
            0,
            1,
            0,
            0,
            0,
            -1
          ]
        },
        "Enabled": true,
        "Part0": "RBXFE6FE1E38A994A87A7B2A0B902D051D0",
        "Part1": "RBXFE6FE1E38A994A87A7B2A0B902D051D0",
        "Name": "Weld"
      }
    },
    {
      "id": "RBX200309C7B54D45A985D1F7A6ADDD430A",
      "parent": "RBXA975614110664DF69CE5097E8E602486",
      "class": "Model",
      "name": "LowerR",
      "properties": {
        "PrimaryPart": null,
        "Name": "LowerR"
      }
    },
    {
      "id": "RBX6B5B6A619EAD4952B739C0EB7F30DE22",
      "parent": "RBX200309C7B54D45A985D1F7A6ADDD430A",
      "class": "Part",
      "name": "Middle",
      "properties": {
        "shape": 1,
        "Anchored": false,
        "CanCollide": false,
        "CanQuery": true,
        "CanTouch": true,
        "Color3uint8": [
          1,
          0,
          0
        ],
        "Massless": false,
        "Material": 272,
        "PivotOffset": {
          "position": [
            0,
            0,
            0
          ],
          "rotation": [
            1,
            0,
            0,
            0,
            1,
            0,
            0,
            0,
            1
          ]
        },
        "Reflectance": 0,
        "Transparency": 1,
        "size": [
          0.226228729,
          0.226228729,
          0.226228729
        ],
        "Name": "Middle",
        "LocalCFrame": {
          "position": [
            0.286638,
            -0.900133,
            0.498841
          ],
          "rotation": [
            1,
            0,
            0,
            0,
            1,
            0,
            0,
            0,
            1
          ]
        }
      }
    },
    {
      "id": "RBXDE7EA782BDAB40768AA20BB26DB5B332",
      "parent": "RBX6B5B6A619EAD4952B739C0EB7F30DE22",
      "class": "SpecialMesh",
      "name": "Mesh",
      "properties": {
        "MeshType": 6,
        "MeshId": null,
        "TextureId": null,
        "Offset": [
          0,
          0,
          0
        ],
        "Scale": [
          0,
          0,
          0
        ],
        "VertexColor": [
          1,
          1,
          1
        ],
        "Name": "Mesh"
      }
    },
    {
      "id": "RBX24136F5500B94CD69AC05CB3BB802026",
      "parent": "RBX6B5B6A619EAD4952B739C0EB7F30DE22",
      "class": "Weld",
      "name": "Weld",
      "properties": {
        "C0": {
          "position": [
            0,
            0,
            0
          ],
          "rotation": [
            -1,
            0,
            0,
            0,
            1,
            0,
            0,
            0,
            -1
          ]
        },
        "C1": {
          "position": [
            0,
            0,
            0
          ],
          "rotation": [
            -1,
            0,
            0,
            0,
            1,
            0,
            0,
            0,
            -1
          ]
        },
        "Enabled": true,
        "Part0": "RBX6B5B6A619EAD4952B739C0EB7F30DE22",
        "Part1": "RBX6B5B6A619EAD4952B739C0EB7F30DE22",
        "Name": "Weld"
      }
    },
    {
      "id": "RBX36E5C8592E82422C920C255E83C0F590",
      "parent": "RBX200309C7B54D45A985D1F7A6ADDD430A",
      "class": "MeshPart",
      "name": "color5",
      "properties": {
        "HasSkinnedMesh": true,
        "MeshId": "rbxassetid://17837346792",
        "RenderFidelity": 0,
        "TextureID": null,
        "Anchored": false,
        "CanCollide": false,
        "CanQuery": true,
        "CanTouch": true,
        "Color3uint8": [
          1,
          0.8,
          0.6
        ],
        "Massless": false,
        "Material": 272,
        "PivotOffset": {
          "position": [
            0.0290862359,
            -0.00234352518,
            -6.25266168e-8
          ],
          "rotation": [
            1,
            0,
            0,
            0,
            0,
            -1,
            0,
            1,
            0
          ]
        },
        "Reflectance": 0,
        "Transparency": 0,
        "size": [
          1.4357276,
          1.58625209,
          1.25777221
        ],
        "Name": "color5",
        "LocalCFrame": {
          "position": [
            0.562389,
            -1.025133,
            0.517716
          ],
          "rotation": [
            -0.965932,
            -0.258797,
            -0.000029,
            -0.249973,
            0.933026,
            -0.258797,
            0.067003,
            -0.249973,
            -0.965932
          ]
        }
      }
    },
    {
      "id": "RBX909F9AE080714B1FB324E2CBFEB2BD4C",
      "parent": "RBX36E5C8592E82422C920C255E83C0F590",
      "class": "Bone",
      "name": "Bone",
      "properties": {
        "CFrame": {
          "position": [
            0.0290862359,
            0.752770722,
            -6.25266239e-8
          ],
          "rotation": [
            -1,
            0,
            0,
            0,
            -1,
            0,
            0,
            0,
            1
          ]
        },
        "Visible": false,
        "Name": "Bone"
      }
    },
    {
      "id": "RBXDC863620599141C290B57307703DBC66",
      "parent": "RBX909F9AE080714B1FB324E2CBFEB2BD4C",
      "class": "Bone",
      "name": "Bone.001",
      "properties": {
        "CFrame": {
          "position": [
            -0.00636889692,
            0.80218327,
            -0.00519522466
          ],
          "rotation": [
            0.999963522,
            -0.00854535308,
            -0.0000752888591,
            0.00854535773,
            0.999809325,
            0.0175590795,
            -0.0000747740269,
            -0.0175590813,
            0.999845862
          ]
        },
        "Visible": false,
        "Name": "Bone.001"
      }
    },
    {
      "id": "RBX43651C6993B442DA80EA81473FB3F6F7",
      "parent": "RBXDC863620599141C290B57307703DBC66",
      "class": "Bone",
      "name": "Bone.001_Tail",
      "properties": {
        "CFrame": {
          "position": [
            -0.0090528084,
            0.801844537,
            -0.00659327535
          ],
          "rotation": [
            0.999887049,
            -0.0150314309,
            -0.000286507711,
            0.0150341447,
            0.999675274,
            0.0205750894,
            -0.0000228583795,
            -0.0205770712,
            0.999788344
          ]
        },
        "Visible": false,
        "Name": "Bone.001_Tail"
      }
    },
    {
      "id": "RBX51979845823A47209C9F80CBB334088B",
      "parent": "RBX43651C6993B442DA80EA81473FB3F6F7",
      "class": "Bone",
      "name": "Bone.001_Tail_Tail",
      "properties": {
        "CFrame": {
          "position": [
            0.00267528184,
            0.8021487,
            0.00169146853
          ],
          "rotation": [
            1,
            -2.16066795e-7,
            2.38418508e-7,
            2.1606678e-7,
            1,
            4.47035085e-8,
            -2.38418522e-7,
            -4.47034587e-8,
            1
          ]
        },
        "Visible": false,
        "Name": "Bone.001_Tail_Tail"
      }
    },
    {
      "id": "RBXD92C12B489074EEA8504488D9C1AFE62",
      "parent": "RBX909F9AE080714B1FB324E2CBFEB2BD4C",
      "class": "Bone",
      "name": "Bone.002",
      "properties": {
        "CFrame": {
          "position": [
            -0.00691258302,
            0.802096963,
            -0.00485002715
          ],
          "rotation": [
            0.00296132313,
            0.999844909,
            0.0173668545,
            -0.999995649,
            0.00296131615,
            0.0000261231726,
            -0.0000253096259,
            -0.0173668563,
            0.999849319
          ]
        },
        "Visible": false,
        "Name": "Bone.002"
      }
    },
    {
      "id": "RBXB15A750A122440E89C72D0F1A2C84DAB",
      "parent": "RBXD92C12B489074EEA8504488D9C1AFE62",
      "class": "Bone",
      "name": "Bone.002_Tail",
      "properties": {
        "CFrame": {
          "position": [
            0.0848948881,
            0.684509635,
            -0.0121509572
          ],
          "rotation": [
            0.996672034,
            0.0815074891,
            0.00115855539,
            -0.0815156996,
            0.996580362,
            0.0135237034,
            -0.0000523105264,
            -0.013573138,
            0.999907911
          ]
        },
        "Visible": false,
        "Name": "Bone.002_Tail"
      }
    },
    {
      "id": "RBX6406C036322B4294B6A8009D818B7F55",
      "parent": "RBXB15A750A122440E89C72D0F1A2C84DAB",
      "class": "Bone",
      "name": "Bone.002_Tail_Tail",
      "properties": {
        "CFrame": {
          "position": [
            0.00895895809,
            0.688660622,
            -0.002053926
          ],
          "rotation": [
            1,
            -2.60770321e-8,
            -2.23517489e-8,
            2.60770356e-8,
            1,
            1.49011584e-7,
            2.23517453e-8,
            -1.49011584e-7,
            1
          ]
        },
        "Visible": false,
        "Name": "Bone.002_Tail_Tail"
      }
    },
    {
      "id": "RBX536B4D696AEB48899A19C93881486AA9",
      "parent": "RBX909F9AE080714B1FB324E2CBFEB2BD4C",
      "class": "Bone",
      "name": "Bone.003",
      "properties": {
        "CFrame": {
          "position": [
            -0.00691258302,
            0.802096963,
            -0.00485002715
          ],
          "rotation": [
            0.000139225274,
            -0.999832869,
            -0.0182837863,
            1,
            0.000139225158,
            0.00000127917815,
            0.0000012665987,
            -0.0182837863,
            0.999832869
          ]
        },
        "Visible": false,
        "Name": "Bone.003"
      }
    },
    {
      "id": "RBXD2B733E4ACCD483E91D2EEA112367452",
      "parent": "RBX536B4D696AEB48899A19C93881486AA9",
      "class": "Bone",
      "name": "Bone.003_Tail",
      "properties": {
        "CFrame": {
          "position": [
            -0.0989660025,
            0.681558251,
            -0.0175705608
          ],
          "rotation": [
            0.994820237,
            -0.10165026,
            -0.000206183176,
            0.101642586,
            0.994766295,
            -0.0104342625,
            0.00126574945,
            0.0103592565,
            0.999945641
          ]
        },
        "Visible": false,
        "Name": "Bone.003_Tail"
      }
    },
    {
      "id": "RBX14A61DFFBF68404C815BC798A29F9896",
      "parent": "RBXD2B733E4ACCD483E91D2EEA112367452",
      "class": "Bone",
      "name": "Bone.003_Tail_Tail",
      "properties": {
        "CFrame": {
          "position": [
            -0.0115382308,
            0.689109445,
            -0.000569576165
          ],
          "rotation": [
            1,
            7.45058948e-9,
            7.4505806e-8,
            -7.4505806e-9,
            1,
            -1.19209261e-7,
            -7.4505806e-8,
            1.19209261e-7,
            1
          ]
        },
        "Visible": false,
        "Name": "Bone.003_Tail_Tail"
      }
    },
    {
      "id": "RBXFD549D41EC5E4C899DA87C87FD046C5E",
      "parent": "RBX909F9AE080714B1FB324E2CBFEB2BD4C",
      "class": "Bone",
      "name": "Bone.004",
      "properties": {
        "CFrame": {
          "position": [
            -0.00691258302,
            0.802096963,
            -0.00485002715
          ],
          "rotation": [
            0.999946713,
            -0.0103248954,
            -0.00000734331206,
            0.00000678375363,
            0.00136821705,
            -0.999999166,
            0.0103248954,
            0.999945819,
            0.00136821426
          ]
        },
        "Visible": false,
        "Name": "Bone.004"
      }
    },
    {
      "id": "RBX4EF918B2FBBE4FC7AA85AB0971BC93AE",
      "parent": "RBXFD549D41EC5E4C899DA87C87FD046C5E",
      "class": "Bone",
      "name": "Bone.004_Tail",
      "properties": {
        "CFrame": {
          "position": [
            0.00469468813,
            0.750356138,
            0.0866748169
          ],
          "rotation": [
            0.999949694,
            -0.0100160027,
            0.000586080016,
            0.0100281537,
            0.995906115,
            -0.0898363665,
            0.000316120684,
            0.0898377225,
            0.995956421
          ]
        },
        "Visible": false,
        "Name": "Bone.004_Tail"
      }
    },
    {
      "id": "RBX3748B9431FFD4FC7987629FDA640C969",
      "parent": "RBX4EF918B2FBBE4FC7AA85AB0971BC93AE",
      "class": "Bone",
      "name": "Bone.004_Tail_Tail",
      "properties": {
        "CFrame": {
          "position": [
            0.00139805058,
            0.756190002,
            0.00409706449
          ],
          "rotation": [
            1,
            -5.24580252e-15,
            -5.21540571e-8,
            0,
            1,
            -1.00582824e-7,
            5.21540571e-8,
            1.00582824e-7,
            1
          ]
        },
        "Visible": false,
        "Name": "Bone.004_Tail_Tail"
      }
    },
    {
      "id": "RBX966A887E024341D1B2F46AF1A6AA189E",
      "parent": "RBX909F9AE080714B1FB324E2CBFEB2BD4C",
      "class": "Bone",
      "name": "Bone.005",
      "properties": {
        "CFrame": {
          "position": [
            -0.00691258302,
            0.802096963,
            -0.00485002715
          ],
          "rotation": [
            0.999945879,
            -0.0104075968,
            0.00000832736896,
            0.00000809878111,
            0.00157824159,
            0.999998808,
            -0.0104075968,
            -0.999944627,
            0.00157824042
          ]
        },
        "Visible": false,
        "Name": "Bone.005"
      }
    },
    {
      "id": "RBX9E67FD1926B24CC59956622919A5CC65",
      "parent": "RBX966A887E024341D1B2F46AF1A6AA189E",
      "class": "Bone",
      "name": "Bone.005_Tail",
      "properties": {
        "CFrame": {
          "position": [
            0.00488454709,
            0.750873864,
            -0.0967718437
          ],
          "rotation": [
            1,
            0.00014160898,
            -0.000133150388,
            -0.000129044041,
            0.995937586,
            0.090046078,
            0.000145360813,
            -0.0900460556,
            0.995937586
          ]
        },
        "Visible": false,
        "Name": "Bone.005_Tail"
      }
    },
    {
      "id": "RBXCC8E796C21AB4A57BF9CB96FFFAB5FAE",
      "parent": "RBX9E67FD1926B24CC59956622919A5CC65",
      "class": "Bone",
      "name": "Bone.005_Tail_Tail",
      "properties": {
        "CFrame": {
          "position": [
            0.000966553402,
            0.755465031,
            -0.00411648164
          ],
          "rotation": [
            1,
            4.66293543e-15,
            2.23517365e-8,
            0,
            1,
            -2.08616257e-7,
            -2.23517365e-8,
            2.08616257e-7,
            1
          ]
        },
        "Visible": false,
        "Name": "Bone.005_Tail_Tail"
      }
    },
    {
      "id": "RBX654461B4427B48228AFB07A62FAFF0F0",
      "parent": "RBX36E5C8592E82422C920C255E83C0F590",
      "class": "Decal",
      "name": "hand",
      "properties": {
        "Color3": [
          1,
          1,
          1
        ],
        "Texture": "rbxassetid://136656196065651",
        "Transparency": 0,
        "Face": 5,
        "Name": "hand"
      }
    }
  ]
}
