{
  "format": "overlay_json_v1",
  "kind": "morph_bundle",
  "version": 1,
  "asset_id": "morph_0690-nice-jiggle-butt",
  "name": "Nice Jiggle Butt",
  "source_file": "0690-nice-jiggle-butt.rbxmx",
  "anchor": "LowerTorso",
  "anchor_candidates": [
    "LowerTorso",
    "Torso",
    "HumanoidRootPart",
    "UpperTorso"
  ],
  "jiggle": true,
  "root_cframe": {
    "position": [
      -7571.28516,
      444.248627,
      -7883.46191
    ],
    "rotation": [
      0.922803104,
      2.63973803e-8,
      0.385271907,
      -3.22979021e-9,
      1,
      -6.07802448e-8,
      -0.385271907,
      5.48438521e-8,
      0.922803104
    ]
  },
  "class_counts": {
    "Folder": 1,
    "Model": 3,
    "Part": 3,
    "SpecialMesh": 3,
    "Weld": 5,
    "MeshPart": 2,
    "Bone": 32
  },
  "nodes": [
    {
      "id": "RBX944E3C390861450D9F3B550B6E0F4B22",
      "parent": null,
      "class": "Folder",
      "name": "Nice Jiggle Butt",
      "properties": {
        "Name": "Nice Jiggle Butt"
      }
    },
    {
      "id": "RBX36175E24BB7149E5AF89444FBA8DC4A8",
      "parent": "RBX944E3C390861450D9F3B550B6E0F4B22",
      "class": "Model",
      "name": "LowerL",
      "properties": {
        "PrimaryPart": null,
        "Name": "LowerL"
      }
    },
    {
      "id": "RBX76D15D296E9C47E98B8233DA0E4CE32B",
      "parent": "RBX36175E24BB7149E5AF89444FBA8DC4A8",
      "class": "Part",
      "name": "Middle",
      "properties": {
        "shape": 1,
        "Anchored": false,
        "CanCollide": false,
        "CanQuery": true,
        "CanTouch": true,
        "Color3uint8": [
          1,
          0,
          0
        ],
        "Massless": false,
        "Material": 272,
        "PivotOffset": {
          "position": [
            0,
            0,
            0
          ],
          "rotation": [
            1,
            0,
            0,
            0,
            1,
            0,
            0,
            0,
            1
          ]
        },
        "Reflectance": 0,
        "Transparency": 1,
        "size": [
          0.200000003,
          0.200000003,
          0.200000003
        ],
        "Name": "Middle",
        "LocalCFrame": {
          "position": [
            -0.249783,
            -0.99997,
            0.499441
          ],
          "rotation": [
            1,
            0,
            0,
            0,
            1,
            0,
            0,
            0,
            1
          ]
        }
      }
    },
    {
      "id": "RBX7939DF0A0EA54596B532257444BA48FC",
      "parent": "RBX76D15D296E9C47E98B8233DA0E4CE32B",
      "class": "SpecialMesh",
      "name": "Mesh",
      "properties": {
        "MeshType": 6,
        "MeshId": null,
        "TextureId": null,
        "Offset": [
          0,
          0,
          0
        ],
        "Scale": [
          0,
          0,
          0
        ],
        "VertexColor": [
          1,
          1,
          1
        ],
        "Name": "Mesh"
      }
    },
    {
      "id": "RBX1AA93441B8734BAC8519ABACE799C693",
      "parent": "RBX76D15D296E9C47E98B8233DA0E4CE32B",
      "class": "Weld",
      "name": "Weld",
      "properties": {
        "C0": {
          "position": [
            0,
            0,
            0
          ],
          "rotation": [
            -1,
            0,
            0,
            0,
            1,
            0,
            0,
            0,
            -1
          ]
        },
        "C1": {
          "position": [
            0,
            0,
            0
          ],
          "rotation": [
            -1,
            0,
            0,
            0,
            1,
            0,
            0,
            0,
            -1
          ]
        },
        "Enabled": true,
        "Part0": "RBX76D15D296E9C47E98B8233DA0E4CE32B",
        "Part1": "RBX76D15D296E9C47E98B8233DA0E4CE32B",
        "Name": "Weld"
      }
    },
    {
      "id": "RBXDF805E0794A6490CA86AB55968EF9E1C",
      "parent": "RBX76D15D296E9C47E98B8233DA0E4CE32B",
      "class": "Weld",
      "name": "Weld",
      "properties": {
        "C0": {
          "position": [
            0,
            0,
            0
          ],
          "rotation": [
            -1,
            0,
            0,
            0,
            1,
            0,
            0,
            0,
            -1
          ]
        },
        "C1": {
          "position": [
            0.284078985,
            0.119612209,
            0.0448545776
          ],
          "rotation": [
            -0.965931773,
            -0.249973103,
            -0.0670033991,
            -0.258797228,
            0.933025956,
            0.249973103,
            0.000029373914,
            0.258797228,
            -0.965931773
          ]
        },
        "Enabled": true,
        "Part0": "RBX76D15D296E9C47E98B8233DA0E4CE32B",
        "Part1": "RBX62C6459F9FD340E79E19A8E7CA044A19",
        "Name": "Weld"
      }
    },
    {
      "id": "RBX62C6459F9FD340E79E19A8E7CA044A19",
      "parent": "RBX36175E24BB7149E5AF89444FBA8DC4A8",
      "class": "MeshPart",
      "name": "color5",
      "properties": {
        "HasSkinnedMesh": true,
        "MeshId": "rbxassetid://17837346792",
        "RenderFidelity": 0,
        "TextureID": null,
        "Anchored": false,
        "CanCollide": false,
        "CanQuery": true,
        "CanTouch": true,
        "Color3uint8": [
          1,
          1,
          0.8
        ],
        "Massless": false,
        "Material": 272,
        "PivotOffset": {
          "position": [
            0.0291207042,
            -0.00222694455,
            -7.14577482e-8
          ],
          "rotation": [
            1,
            0,
            0,
            0,
            0,
            -1,
            0,
            1,
            0
          ]
        },
        "Reflectance": 0,
        "Transparency": 0,
        "size": [
          1.43742895,
          1.50734222,
          1.43742895
        ],
        "Name": "color5",
        "LocalCFrame": {
          "position": [
            -0.555359,
            -1.052155,
            0.467116
          ],
          "rotation": [
            0.965932,
            0.258797,
            -0.000029,
            -0.249973,
            0.933026,
            0.258797,
            0.067003,
            -0.249973,
            0.965932
          ]
        }
      }
    },
    {
      "id": "RBX1E63198BBB694F128853FBEB129F3D44",
      "parent": "RBX62C6459F9FD340E79E19A8E7CA044A19",
      "class": "Bone",
      "name": "Bone",
      "properties": {
        "CFrame": {
          "position": [
            0.0291207042,
            0.715323448,
            -7.14577553e-8
          ],
          "rotation": [
            -1,
            0,
            0,
            0,
            -1,
            0,
            0,
            0,
            1
          ]
        },
        "Visible": false,
        "Name": "Bone"
      }
    },
    {
      "id": "RBX8F5B7214F8FF49AD956019F6E39746DE",
      "parent": "RBX1E63198BBB694F128853FBEB129F3D44",
      "class": "Bone",
      "name": "Bone.001",
      "properties": {
        "CFrame": {
          "position": [
            0.001953125,
            0.762329102,
            0.0048828125
          ],
          "rotation": [
            0.999954998,
            0.00948598981,
            -0.0000219097983,
            -0.00948598981,
            0.999944389,
            -0.00460302783,
            -0.0000217556953,
            0.00460302876,
            0.99998939
          ]
        },
        "Visible": false,
        "Name": "Bone.001"
      }
    },
    {
      "id": "RBX7672193A84444DD3B1C9BFBCB7318E87",
      "parent": "RBX8F5B7214F8FF49AD956019F6E39746DE",
      "class": "Bone",
      "name": "Bone.001_Tail",
      "properties": {
        "CFrame": {
          "position": [
            0.0233154297,
            0.761535645,
            -0.0288085938
          ],
          "rotation": [
            0.9991135,
            0.0420889668,
            0.000889374409,
            -0.0420780703,
            0.997753441,
            0.0521312058,
            0.00130677177,
            -0.0521224104,
            0.998639941
          ]
        },
        "Visible": false,
        "Name": "Bone.001_Tail"
      }
    },
    {
      "id": "RBX4E4B3FA5AF054490A511B2A1491091F8",
      "parent": "RBX7672193A84444DD3B1C9BFBCB7318E87",
      "class": "Bone",
      "name": "Bone.001_Tail_Tail",
      "properties": {
        "CFrame": {
          "position": [
            0.0000610351562,
            0.762512207,
            0.000122070312
          ],
          "rotation": [
            1,
            -1.86264479e-8,
            3.72528985e-9,
            1.86264479e-8,
            1,
            -2.98023224e-8,
            -3.72528941e-9,
            2.98023224e-8,
            1
          ]
        },
        "Visible": false,
        "Name": "Bone.001_Tail_Tail"
      }
    },
    {
      "id": "RBX5D03DA8BE5444585A6803BC3B3BAB114",
      "parent": "RBX1E63198BBB694F128853FBEB129F3D44",
      "class": "Bone",
      "name": "Bone.002",
      "properties": {
        "CFrame": {
          "position": [
            0.001953125,
            0.762329102,
            0.0048828125
          ],
          "rotation": [
            0.00317923771,
            0.99994874,
            0.00961151719,
            -0.999994934,
            0.00317923864,
            0.000015180085,
            -0.0000153780002,
            -0.00961151719,
            0.999953806
          ]
        },
        "Visible": false,
        "Name": "Bone.002"
      }
    },
    {
      "id": "RBX1B3E3553AE004739860E29CD2DE7D24C",
      "parent": "RBX5D03DA8BE5444585A6803BC3B3BAB114",
      "class": "Bone",
      "name": "Bone.002_Tail",
      "properties": {
        "CFrame": {
          "position": [
            0.0764160156,
            0.760986328,
            -0.00891113281
          ],
          "rotation": [
            0.996141732,
            0.0877561346,
            0.000749257277,
            -0.087744534,
            0.995780706,
            0.0268666819,
            0.00161162019,
            -0.0268287659,
            0.999638855
          ]
        },
        "Visible": false,
        "Name": "Bone.002_Tail"
      }
    },
    {
      "id": "RBXD1C4A587504A41EBA7DF06AB28B310B9",
      "parent": "RBX1B3E3553AE004739860E29CD2DE7D24C",
      "class": "Bone",
      "name": "Bone.002_Tail_Tail",
      "properties": {
        "CFrame": {
          "position": [
            0,
            0.762512207,
            -0.000122070312
          ],
          "rotation": [
            1,
            1.58324838e-8,
            2.98023224e-8,
            -1.58324838e-8,
            1,
            4.7184468e-16,
            -2.98023224e-8,
            -9.43689465e-16,
            1
          ]
        },
        "Visible": false,
        "Name": "Bone.002_Tail_Tail"
      }
    },
    {
      "id": "RBX680947A0DE7D4F5E983287D89AD38193",
      "parent": "RBX1E63198BBB694F128853FBEB129F3D44",
      "class": "Bone",
      "name": "Bone.003",
      "properties": {
        "CFrame": {
          "position": [
            0.001953125,
            0.762329102,
            0.0048828125
          ],
          "rotation": [
            0.0000659450961,
            -0.999944508,
            -0.0105362525,
            1,
            0.0000659452053,
            3.37206075e-7,
            3.57627925e-7,
            -0.0105362525,
            0.999944508
          ]
        },
        "Visible": false,
        "Name": "Bone.003"
      }
    },
    {
      "id": "RBXF4CF11FE6FAD41F786DB3F30852A7F4D",
      "parent": "RBX680947A0DE7D4F5E983287D89AD38193",
      "class": "Bone",
      "name": "Bone.003_Tail",
      "properties": {
        "CFrame": {
          "position": [
            -0.0689086914,
            0.756835938,
            0.00268554688
          ],
          "rotation": [
            0.997090995,
            -0.0762178004,
            0.000646909932,
            0.0762201995,
            0.997076154,
            -0.00544458488,
            -0.000230044156,
            0.00547805429,
            0.99998498
          ]
        },
        "Visible": false,
        "Name": "Bone.003_Tail"
      }
    },
    {
      "id": "RBX98F940D73C354911A65A93766125CA5A",
      "parent": "RBXF4CF11FE6FAD41F786DB3F30852A7F4D",
      "class": "Bone",
      "name": "Bone.003_Tail_Tail",
      "properties": {
        "CFrame": {
          "position": [
            -0.0000610351562,
            0.762329102,
            0
          ],
          "rotation": [
            1,
            1.58324838e-8,
            -2.98023224e-8,
            -1.58324838e-8,
            1,
            -4.7184468e-16,
            2.98023224e-8,
            9.43689465e-16,
            1
          ]
        },
        "Visible": false,
        "Name": "Bone.003_Tail_Tail"
      }
    },
    {
      "id": "RBXB0CF25B09F0249F58A9128C979C0239D",
      "parent": "RBX1E63198BBB694F128853FBEB129F3D44",
      "class": "Bone",
      "name": "Bone.004",
      "properties": {
        "CFrame": {
          "position": [
            0.001953125,
            0.762329102,
            0.0048828125
          ],
          "rotation": [
            0.999857187,
            0.0169023871,
            0.0000127803351,
            -0.0000124946237,
            0.00149524212,
            -0.999998987,
            -0.0169023871,
            0.999856114,
            0.00149523979
          ]
        },
        "Visible": false,
        "Name": "Bone.004"
      }
    },
    {
      "id": "RBX44EA05FD73E644CEB4A4A4B554216516",
      "parent": "RBXB0CF25B09F0249F58A9128C979C0239D",
      "class": "Bone",
      "name": "Bone.004_Tail",
      "properties": {
        "CFrame": {
          "position": [
            0.0415039062,
            0.752685547,
            0.0706787109
          ],
          "rotation": [
            0.998563111,
            0.0535428636,
            -0.00221042754,
            -0.0535535701,
            0.99557507,
            -0.0772160739,
            -0.00193372276,
            0.0772234946,
            0.99701196
          ]
        },
        "Visible": false,
        "Name": "Bone.004_Tail"
      }
    },
    {
      "id": "RBXDC9A6845D01847AC879C16545BEEC4E1",
      "parent": "RBX44EA05FD73E644CEB4A4A4B554216516",
      "class": "Bone",
      "name": "Bone.004_Tail_Tail",
      "properties": {
        "CFrame": {
          "position": [
            0.0000610351562,
            0.762329102,
            -0.0000610351562
          ],
          "rotation": [
            1,
            1.11758673e-8,
            1.58324802e-8,
            -1.11758682e-8,
            1,
            2.98023188e-8,
            -1.58324802e-8,
            -2.98023188e-8,
            1
          ]
        },
        "Visible": false,
        "Name": "Bone.004_Tail_Tail"
      }
    },
    {
      "id": "RBX78377C427B634DE28D150C27F81DD9BE",
      "parent": "RBX1E63198BBB694F128853FBEB129F3D44",
      "class": "Bone",
      "name": "Bone.005",
      "properties": {
        "CFrame": {
          "position": [
            0.001953125,
            0.762329102,
            0.0048828125
          ],
          "rotation": [
            0.999862969,
            0.0165611152,
            -0.0000136084063,
            -0.000013150272,
            0.00161564338,
            0.999998868,
            0.016561117,
            -0.999861658,
            0.00161563978
          ]
        },
        "Visible": false,
        "Name": "Bone.005"
      }
    },
    {
      "id": "RBX1460E13E77B64ACBB99110F3D8CA5D8D",
      "parent": "RBX78377C427B634DE28D150C27F81DD9BE",
      "class": "Bone",
      "name": "Bone.005_Tail",
      "properties": {
        "CFrame": {
          "position": [
            0.0411376953,
            0.763427734,
            -0.0767822266
          ],
          "rotation": [
            0.998320341,
            0.0578696169,
            0.0027777534,
            -0.0578834191,
            0.994216084,
            0.0904655159,
            0.00247351732,
            -0.0904743448,
            0.995895803
          ]
        },
        "Visible": false,
        "Name": "Bone.005_Tail"
      }
    },
    {
      "id": "RBXB7868849FBDC4A7B846CAFB9EE2BC6E7",
      "parent": "RBX1460E13E77B64ACBB99110F3D8CA5D8D",
      "class": "Bone",
      "name": "Bone.005_Tail_Tail",
      "properties": {
        "CFrame": {
          "position": [
            0.0000610351562,
            0.762329102,
            0
          ],
          "rotation": [
            1,
            -1.11758673e-8,
            -1.58324802e-8,
            1.11758682e-8,
            1,
            2.98023188e-8,
            1.58324802e-8,
            -2.98023188e-8,
            1
          ]
        },
        "Visible": false,
        "Name": "Bone.005_Tail_Tail"
      }
    },
    {
      "id": "RBX30FC70331B81432FB94FBD18D42B106F",
      "parent": "RBX944E3C390861450D9F3B550B6E0F4B22",
      "class": "Model",
      "name": "LowerR",
      "properties": {
        "PrimaryPart": null,
        "Name": "LowerR"
      }
    },
    {
      "id": "RBX737EDEC238E44DB781F71CAC9EEA2CAD",
      "parent": "RBX30FC70331B81432FB94FBD18D42B106F",
      "class": "Part",
      "name": "Middle",
      "properties": {
        "shape": 1,
        "Anchored": false,
        "CanCollide": false,
        "CanQuery": true,
        "CanTouch": true,
        "Color3uint8": [
          1,
          0,
          0
        ],
        "Massless": false,
        "Material": 272,
        "PivotOffset": {
          "position": [
            0,
            0,
            0
          ],
          "rotation": [
            1,
            0,
            0,
            0,
            1,
            0,
            0,
            0,
            1
          ]
        },
        "Reflectance": 0,
        "Transparency": 1,
        "size": [
          0.200000003,
          0.200000003,
          0.200000003
        ],
        "Name": "Middle",
        "LocalCFrame": {
          "position": [
            0.250324,
            -1.000031,
            0.499232
          ],
          "rotation": [
            1,
            0,
            0,
            0,
            1,
            0,
            0,
            0,
            1
          ]
        }
      }
    },
    {
      "id": "RBXAE7B1721392A4C9CB253C4F4ACFD00BE",
      "parent": "RBX737EDEC238E44DB781F71CAC9EEA2CAD",
      "class": "SpecialMesh",
      "name": "Mesh",
      "properties": {
        "MeshType": 6,
        "MeshId": null,
        "TextureId": null,
        "Offset": [
          0,
          0,
          0
        ],
        "Scale": [
          0,
          0,
          0
        ],
        "VertexColor": [
          1,
          1,
          1
        ],
        "Name": "Mesh"
      }
    },
    {
      "id": "RBX22B87540D02C4CA0842D3CAC7A5A396E",
      "parent": "RBX737EDEC238E44DB781F71CAC9EEA2CAD",
      "class": "Weld",
      "name": "Weld",
      "properties": {
        "C0": {
          "position": [
            0,
            0,
            0
          ],
          "rotation": [
            -1,
            0,
            0,
            0,
            1,
            0,
            0,
            0,
            -1
          ]
        },
        "C1": {
          "position": [
            0,
            0,
            0
          ],
          "rotation": [
            -1,
            0,
            0,
            0,
            1,
            0,
            0,
            0,
            -1
          ]
        },
        "Enabled": true,
        "Part0": "RBX737EDEC238E44DB781F71CAC9EEA2CAD",
        "Part1": "RBX737EDEC238E44DB781F71CAC9EEA2CAD",
        "Name": "Weld"
      }
    },
    {
      "id": "RBXBB0A1701B7C3433EBEC7F48708A1EA81",
      "parent": "RBX737EDEC238E44DB781F71CAC9EEA2CAD",
      "class": "Weld",
      "name": "Weld",
      "properties": {
        "C0": {
          "position": [
            0,
            0,
            0
          ],
          "rotation": [
            -1,
            0,
            0,
            0,
            1,
            0,
            0,
            0,
            -1
          ]
        },
        "C1": {
          "position": [
            0.284078985,
            0.0598061047,
            -0.0448545776
          ],
          "rotation": [
            0.965931654,
            -0.249973103,
            -0.0670033991,
            0.258797228,
            0.933025956,
            0.249973103,
            0.000029373914,
            -0.258797228,
            0.965931654
          ]
        },
        "Enabled": true,
        "Part0": "RBX737EDEC238E44DB781F71CAC9EEA2CAD",
        "Part1": "RBX0C0F99FA1F8F4A3884088FFE392C6D38",
        "Name": "Weld"
      }
    },
    {
      "id": "RBX0C0F99FA1F8F4A3884088FFE392C6D38",
      "parent": "RBX30FC70331B81432FB94FBD18D42B106F",
      "class": "MeshPart",
      "name": "color5",
      "properties": {
        "HasSkinnedMesh": true,
        "MeshId": "rbxassetid://17837346792",
        "RenderFidelity": 0,
        "TextureID": null,
        "Anchored": false,
        "CanCollide": false,
        "CanQuery": true,
        "CanTouch": true,
        "Color3uint8": [
          1,
          1,
          0.8
        ],
        "Massless": false,
        "Material": 272,
        "PivotOffset": {
          "position": [
            0.0291207042,
            -0.00222694455,
            -7.14577482e-8
          ],
          "rotation": [
            1,
            0,
            0,
            0,
            0,
            -1,
            0,
            1,
            0
          ]
        },
        "Reflectance": 0,
        "Transparency": 0,
        "size": [
          1.43742895,
          1.50734222,
          1.43742895
        ],
        "Name": "color5",
        "LocalCFrame": {
          "position": [
            0.539951,
            -0.99643,
            0.451893
          ],
          "rotation": [
            -0.965932,
            -0.258797,
            -0.000029,
            -0.249973,
            0.933026,
            -0.258797,
            0.067003,
            -0.249973,
            -0.965932
          ]
        }
      }
    },
    {
      "id": "RBX5A9ABE7B6AA24469A290B800BFAD8DB8",
      "parent": "RBX0C0F99FA1F8F4A3884088FFE392C6D38",
      "class": "Bone",
      "name": "Bone",
      "properties": {
        "CFrame": {
          "position": [
            0.0291207042,
            0.715323448,
            -7.14577553e-8
          ],
          "rotation": [
            -1,
            0,
            0,
            0,
            -1,
            0,
            0,
            0,
            1
          ]
        },
        "Visible": false,
        "Name": "Bone"
      }
    },
    {
      "id": "RBX2F3361EBF8C040AB940A7FB7E9B0A121",
      "parent": "RBX5A9ABE7B6AA24469A290B800BFAD8DB8",
      "class": "Bone",
      "name": "Bone.001",
      "properties": {
        "CFrame": {
          "position": [
            -0.00634765625,
            0.762207031,
            -0.00573730469
          ],
          "rotation": [
            0.99991405,
            -0.0131107364,
            -0.0000309698808,
            0.0131107382,
            0.999903142,
            0.00467144186,
            -0.0000302791595,
            -0.00467144605,
            0.999989092
          ]
        },
        "Visible": false,
        "Name": "Bone.001"
      }
    },
    {
      "id": "RBX9D1F005E41A74C1DA858A3FAB5D11FBC",
      "parent": "RBX2F3361EBF8C040AB940A7FB7E9B0A121",
      "class": "Bone",
      "name": "Bone.001_Tail",
      "properties": {
        "CFrame": {
          "position": [
            -0.0229492188,
            0.761474609,
            0.0290527344
          ],
          "rotation": [
            0.999163687,
            -0.0408805832,
            0.000829928904,
            0.0408668518,
            0.997748792,
            -0.0531732813,
            0.00134569407,
            0.0531627312,
            0.998585045
          ]
        },
        "Visible": false,
        "Name": "Bone.001_Tail"
      }
    },
    {
      "id": "RBX2862B63654BE49539DC4BC425D421D4A",
      "parent": "RBX9D1F005E41A74C1DA858A3FAB5D11FBC",
      "class": "Bone",
      "name": "Bone.001_Tail_Tail",
      "properties": {
        "CFrame": {
          "position": [
            -0.000122070312,
            0.762359619,
            -0.000122070312
          ],
          "rotation": [
            1,
            -7.45058149e-9,
            0,
            7.45058149e-9,
            1,
            0,
            0,
            0,
            1
          ]
        },
        "Visible": false,
        "Name": "Bone.001_Tail_Tail"
      }
    },
    {
      "id": "RBX5B164FD8094C472A908E4E581FD8EE88",
      "parent": "RBX5A9ABE7B6AA24469A290B800BFAD8DB8",
      "class": "Bone",
      "name": "Bone.002",
      "properties": {
        "CFrame": {
          "position": [
            -0.00634765625,
            0.762207031,
            -0.00573730469
          ],
          "rotation": [
            -0.00627782336,
            0.999925673,
            -0.010460794,
            -0.999980271,
            -0.00627782429,
            0.0000328387505,
            -0.000032834716,
            0.0104607949,
            0.999945343
          ]
        },
        "Visible": false,
        "Name": "Bone.002"
      }
    },
    {
      "id": "RBX79C3B190AF654EAABB6B66D5B0D4A1C6",
      "parent": "RBX5B164FD8094C472A908E4E581FD8EE88",
      "class": "Bone",
      "name": "Bone.002_Tail",
      "properties": {
        "CFrame": {
          "position": [
            0.0712738037,
            0.757324219,
            0.00793457031
          ],
          "rotation": [
            0.995780051,
            0.0917684808,
            -0.000816200161,
            -0.0917551965,
            0.995386541,
            -0.0280493069,
            -0.00176160724,
            0.0280058291,
            0.999606311
          ]
        },
        "Visible": false,
        "Name": "Bone.002_Tail"
      }
    },
    {
      "id": "RBX4C62B9F31873495E9810E7E876ECD014",
      "parent": "RBX79C3B190AF654EAABB6B66D5B0D4A1C6",
      "class": "Bone",
      "name": "Bone.002_Tail_Tail",
      "properties": {
        "CFrame": {
          "position": [
            0,
            0.762329102,
            0.000122070312
          ],
          "rotation": [
            1,
            7.45058149e-9,
            0,
            -7.45058149e-9,
            1,
            0,
            0,
            0,
            1
          ]
        },
        "Visible": false,
        "Name": "Bone.002_Tail_Tail"
      }
    },
    {
      "id": "RBX3978483FD0CB4A42995DDC4BCAADD795",
      "parent": "RBX5A9ABE7B6AA24469A290B800BFAD8DB8",
      "class": "Bone",
      "name": "Bone.003",
      "properties": {
        "CFrame": {
          "position": [
            -0.00634765625,
            0.762207031,
            -0.00573730469
          ],
          "rotation": [
            -0.00891093537,
            -0.999913335,
            0.00969776604,
            0.999960363,
            -0.0089109363,
            0.0000430649779,
            0.0000433549285,
            0.00969776418,
            0.999953091
          ]
        },
        "Visible": false,
        "Name": "Bone.003"
      }
    },
    {
      "id": "RBX33D99A0EF0CF4A3FBACFEF66A82281FA",
      "parent": "RBX3978483FD0CB4A42995DDC4BCAADD795",
      "class": "Bone",
      "name": "Bone.003_Tail",
      "properties": {
        "CFrame": {
          "position": [
            -0.0853881836,
            0.759521484,
            -0.00561523438
          ],
          "rotation": [
            0.995180309,
            -0.0980552286,
            -0.00115282403,
            0.0980620012,
            0.995108843,
            0.0119288499,
            -0.0000225007516,
            -0.0119844051,
            0.999928236
          ]
        },
        "Visible": false,
        "Name": "Bone.003_Tail"
      }
    },
    {
      "id": "RBX5841F04B0FFF4C30AF3DE0E70B4DE32D",
      "parent": "RBX33D99A0EF0CF4A3FBACFEF66A82281FA",
      "class": "Bone",
      "name": "Bone.003_Tail_Tail",
      "properties": {
        "CFrame": {
          "position": [
            0.0000305175781,
            0.762451172,
            -0.000366210938
          ],
          "rotation": [
            1,
            7.45058149e-9,
            0,
            -7.45058149e-9,
            1,
            0,
            0,
            0,
            1
          ]
        },
        "Visible": false,
        "Name": "Bone.003_Tail_Tail"
      }
    },
    {
      "id": "RBX134E1A99DEA445BDB6C91718A0D545D9",
      "parent": "RBX5A9ABE7B6AA24469A290B800BFAD8DB8",
      "class": "Bone",
      "name": "Bone.004",
      "properties": {
        "CFrame": {
          "position": [
            -0.00634765625,
            0.762207031,
            -0.00573730469
          ],
          "rotation": [
            0.999845147,
            -0.0176005661,
            0.000066017521,
            -0.0000661723316,
            -0.00750985742,
            -0.999971807,
            0.0176005661,
            0.999816895,
            -0.00750985928
          ]
        },
        "Visible": false,
        "Name": "Bone.004"
      }
    },
    {
      "id": "RBXCF03A65413694CAEAD85F324619AE721",
      "parent": "RBX134E1A99DEA445BDB6C91718A0D545D9",
      "class": "Bone",
      "name": "Bone.004_Tail",
      "properties": {
        "CFrame": {
          "position": [
            -0.00341796875,
            0.763671875,
            0.0830230713
          ],
          "rotation": [
            0.999939919,
            -0.010949377,
            0.000686672167,
            0.0109632611,
            0.994951844,
            -0.0997528359,
            0.000409025699,
            0.0997543484,
            0.995012105
          ]
        },
        "Visible": false,
        "Name": "Bone.004_Tail"
      }
    },
    {
      "id": "RBXF22C9E03EADA48F8B5DB4EE656165071",
      "parent": "RBXCF03A65413694CAEAD85F324619AE721",
      "class": "Bone",
      "name": "Bone.004_Tail_Tail",
      "properties": {
        "CFrame": {
          "position": [
            0,
            0.762451172,
            0.0000305175781
          ],
          "rotation": [
            1,
            0,
            7.45058149e-9,
            0,
            1,
            0,
            -7.45058149e-9,
            0,
            1
          ]
        },
        "Visible": false,
        "Name": "Bone.004_Tail_Tail"
      }
    },
    {
      "id": "RBXCE31F2C8F1A441CD8285095B733A6861",
      "parent": "RBX5A9ABE7B6AA24469A290B800BFAD8DB8",
      "class": "Bone",
      "name": "Bone.005",
      "properties": {
        "CFrame": {
          "position": [
            -0.00634765625,
            0.762207031,
            -0.00573730469
          ],
          "rotation": [
            0.999831915,
            -0.0183376372,
            -0.0000718882147,
            -0.0000718534066,
            -0.00783783197,
            0.999969423,
            -0.018337639,
            -0.999801159,
            -0.00783783197
          ]
        },
        "Visible": false,
        "Name": "Bone.005"
      }
    },
    {
      "id": "RBX6B5873F259E54C4A93DC61863795E1DC",
      "parent": "RBXCE31F2C8F1A441CD8285095B733A6861",
      "class": "Bone",
      "name": "Bone.005_Tail",
      "properties": {
        "CFrame": {
          "position": [
            -0.00219726562,
            0.752319336,
            -0.0768127441
          ],
          "rotation": [
            0.999876201,
            -0.0157133043,
            -0.000890775991,
            0.0157260299,
            0.995224535,
            0.0963374078,
            -0.00062725693,
            -0.0963394791,
            0.995348454
          ]
        },
        "Visible": false,
        "Name": "Bone.005_Tail"
      }
    },
    {
      "id": "RBXF4092A3FE8EA491BB35A3E109381D62E",
      "parent": "RBX6B5873F259E54C4A93DC61863795E1DC",
      "class": "Bone",
      "name": "Bone.005_Tail_Tail",
      "properties": {
        "CFrame": {
          "position": [
            0,
            0.762573242,
            0.0000610351562
          ],
          "rotation": [
            1,
            0,
            -7.45058149e-9,
            0,
            1,
            0,
            7.45058149e-9,
            0,
            1
          ]
        },
        "Visible": false,
        "Name": "Bone.005_Tail_Tail"
      }
    },
    {
      "id": "RBX0778C224FCA0477782429882682915A1",
      "parent": "RBX944E3C390861450D9F3B550B6E0F4B22",
      "class": "Model",
      "name": "LowerStatic",
      "properties": {
        "PrimaryPart": "RBX90C79522A7044892A2B4DE74A565C276",
        "Name": "LowerStatic"
      }
    },
    {
      "id": "RBX90C79522A7044892A2B4DE74A565C276",
      "parent": "RBX0778C224FCA0477782429882682915A1",
      "class": "Part",
      "name": "Middle",
      "properties": {
        "shape": 1,
        "Anchored": false,
        "CanCollide": false,
        "CanQuery": true,
        "CanTouch": true,
        "Color3uint8": [
          0.972549,
          0.972549,
          0.972549
        ],
        "Massless": false,
        "Material": 272,
        "PivotOffset": {
          "position": [
            0,
            0,
            0
          ],
          "rotation": [
            1,
            0,
            0,
            0,
            1,
            0,
            0,
            0,
            1
          ]
        },
        "Reflectance": 0,
        "Transparency": 1,
        "size": [
          2,
          2,
          1
        ],
        "Name": "Middle",
        "LocalCFrame": {
          "position": [
            0,
            0,
            0
          ],
          "rotation": [
            1,
            0,
            0,
            0,
            1,
            0,
            0,
            0,
            1
          ]
        }
      }
    },
    {
      "id": "RBX6CE7C130090C4AAEA1E591586BACDD11",
      "parent": "RBX90C79522A7044892A2B4DE74A565C276",
      "class": "SpecialMesh",
      "name": "Mesh",
      "properties": {
        "MeshType": 5,
        "MeshId": "rbxassetid://12221758",
        "TextureId": null,
        "Offset": [
          0,
          0,
          0
        ],
        "Scale": [
          1,
          1,
          1
        ],
        "VertexColor": [
          1,
          1,
          1
        ],
        "Name": "Mesh"
      }
    },
    {
      "id": "RBX94632D5463774DF8A886E714056EF9FC",
      "parent": "RBX90C79522A7044892A2B4DE74A565C276",
      "class": "Weld",
      "name": "Weld",
      "properties": {
        "C0": {
          "position": [
            0,
            0,
            0
          ],
          "rotation": [
            -1,
            0,
            0,
            0,
            1,
            0,
            0,
            0,
            -1
          ]
        },
        "C1": {
          "position": [
            0,
            0,
            0
          ],
          "rotation": [
            -1,
            0,
            0,
            0,
            1,
            0,
            0,
            0,
            -1
          ]
        },
        "Enabled": true,
        "Part0": "RBX90C79522A7044892A2B4DE74A565C276",
        "Part1": "RBX90C79522A7044892A2B4DE74A565C276",
        "Name": "Weld"
      }
    }
  ]
}
