{
  "format": "overlay_json_v1",
  "kind": "morph_bundle",
  "version": 1,
  "asset_id": "morph_1825-curious-cat-tail",
  "name": "Curious Cat Tail",
  "source_file": "1825-curious-cat-tail.rbxmx",
  "anchor": "LowerTorso",
  "anchor_candidates": [
    "LowerTorso",
    "Torso",
    "HumanoidRootPart",
    "UpperTorso"
  ],
  "jiggle": true,
  "root_cframe": {
    "position": [
      108.485771,
      3.99955773,
      98.9588547
    ],
    "rotation": [
      -9.9347659e-8,
      0,
      1,
      0,
      1,
      0,
      -1,
      0,
      -9.9347659e-8
    ]
  },
  "class_counts": {
    "Folder": 1,
    "Model": 1,
    "Part": 1,
    "MeshPart": 1,
    "Bone": 11
  },
  "nodes": [
    {
      "id": "RBX60E62CCA1BB6490CB95DC3B5250BF051",
      "parent": null,
      "class": "Folder",
      "name": "Curious Cat Tail",
      "properties": {
        "Name": "Curious Cat Tail"
      }
    },
    {
      "id": "RBXD06C4898B051479CBEB9ECC4F6D95C4A",
      "parent": "RBX60E62CCA1BB6490CB95DC3B5250BF051",
      "class": "Model",
      "name": "UpperStatic",
      "properties": {
        "PrimaryPart": "RBX2B7154C5CE3F4CB1B3978AEA09974C1F",
        "Name": "UpperStatic"
      }
    },
    {
      "id": "RBX2B7154C5CE3F4CB1B3978AEA09974C1F",
      "parent": "RBXD06C4898B051479CBEB9ECC4F6D95C4A",
      "class": "Part",
      "name": "Middle",
      "properties": {
        "shape": 1,
        "Anchored": true,
        "CanCollide": false,
        "CanQuery": true,
        "CanTouch": true,
        "Color3uint8": [
          0.972549,
          0.972549,
          0.972549
        ],
        "Massless": false,
        "Material": 272,
        "PivotOffset": {
          "position": [
            0,
            0,
            0
          ],
          "rotation": [
            1,
            0,
            0,
            0,
            1,
            0,
            0,
            0,
            1
          ]
        },
        "Reflectance": 0,
        "Transparency": 0,
        "size": [
          2,
          2,
          1
        ],
        "Name": "Middle",
        "LocalCFrame": {
          "position": [
            0,
            0,
            0
          ],
          "rotation": [
            1,
            0,
            0,
            0,
            1,
            0,
            0,
            0,
            1
          ]
        }
      }
    },
    {
      "id": "RBX97EA74F82F6F418EBF36FA3FC7C2C4CD",
      "parent": "RBXD06C4898B051479CBEB9ECC4F6D95C4A",
      "class": "MeshPart",
      "name": "curiouscattail",
      "properties": {
        "HasSkinnedMesh": true,
        "MeshId": "rbxassetid://18757472205",
        "RenderFidelity": 0,
        "TextureID": null,
        "Anchored": false,
        "CanCollide": true,
        "CanQuery": true,
        "CanTouch": true,
        "Color3uint8": [
          0.066667,
          0.066667,
          0.066667
        ],
        "Massless": false,
        "Material": 256,
        "PivotOffset": {
          "position": [
            0.218933001,
            0.00673543289,
            0.00491208816
          ],
          "rotation": [
            1,
            1.22464672e-16,
            -1.22464685e-16,
            -1.22464685e-16,
            1,
            -7.54979013e-8,
            1.22464672e-16,
            7.54979013e-8,
            1
          ]
        },
        "Reflectance": 0,
        "Transparency": 0,
        "size": [
          2.82496881,
          2.34793139,
          0.733311534
        ],
        "Name": "curiouscattail",
        "LocalCFrame": {
          "position": [
            -0.000145,
            0.012368,
            1.801804
          ],
          "rotation": [
            0,
            0,
            -1,
            0,
            1,
            0,
            1,
            0,
            0
          ]
        }
      }
    },
    {
      "id": "RBX4C2E0B8F99C84521B6CDAEC5CB819AC5",
      "parent": "RBX97EA74F82F6F418EBF36FA3FC7C2C4CD",
      "class": "Bone",
      "name": "Bone",
      "properties": {
        "CFrame": {
          "position": [
            -1.40929234,
            0.0878930688,
            0.0049120984
          ],
          "rotation": [
            1,
            1.22464672e-16,
            -1.22464672e-16,
            -1.22464672e-16,
            1,
            -1.22464672e-16,
            1.22464672e-16,
            1.22464672e-16,
            1
          ]
        },
        "Visible": false,
        "Name": "Bone"
      }
    },
    {
      "id": "RBX4A4FD55EA8F04FB9BF7171C60805E05F",
      "parent": "RBX97EA74F82F6F418EBF36FA3FC7C2C4CD",
      "class": "Bone",
      "name": "Bone.001",
      "properties": {
        "CFrame": {
          "position": [
            -1.40929234,
            0.0878930166,
            0.00491210865
          ],
          "rotation": [
            0.0475395434,
            0.703780532,
            -0.708825052,
            -0.0460538566,
            -0.707328379,
            -0.705383241,
            -0.997807086,
            0.0661777258,
            -0.0012142621
          ]
        },
        "Visible": false,
        "Name": "Bone.001"
      }
    },
    {
      "id": "RBX7DDB29B068A1470FB86653C52A58A848",
      "parent": "RBX4A4FD55EA8F04FB9BF7171C60805E05F",
      "class": "Bone",
      "name": "Bone.002",
      "properties": {
        "CFrame": {
          "position": [
            0,
            0.444603175,
            0.00000563473532
          ],
          "rotation": [
            0.991183579,
            -0.13064684,
            -0.0220601223,
            0.126656994,
            0.983158946,
            -0.131743953,
            0.0389005356,
            0.12778835,
            0.991038322
          ]
        },
        "Visible": false,
        "Name": "Bone.002"
      }
    },
    {
      "id": "RBXFD6E628897354AAAB8C9414645ACE81B",
      "parent": "RBX7DDB29B068A1470FB86653C52A58A848",
      "class": "Bone",
      "name": "Bone.003",
      "properties": {
        "CFrame": {
          "position": [
            0.00000563473532,
            0.410439759,
            -0.00000563473532
          ],
          "rotation": [
            0.995491683,
            0.0575894006,
            0.0753639489,
            -0.0775993764,
            0.951405704,
            0.298002601,
            -0.0545398965,
            -0.302507311,
            0.951585412
          ]
        },
        "Visible": false,
        "Name": "Bone.003"
      }
    },
    {
      "id": "RBXEFF4B4646BEA48E98A89D3543D775620",
      "parent": "RBXFD6E628897354AAAB8C9414645ACE81B",
      "class": "Bone",
      "name": "Bone.004",
      "properties": {
        "CFrame": {
          "position": [
            0,
            0.602048934,
            -0.00000563473532
          ],
          "rotation": [
            0.99104917,
            0.105292417,
            0.0820670798,
            -0.129503161,
            0.907525897,
            0.399531931,
            -0.0324103124,
            -0.406583756,
            0.913038492
          ]
        },
        "Visible": false,
        "Name": "Bone.004"
      }
    },
    {
      "id": "RBX8327B9AC4C9F40C28D8DFF72AB507BB7",
      "parent": "RBXEFF4B4646BEA48E98A89D3543D775620",
      "class": "Bone",
      "name": "Bone.005",
      "properties": {
        "CFrame": {
          "position": [
            -0.00000563473532,
            0.545453668,
            0.00000140868383
          ],
          "rotation": [
            0.933563054,
            0.357282788,
            -0.0284448117,
            -0.245212212,
            0.694574356,
            0.676341295,
            0.26140213,
            -0.624432206,
            0.736039102
          ]
        },
        "Visible": false,
        "Name": "Bone.005"
      }
    },
    {
      "id": "RBX74C5E1FF5FF346818AF03F31D7D4547C",
      "parent": "RBX8327B9AC4C9F40C28D8DFF72AB507BB7",
      "class": "Bone",
      "name": "Bone.006",
      "properties": {
        "CFrame": {
          "position": [
            0,
            0.439314991,
            0
          ],
          "rotation": [
            0.975806236,
            -0.0260589104,
            -0.217078805,
            0.162086844,
            0.752556562,
            0.638268352,
            0.146731511,
            -0.658011794,
            0.738573194
          ]
        },
        "Visible": false,
        "Name": "Bone.006"
      }
    },
    {
      "id": "RBXD40BF3A990B7470E87E91BFA3263BE9D",
      "parent": "RBX74C5E1FF5FF346818AF03F31D7D4547C",
      "class": "Bone",
      "name": "Bone.007",
      "properties": {
        "CFrame": {
          "position": [
            0,
            0.616044223,
            0
          ],
          "rotation": [
            0.994367182,
            -0.0909517631,
            -0.0544229783,
            0.102191366,
            0.958936214,
            0.264572322,
            0.0281248409,
            -0.268643528,
            0.962829232
          ]
        },
        "Visible": false,
        "Name": "Bone.007"
      }
    },
    {
      "id": "RBX17A8EEBC86B74D3AA14A45FB13EC9D07",
      "parent": "RBXD40BF3A990B7470E87E91BFA3263BE9D",
      "class": "Bone",
      "name": "Bone.008",
      "properties": {
        "CFrame": {
          "position": [
            0,
            0.630812883,
            -0.00000563473532
          ],
          "rotation": [
            0.991305351,
            -0.130595878,
            -0.016075341,
            0.131525829,
            0.987017334,
            0.0921840221,
            0.00382778561,
            -0.0934968442,
            0.995612323
          ]
        },
        "Visible": false,
        "Name": "Bone.008"
      }
    },
    {
      "id": "RBX5F7B9102954F47B1B1438BD3B275FF18",
      "parent": "RBX17A8EEBC86B74D3AA14A45FB13EC9D07",
      "class": "Bone",
      "name": "Bone.009",
      "properties": {
        "CFrame": {
          "position": [
            0,
            0.40228489,
            0.00000563473532
          ],
          "rotation": [
            0.969239056,
            -0.245158985,
            0.0217473432,
            0.156095877,
            0.543993056,
            -0.824442804,
            0.190289125,
            0.802476704,
            0.565527618
          ]
        },
        "Visible": false,
        "Name": "Bone.009"
      }
    },
    {
      "id": "RBX48B116F1B4FE4D91B164DAF434CB5F31",
      "parent": "RBX5F7B9102954F47B1B1438BD3B275FF18",
      "class": "Bone",
      "name": "Bone.010",
      "properties": {
        "CFrame": {
          "position": [
            0.00000563473532,
            0.30656907,
            0
          ],
          "rotation": [
            0.978750885,
            -0.00223812205,
            -0.205041081,
            -0.164083108,
            0.591152668,
            -0.789693236,
            0.122978017,
            0.806556582,
            0.578223944
          ]
        },
        "Visible": false,
        "Name": "Bone.010"
      }
    }
  ]
}
