{
  "format": "overlay_json_v1",
  "kind": "morph_bundle",
  "version": 1,
  "asset_id": "morph_1713-catears2white",
  "name": "Catears2White",
  "source_file": "1713-catears2white.rbxmx",
  "anchor": "Head",
  "anchor_candidates": [
    "Head",
    "UpperTorso",
    "Torso",
    "HumanoidRootPart"
  ],
  "jiggle": true,
  "root_cframe": {
    "position": [
      98.5189743,
      4.5,
      127.862076
    ],
    "rotation": [
      0,
      1.46037658e-24,
      -1,
      -1.32348898e-23,
      1,
      -1.46037658e-24,
      1,
      -1.32348898e-23,
      0
    ]
  },
  "class_counts": {
    "Folder": 1,
    "Model": 1,
    "Part": 1,
    "SpecialMesh": 1,
    "MeshPart": 1,
    "Bone": 7
  },
  "nodes": [
    {
      "id": "RBX0A66AB90633B4C91BEC1853531E86554",
      "parent": null,
      "class": "Folder",
      "name": "Catears2White",
      "properties": {
        "Name": "Catears2White"
      }
    },
    {
      "id": "RBX011FC9DE1962472B80AEC6A4A10C7EDD",
      "parent": "RBX0A66AB90633B4C91BEC1853531E86554",
      "class": "Model",
      "name": "HeadAcc",
      "properties": {
        "PrimaryPart": null,
        "Name": "HeadAcc"
      }
    },
    {
      "id": "RBXA4FE98E81C5C445EA2E26C126B4139EA",
      "parent": "RBX011FC9DE1962472B80AEC6A4A10C7EDD",
      "class": "Part",
      "name": "Middle",
      "properties": {
        "shape": 1,
        "Anchored": true,
        "CanCollide": false,
        "CanQuery": true,
        "CanTouch": true,
        "Color3uint8": [
          0.972549,
          0.972549,
          0.972549
        ],
        "Massless": false,
        "Material": 272,
        "PivotOffset": {
          "position": [
            0,
            0,
            0
          ],
          "rotation": [
            1,
            0,
            0,
            0,
            1,
            0,
            0,
            0,
            1
          ]
        },
        "Reflectance": 0,
        "Transparency": 0,
        "size": [
          1,
          1,
          1
        ],
        "Name": "Middle",
        "LocalCFrame": {
          "position": [
            0,
            0,
            0
          ],
          "rotation": [
            1,
            0,
            0,
            0,
            1,
            0,
            0,
            0,
            1
          ]
        }
      }
    },
    {
      "id": "RBXAAF6CBA8421A4A49B9F3AE54FBAF5B31",
      "parent": "RBXA4FE98E81C5C445EA2E26C126B4139EA",
      "class": "SpecialMesh",
      "name": "Mesh",
      "properties": {
        "MeshType": 0,
        "MeshId": null,
        "TextureId": null,
        "Offset": [
          0,
          0,
          0
        ],
        "Scale": [
          1.25,
          1.25,
          1.25
        ],
        "VertexColor": [
          1,
          1,
          1
        ],
        "Name": "Mesh"
      }
    },
    {
      "id": "RBX26520294EF9345F9BA25391A218FB5CD",
      "parent": "RBX011FC9DE1962472B80AEC6A4A10C7EDD",
      "class": "MeshPart",
      "name": "fluffy ears2.2W",
      "properties": {
        "HasSkinnedMesh": true,
        "MeshId": "rbxassetid://18665666707",
        "RenderFidelity": 0,
        "TextureID": "rbxassetid://12635678451",
        "Anchored": false,
        "CanCollide": true,
        "CanQuery": true,
        "CanTouch": true,
        "Color3uint8": [
          0.639216,
          0.635294,
          0.647059
        ],
        "Massless": false,
        "Material": 256,
        "PivotOffset": {
          "position": [
            0.00000797740995,
            -0.00918548834,
            -0.0347735286
          ],
          "rotation": [
            1,
            1.22464672e-16,
            -1.22464685e-16,
            -1.22464685e-16,
            1,
            -7.54979013e-8,
            1.22464672e-16,
            7.54979013e-8,
            1
          ]
        },
        "Reflectance": 0,
        "Transparency": 0,
        "size": [
          1.38253403,
          0.764693499,
          0.856343031
        ],
        "Name": "fluffy ears2.2W",
        "LocalCFrame": {
          "position": [
            0.032974,
            0.882347,
            0.071831
          ],
          "rotation": [
            -1,
            0,
            0,
            0,
            1,
            0,
            0,
            0,
            -1
          ]
        }
      }
    },
    {
      "id": "RBX3185A3BA57614D75AD07AB77C68D8DFF",
      "parent": "RBX26520294EF9345F9BA25391A218FB5CD",
      "class": "Bone",
      "name": "Bone",
      "properties": {
        "CFrame": {
          "position": [
            0.245304465,
            -0.543760836,
            -0.0347735286
          ],
          "rotation": [
            -0.0322293788,
            -0.999480546,
            3.8434198e-9,
            0.999480486,
            -0.0322293825,
            -3.60328056e-9,
            3.72527942e-9,
            3.72529163e-9,
            1.00000012
          ]
        },
        "Visible": false,
        "Name": "Bone"
      }
    },
    {
      "id": "RBX5E18EB94A1CA43B1991F861DB1CA5930",
      "parent": "RBX3185A3BA57614D75AD07AB77C68D8DFF",
      "class": "Bone",
      "name": "Bone.004",
      "properties": {
        "CFrame": {
          "position": [
            3.98870483e-8,
            0.490847945,
            6.64389155e-10
          ],
          "rotation": [
            0.611465096,
            0.791271389,
            -1.35521361e-7,
            -0.791271389,
            0.611465096,
            1.44709702e-8,
            9.43170448e-8,
            9.83856836e-8,
            1
          ]
        },
        "Visible": false,
        "Name": "Bone.004"
      }
    },
    {
      "id": "RBXFFDD41B4706A4FD7AB74C0F4246577BD",
      "parent": "RBX5E18EB94A1CA43B1991F861DB1CA5930",
      "class": "Bone",
      "name": "Bone.005",
      "properties": {
        "CFrame": {
          "position": [
            -3.98870483e-8,
            0.369067371,
            -8.45431947e-10
          ],
          "rotation": [
            0.992708623,
            0.120538838,
            -4.84721134e-8,
            -0.120538831,
            0.992708683,
            6.87016266e-9,
            4.89468022e-8,
            -9.77297909e-10,
            1.00000012
          ]
        },
        "Visible": false,
        "Name": "Bone.005"
      }
    },
    {
      "id": "RBX04DC4CA8EBEB4ACD89486A553A65F3CB",
      "parent": "RBXFFDD41B4706A4FD7AB74C0F4246577BD",
      "class": "Bone",
      "name": "Bone.006",
      "properties": {
        "CFrame": {
          "position": [
            -1.19661138e-7,
            0.491140842,
            -7.36040562e-10
          ],
          "rotation": [
            0.960492074,
            0.278307676,
            -5.98063181e-8,
            -0.278307706,
            0.960492015,
            3.38438824e-8,
            6.68625049e-8,
            -1.58622182e-8,
            1.00000012
          ]
        },
        "Visible": false,
        "Name": "Bone.006"
      }
    },
    {
      "id": "RBX12EF0112317744128117736E163F3A3F",
      "parent": "RBX26520294EF9345F9BA25391A218FB5CD",
      "class": "Bone",
      "name": "Bone.001",
      "properties": {
        "CFrame": {
          "position": [
            0.245304495,
            -0.543760836,
            -0.0347735286
          ],
          "rotation": [
            -1.51962624e-7,
            0.640184402,
            0.768221259,
            1.06533036e-14,
            0.768221259,
            -0.640184402,
            -1,
            -9.72840937e-8,
            -1.16740928e-7
          ]
        },
        "Visible": false,
        "Name": "Bone.001"
      }
    },
    {
      "id": "RBX0184868C6755465DB885A46F6751142E",
      "parent": "RBX12EF0112317744128117736E163F3A3F",
      "class": "Bone",
      "name": "Bone.002",
      "properties": {
        "CFrame": {
          "position": [
            -6.51616858e-8,
            0.413554609,
            -7.97740967e-8
          ],
          "rotation": [
            1,
            1.16941692e-7,
            2.18999787e-7,
            -1.58936388e-7,
            0.979207873,
            0.202859432,
            -1.90723597e-7,
            -0.202859432,
            0.979207873
          ]
        },
        "Visible": false,
        "Name": "Bone.002"
      }
    },
    {
      "id": "RBXCD387D6D33104085B2D925432718AFC2",
      "parent": "RBX0184868C6755465DB885A46F6751142E",
      "class": "Bone",
      "name": "Bone.003",
      "properties": {
        "CFrame": {
          "position": [
            -1.17721221e-7,
            0.386419982,
            7.97740967e-8
          ],
          "rotation": [
            1,
            8.62156355e-8,
            2.38361125e-7,
            -1.19394571e-7,
            0.989735901,
            0.142908633,
            -2.23593588e-7,
            -0.142908633,
            0.989735901
          ]
        },
        "Visible": false,
        "Name": "Bone.003"
      }
    }
  ]
}
