{
  "format": "overlay_json_v1",
  "kind": "morph_bundle",
  "version": 1,
  "asset_id": "morph_2573-large-cum",
  "name": "Large cum",
  "source_file": "2573-large-cum.rbxmx",
  "anchor": "HumanoidRootPart",
  "anchor_candidates": [
    "HumanoidRootPart",
    "UpperTorso",
    "Torso",
    "Head"
  ],
  "jiggle": false,
  "root_cframe": {
    "position": [
      766.732849,
      -69.1862488,
      -131.024658
    ],
    "rotation": [
      1,
      6.9849182e-10,
      -1.51339896e-9,
      -6.9849182e-10,
      1,
      -1.49012713e-8,
      1.51339896e-9,
      1.49012713e-8,
      1
    ]
  },
  "class_counts": {
    "Folder": 1,
    "Model": 3,
    "Part": 4,
    "UnionOperation": 16,
    "SpecialMesh": 1,
    "ParticleEmitter": 1,
    "Motor6D": 24,
    "MeshPart": 2
  },
  "nodes": [
    {
      "id": "RBX59BF3E91E0B74C95989EFC3A5CB3D700",
      "parent": null,
      "class": "Folder",
      "name": "Large cum",
      "properties": {
        "Name": "Large cum"
      }
    },
    {
      "id": "RBXFB7270F1623E480AA9B871349A473F0F",
      "parent": "RBX59BF3E91E0B74C95989EFC3A5CB3D700",
      "class": "Model",
      "name": "Orbs",
      "properties": {
        "PrimaryPart": null,
        "Name": "Orbs"
      }
    },
    {
      "id": "RBXAE5F91555C1945B18A14FABD9EEFCBB0",
      "parent": "RBXFB7270F1623E480AA9B871349A473F0F",
      "class": "Part",
      "name": "Middle",
      "properties": {
        "shape": 1,
        "Anchored": true,
        "CanCollide": false,
        "CanQuery": true,
        "CanTouch": true,
        "Color3uint8": [
          1,
          0,
          0
        ],
        "Massless": false,
        "Material": 256,
        "PivotOffset": {
          "position": [
            0,
            0,
            0
          ],
          "rotation": [
            1,
            0,
            0,
            0,
            1,
            0,
            0,
            0,
            1
          ]
        },
        "Reflectance": 0,
        "Transparency": 0,
        "size": [
          0.200000003,
          0.200000003,
          0.200000003
        ],
        "Name": "Middle",
        "LocalCFrame": {
          "position": [
            0,
            0,
            0
          ],
          "rotation": [
            1,
            0,
            0,
            0,
            1,
            0,
            0,
            0,
            1
          ]
        }
      }
    },
    {
      "id": "RBX4F74E60C041544AABAD22D76E71E0378",
      "parent": "RBXFB7270F1623E480AA9B871349A473F0F",
      "class": "UnionOperation",
      "name": "color5",
      "properties": {
        "UsePartColor": true,
        "Anchored": false,
        "CanCollide": true,
        "CanQuery": true,
        "CanTouch": true,
        "Color3uint8": [
          0.972549,
          0.972549,
          0.972549
        ],
        "Massless": false,
        "Material": 272,
        "PivotOffset": {
          "position": [
            0,
            0,
            0
          ],
          "rotation": [
            1,
            0,
            0,
            0,
            1,
            0,
            0,
            0,
            1
          ]
        },
        "Reflectance": 0,
        "Transparency": 0,
        "size": [
          0.934382975,
          0.48762092,
          0.819720864
        ],
        "Name": "color5",
        "LocalCFrame": {
          "position": [
            0.039795,
            -0.403984,
            0.012573
          ],
          "rotation": [
            -0.342876,
            -0.001166,
            0.93938,
            -0.93938,
            0.001416,
            -0.342874,
            -0.00093,
            -0.999998,
            -0.001581
          ]
        }
      }
    },
    {
      "id": "RBXFAC5A863069E420681EE1A58BAC06D2E",
      "parent": "RBX59BF3E91E0B74C95989EFC3A5CB3D700",
      "class": "Model",
      "name": "LowerStaticA",
      "properties": {
        "PrimaryPart": "RBX6A73E464CBB1495AA423C9DAF776EE61",
        "Name": "LowerStaticA"
      }
    },
    {
      "id": "RBX6A73E464CBB1495AA423C9DAF776EE61",
      "parent": "RBXFAC5A863069E420681EE1A58BAC06D2E",
      "class": "Part",
      "name": "Middle",
      "properties": {
        "shape": 1,
        "Anchored": true,
        "CanCollide": false,
        "CanQuery": true,
        "CanTouch": true,
        "Color3uint8": [
          0.972549,
          0.972549,
          0.972549
        ],
        "Massless": false,
        "Material": 272,
        "PivotOffset": {
          "position": [
            0,
            0,
            0
          ],
          "rotation": [
            1,
            0,
            0,
            0,
            1,
            0,
            0,
            0,
            1
          ]
        },
        "Reflectance": 0,
        "Transparency": 0,
        "size": [
          2,
          2,
          1
        ],
        "Name": "Middle",
        "LocalCFrame": {
          "position": [
            0.000183,
            0.850243,
            0.50003
          ],
          "rotation": [
            1,
            0,
            0,
            0,
            1,
            0,
            0,
            0,
            1
          ]
        }
      }
    },
    {
      "id": "RBX0EA93694B0A245528D698C3AEAC7E67F",
      "parent": "RBX6A73E464CBB1495AA423C9DAF776EE61",
      "class": "SpecialMesh",
      "name": "Mesh",
      "properties": {
        "MeshType": 5,
        "MeshId": "rbxassetid://12221758",
        "TextureId": null,
        "Offset": [
          0,
          0,
          0
        ],
        "Scale": [
          1,
          1,
          1
        ],
        "VertexColor": [
          1,
          1,
          1
        ],
        "Name": "Mesh"
      }
    },
    {
      "id": "RBXC194FEB6D7F249B89F13B790733B17BB",
      "parent": "RBX59BF3E91E0B74C95989EFC3A5CB3D700",
      "class": "Model",
      "name": "Rod",
      "properties": {
        "PrimaryPart": null,
        "Name": "Rod"
      }
    },
    {
      "id": "RBX81A9138217ED4C248FDD8AB30A44F8EB",
      "parent": "RBXC194FEB6D7F249B89F13B790733B17BB",
      "class": "Part",
      "name": "Middle",
      "properties": {
        "shape": 1,
        "Anchored": true,
        "CanCollide": false,
        "CanQuery": true,
        "CanTouch": true,
        "Color3uint8": [
          0.627451,
          0.372549,
          0.207843
        ],
        "Massless": false,
        "Material": 256,
        "PivotOffset": {
          "position": [
            0,
            0,
            0
          ],
          "rotation": [
            1,
            0,
            0,
            0,
            1,
            0,
            0,
            0,
            1
          ]
        },
        "Reflectance": 0,
        "Transparency": 0,
        "size": [
          0.20137006,
          0.20137006,
          0.20137006
        ],
        "Name": "Middle",
        "LocalCFrame": {
          "position": [
            0.002686,
            0.032158,
            -0.014343
          ],
          "rotation": [
            1,
            0,
            0,
            0,
            1,
            0.000038,
            0,
            -0.000038,
            1
          ]
        }
      }
    },
    {
      "id": "RBXF6303A8287904E12B4091CEAA6F9C67C",
      "parent": "RBXC194FEB6D7F249B89F13B790733B17BB",
      "class": "Part",
      "name": "Particle1",
      "properties": {
        "shape": 1,
        "Anchored": true,
        "CanCollide": true,
        "CanQuery": true,
        "CanTouch": true,
        "Color3uint8": [
          1,
          0.580392,
          0.580392
        ],
        "Massless": false,
        "Material": 272,
        "PivotOffset": {
          "position": [
            0,
            0,
            0
          ],
          "rotation": [
            1,
            0,
            0,
            0,
            1,
            0,
            0,
            0,
            1
          ]
        },
        "Reflectance": 0,
        "Transparency": 1,
        "size": [
          0.155455127,
          0.155455127,
          0.155455127
        ],
        "Name": "Particle1",
        "LocalCFrame": {
          "position": [
            0.012879,
            0.450508,
            -1.568115
          ],
          "rotation": [
            -0.999751,
            0.022197,
            0.002303,
            0.00367,
            0.265327,
            -0.964152,
            -0.022012,
            -0.963903,
            -0.265343
          ]
        }
      }
    },
    {
      "id": "RBXD0FA079C5C614131BACA1D9302073804",
      "parent": "RBXF6303A8287904E12B4091CEAA6F9C67C",
      "class": "ParticleEmitter",
      "name": "Particles",
      "properties": {
        "Acceleration": [
          0,
          -15,
          0
        ],
        "Color": "0 1 1 1 0 1 1 1 1 0",
        "Drag": 0,
        "Enabled": false,
        "Lifetime": [
          1,
          1.5
        ],
        "LightEmission": 0,
        "LightInfluence": 1,
        "LockedToPart": false,
        "Rate": 25,
        "RotSpeed": [
          0,
          0
        ],
        "Rotation": [
          90,
          90
        ],
        "Size": "0 0.08 0 0.8 0.08 0 1 0 0",
        "Speed": [
          4,
          6
        ],
        "SpreadAngle": [
          10,
          10
        ],
        "Texture": "rbxassetid://3202767053",
        "TimeScale": 1,
        "Transparency": "0 0 0 0.9 0 0 1 1 0",
        "VelocityInheritance": 0,
        "ZOffset": 0,
        "Name": "Particles"
      }
    },
    {
      "id": "RBX9B5F88643661470B82E920899F8EAA86",
      "parent": "RBXC194FEB6D7F249B89F13B790733B17BB",
      "class": "UnionOperation",
      "name": "color5",
      "properties": {
        "UsePartColor": true,
        "Anchored": false,
        "CanCollide": true,
        "CanQuery": true,
        "CanTouch": true,
        "Color3uint8": [
          0.627451,
          0.372549,
          0.207843
        ],
        "Massless": false,
        "Material": 272,
        "PivotOffset": {
          "position": [
            0,
            0,
            0
          ],
          "rotation": [
            1,
            0,
            0,
            0,
            1,
            0,
            0,
            0,
            1
          ]
        },
        "Reflectance": 0,
        "Transparency": 0,
        "size": [
          0.0672404617,
          0.74760133,
          0.094783783
        ],
        "Name": "color5",
        "LocalCFrame": {
          "position": [
            -0.126953,
            -0.100884,
            -0.261933
          ],
          "rotation": [
            0.666572,
            -0.173829,
            -0.72489,
            -0.719341,
            0.10507,
            -0.686666,
            0.195526,
            0.979155,
            -0.055006
          ]
        }
      }
    },
    {
      "id": "RBX14B2545E0BDD4BC38628BF7DF686214D",
      "parent": "RBXC194FEB6D7F249B89F13B790733B17BB",
      "class": "UnionOperation",
      "name": "color5",
      "properties": {
        "UsePartColor": true,
        "Anchored": false,
        "CanCollide": true,
        "CanQuery": true,
        "CanTouch": true,
        "Color3uint8": [
          0.627451,
          0.372549,
          0.207843
        ],
        "Massless": false,
        "Material": 272,
        "PivotOffset": {
          "position": [
            0,
            0,
            0
          ],
          "rotation": [
            1,
            0,
            0,
            0,
            1,
            0,
            0,
            0,
            1
          ]
        },
        "Reflectance": 0,
        "Transparency": 0,
        "size": [
          0.101011865,
          0.4268713,
          0.0498303063
        ],
        "Name": "color5",
        "LocalCFrame": {
          "position": [
            0.056152,
            0.318756,
            -1.104157
          ],
          "rotation": [
            0.999438,
            -0.018992,
            -0.027642,
            -0.022939,
            0.214141,
            -0.976533,
            0.024465,
            0.976618,
            0.213585
          ]
        }
      }
    },
    {
      "id": "RBXA7FCE3B291EF4DA5925B4E7631588924",
      "parent": "RBXC194FEB6D7F249B89F13B790733B17BB",
      "class": "UnionOperation",
      "name": "color5",
      "properties": {
        "UsePartColor": true,
        "Anchored": false,
        "CanCollide": true,
        "CanQuery": true,
        "CanTouch": true,
        "Color3uint8": [
          0.627451,
          0.372549,
          0.207843
        ],
        "Massless": false,
        "Material": 272,
        "PivotOffset": {
          "position": [
            0,
            0,
            0
          ],
          "rotation": [
            1,
            0,
            0,
            0,
            1,
            0,
            0,
            0,
            1
          ]
        },
        "Reflectance": 0,
        "Transparency": 0,
        "size": [
          0.193128511,
          0.958393097,
          0.129691765
        ],
        "Name": "color5",
        "LocalCFrame": {
          "position": [
            0.064087,
            0.211609,
            -0.259705
          ],
          "rotation": [
            0.922327,
            -0.26777,
            0.278589,
            0.267696,
            -0.077142,
            -0.96041,
            0.27866,
            0.96039,
            0.000531
          ]
        }
      }
    },
    {
      "id": "RBX60D6C7ED2C614F2289ED10D052EB2786",
      "parent": "RBXC194FEB6D7F249B89F13B790733B17BB",
      "class": "UnionOperation",
      "name": "color5",
      "properties": {
        "UsePartColor": true,
        "Anchored": false,
        "CanCollide": true,
        "CanQuery": true,
        "CanTouch": true,
        "Color3uint8": [
          0.627451,
          0.372549,
          0.207843
        ],
        "Massless": false,
        "Material": 272,
        "PivotOffset": {
          "position": [
            0,
            0,
            0
          ],
          "rotation": [
            1,
            0,
            0,
            0,
            1,
            0,
            0,
            0,
            1
          ]
        },
        "Reflectance": 0,
        "Transparency": 0,
        "size": [
          0.159674957,
          0.414373487,
          0.159429312
        ],
        "Name": "color5",
        "LocalCFrame": {
          "position": [
            0.210327,
            0.161163,
            -1.001953
          ],
          "rotation": [
            0.303836,
            -0.314185,
            -0.899429,
            -0.838377,
            0.360272,
            -0.409061,
            0.452562,
            0.878351,
            -0.153942
          ]
        }
      }
    },
    {
      "id": "RBX0BD1DE417F9B4E2C8D42FDD1439F1DA1",
      "parent": "RBXC194FEB6D7F249B89F13B790733B17BB",
      "class": "UnionOperation",
      "name": "color5",
      "properties": {
        "UsePartColor": true,
        "Anchored": false,
        "CanCollide": true,
        "CanQuery": true,
        "CanTouch": true,
        "Color3uint8": [
          0.627451,
          0.372549,
          0.207843
        ],
        "Massless": false,
        "Material": 272,
        "PivotOffset": {
          "position": [
            0,
            0,
            0
          ],
          "rotation": [
            1,
            0,
            0,
            0,
            1,
            0,
            0,
            0,
            1
          ]
        },
        "Reflectance": 0,
        "Transparency": 0,
        "size": [
          0.231794223,
          0.372422874,
          0.230792791
        ],
        "Name": "color5",
        "LocalCFrame": {
          "position": [
            0.19043,
            0.102325,
            -0.814392
          ],
          "rotation": [
            0.017931,
            0.249488,
            -0.968212,
            -0.466693,
            0.858493,
            0.212573,
            0.884237,
            0.448046,
            0.131828
          ]
        }
      }
    },
    {
      "id": "RBX67E87B5F8F5D454F86367837B68D8230",
      "parent": "RBXC194FEB6D7F249B89F13B790733B17BB",
      "class": "UnionOperation",
      "name": "color5",
      "properties": {
        "UsePartColor": true,
        "Anchored": false,
        "CanCollide": true,
        "CanQuery": true,
        "CanTouch": true,
        "Color3uint8": [
          0.627451,
          0.372549,
          0.207843
        ],
        "Massless": false,
        "Material": 272,
        "PivotOffset": {
          "position": [
            0,
            0,
            0
          ],
          "rotation": [
            1,
            0,
            0,
            0,
            1,
            0,
            0,
            0,
            1
          ]
        },
        "Reflectance": 0,
        "Transparency": 0,
        "size": [
          0.209427893,
          0.871791184,
          0.223462313
        ],
        "Name": "color5",
        "LocalCFrame": {
          "position": [
            -0.13562,
            -0.112968,
            -0.41919
          ],
          "rotation": [
            0.685659,
            0.463745,
            0.561082,
            0.687674,
            -0.159909,
            -0.708191,
            -0.238698,
            0.871418,
            -0.428548
          ]
        }
      }
    },
    {
      "id": "RBX18CCA97777404E7A8A4BEFA0A6ADA81D",
      "parent": "RBXC194FEB6D7F249B89F13B790733B17BB",
      "class": "UnionOperation",
      "name": "color5",
      "properties": {
        "UsePartColor": true,
        "Anchored": false,
        "CanCollide": true,
        "CanQuery": true,
        "CanTouch": true,
        "Color3uint8": [
          0.627451,
          0.372549,
          0.207843
        ],
        "Massless": false,
        "Material": 272,
        "PivotOffset": {
          "position": [
            0,
            0,
            0
          ],
          "rotation": [
            1,
            0,
            0,
            0,
            1,
            0,
            0,
            0,
            1
          ]
        },
        "Reflectance": 0,
        "Transparency": 0,
        "size": [
          0.09340287,
          0.336072564,
          0.297804117
        ],
        "Name": "color5",
        "LocalCFrame": {
          "position": [
            -0.19104,
            0.018776,
            -1.11853
          ],
          "rotation": [
            0.964944,
            0.18556,
            0.185611,
            0.245322,
            -0.88903,
            -0.38658,
            0.09328,
            0.418565,
            -0.90339
          ]
        }
      }
    },
    {
      "id": "RBXEE6E846BBCE549559CE34C004BE3E9CE",
      "parent": "RBXC194FEB6D7F249B89F13B790733B17BB",
      "class": "UnionOperation",
      "name": "color5",
      "properties": {
        "UsePartColor": true,
        "Anchored": false,
        "CanCollide": true,
        "CanQuery": true,
        "CanTouch": true,
        "Color3uint8": [
          0.627451,
          0.372549,
          0.207843
        ],
        "Massless": false,
        "Material": 272,
        "PivotOffset": {
          "position": [
            0,
            0,
            0
          ],
          "rotation": [
            1,
            0,
            0,
            0,
            1,
            0,
            0,
            0,
            1
          ]
        },
        "Reflectance": 0,
        "Transparency": 0,
        "size": [
          0.157960832,
          0.723692298,
          0.23527348
        ],
        "Name": "color5",
        "LocalCFrame": {
          "position": [
            -0.17926,
            -0.005867,
            -0.980866
          ],
          "rotation": [
            0.94893,
            -0.0343,
            0.313617,
            0.3153,
            0.06889,
            -0.946488,
            0.01086,
            0.997034,
            0.076187
          ]
        }
      }
    },
    {
      "id": "RBXCB9842E692734C3D9C6353044B1E7CAD",
      "parent": "RBXC194FEB6D7F249B89F13B790733B17BB",
      "class": "UnionOperation",
      "name": "color1",
      "properties": {
        "UsePartColor": true,
        "Anchored": false,
        "CanCollide": true,
        "CanQuery": true,
        "CanTouch": true,
        "Color3uint8": [
          0.627451,
          0.372549,
          0.207843
        ],
        "Massless": false,
        "Material": 272,
        "PivotOffset": {
          "position": [
            0,
            0,
            0
          ],
          "rotation": [
            1,
            0,
            0,
            0,
            1,
            0,
            0,
            0,
            1
          ]
        },
        "Reflectance": 0,
        "Transparency": 0,
        "size": [
          0.444578707,
          0.463351339,
          0.338040709
        ],
        "Name": "color1",
        "LocalCFrame": {
          "position": [
            0.011475,
            0.401581,
            -1.393418
          ],
          "rotation": [
            -1,
            -0.000008,
            -0.000055,
            -0.000052,
            0.490333,
            0.871535,
            0.00002,
            0.871535,
            -0.490333
          ]
        }
      }
    },
    {
      "id": "RBXCE0ACE77A7DB49EF8CA8D89CC0E304BE",
      "parent": "RBXC194FEB6D7F249B89F13B790733B17BB",
      "class": "UnionOperation",
      "name": "color5",
      "properties": {
        "UsePartColor": true,
        "Anchored": false,
        "CanCollide": true,
        "CanQuery": true,
        "CanTouch": true,
        "Color3uint8": [
          0.627451,
          0.372549,
          0.207843
        ],
        "Massless": false,
        "Material": 272,
        "PivotOffset": {
          "position": [
            0,
            0,
            0
          ],
          "rotation": [
            1,
            0,
            0,
            0,
            1,
            0,
            0,
            0,
            1
          ]
        },
        "Reflectance": 0,
        "Transparency": 0,
        "size": [
          0.239110559,
          1.65540743,
          0.673674107
        ],
        "Name": "color5",
        "LocalCFrame": {
          "position": [
            0.005676,
            0.031898,
            -0.75412
          ],
          "rotation": [
            -1,
            0.000042,
            -0.000033,
            -0.000049,
            -0.47672,
            0.879055,
            0.000021,
            0.879055,
            0.476721
          ]
        }
      }
    },
    {
      "id": "RBX828556E5FDE44430816292055C916157",
      "parent": "RBXC194FEB6D7F249B89F13B790733B17BB",
      "class": "UnionOperation",
      "name": "color5",
      "properties": {
        "UsePartColor": true,
        "Anchored": false,
        "CanCollide": true,
        "CanQuery": true,
        "CanTouch": true,
        "Color3uint8": [
          0.627451,
          0.372549,
          0.207843
        ],
        "Massless": false,
        "Material": 272,
        "PivotOffset": {
          "position": [
            0,
            0,
            0
          ],
          "rotation": [
            1,
            0,
            0,
            0,
            1,
            0,
            0,
            0,
            1
          ]
        },
        "Reflectance": 0,
        "Transparency": 0,
        "size": [
          0.564713299,
          1.92810857,
          0.60895431
        ],
        "Name": "color5",
        "LocalCFrame": {
          "position": [
            0.005554,
            0.045197,
            -0.630707
          ],
          "rotation": [
            -1,
            0.000032,
            -0.000045,
            -0.00005,
            -0.207791,
            0.978173,
            0.000022,
            0.978173,
            0.207791
          ]
        }
      }
    },
    {
      "id": "RBXE9172DA9CF1E4C5FBEC6605D4A0969FB",
      "parent": "RBX828556E5FDE44430816292055C916157",
      "class": "Motor6D",
      "name": "urethra",
      "properties": {
        "C0": {
          "position": [
            -0.000150749649,
            -0.117961615,
            -0.0386496186
          ],
          "rotation": [
            1,
            0.00000136332346,
            -3.03055458e-7,
            -0.00000122116944,
            0.95892626,
            0.283655882,
            6.73657382e-7,
            -0.283655852,
            0.95892626
          ]
        },
        "C1": {
          "position": [
            0,
            0,
            0
          ],
          "rotation": [
            1,
            0,
            0,
            0,
            1,
            0,
            0,
            0,
            1
          ]
        },
        "Enabled": true,
        "Part0": "RBX828556E5FDE44430816292055C916157",
        "Part1": "RBXCE0ACE77A7DB49EF8CA8D89CC0E304BE",
        "Name": "urethra"
      }
    },
    {
      "id": "RBXC96C8A9F836E48B9801373860D18BC19",
      "parent": "RBX828556E5FDE44430816292055C916157",
      "class": "Motor6D",
      "name": "tip",
      "properties": {
        "C0": {
          "position": [
            -0.0059357672,
            -0.820115805,
            0.190118879
          ],
          "rotation": [
            1,
            0.00000207558151,
            9.18792466e-7,
            -9.50723916e-7,
            0.75062573,
            -0.660727739,
            -0.00000206473169,
            0.66072768,
            0.75062573
          ]
        },
        "C1": {
          "position": [
            0,
            0,
            0
          ],
          "rotation": [
            1,
            0,
            0,
            0,
            1,
            0,
            0,
            0,
            1
          ]
        },
        "Enabled": true,
        "Part0": "RBX828556E5FDE44430816292055C916157",
        "Part1": "RBXCB9842E692734C3D9C6353044B1E7CAD",
        "Name": "tip"
      }
    },
    {
      "id": "RBX470E453251E4463091D5EDC11771B524",
      "parent": "RBX828556E5FDE44430816292055C916157",
      "class": "Motor6D",
      "name": "Union",
      "properties": {
        "C0": {
          "position": [
            -0.204812229,
            -0.387238175,
            0.0362823829
          ],
          "rotation": [
            -0.303783685,
            0.31418559,
            0.899445951,
            0.616900623,
            0.784308553,
            -0.0656115264,
            -0.726053238,
            0.534935832,
            -0.432079792
          ]
        },
        "C1": {
          "position": [
            0,
            0,
            0
          ],
          "rotation": [
            1,
            0,
            0,
            0,
            1,
            0,
            0,
            0,
            1
          ]
        },
        "Enabled": true,
        "Part0": "RBX828556E5FDE44430816292055C916157",
        "Part1": "RBX60D6C7ED2C614F2289ED10D052EB2786",
        "Name": "Union"
      }
    },
    {
      "id": "RBXBD2061FB8D204E79A424B98192141687",
      "parent": "RBX828556E5FDE44430816292055C916157",
      "class": "Motor6D",
      "name": "Union",
      "properties": {
        "C0": {
          "position": [
            0.184819087,
            -0.331913054,
            -0.122704335
          ],
          "rotation": [
            -0.948945522,
            0.0343185924,
            -0.313567549,
            -0.0548634455,
            0.960956752,
            0.271205038,
            0.310632259,
            0.27456221,
            -0.910012782
          ]
        },
        "C1": {
          "position": [
            0,
            0,
            0
          ],
          "rotation": [
            1,
            0,
            0,
            0,
            1,
            0,
            0,
            0,
            1
          ]
        },
        "Enabled": true,
        "Part0": "RBX828556E5FDE44430816292055C916157",
        "Part1": "RBXEE6E846BBCE549559CE34C004BE3E9CE",
        "Name": "Union"
      }
    },
    {
      "id": "RBX84EADDF7D5B44EFCA9D76F6BFA7757B2",
      "parent": "RBX828556E5FDE44430816292055C916157",
      "class": "Motor6D",
      "name": "Union",
      "properties": {
        "C0": {
          "position": [
            0.141214743,
            0.239767328,
            -0.110757418
          ],
          "rotation": [
            -0.685698569,
            -0.46371761,
            -0.561055541,
            -0.376358211,
            0.885640562,
            -0.272020817,
            0.623034537,
            0.0246336069,
            -0.781806469
          ]
        },
        "C1": {
          "position": [
            0,
            0,
            0
          ],
          "rotation": [
            1,
            0,
            0,
            0,
            1,
            0,
            0,
            0,
            1
          ]
        },
        "Enabled": true,
        "Part0": "RBX828556E5FDE44430816292055C916157",
        "Part1": "RBX67E87B5F8F5D454F86367837B68D8230",
        "Name": "Union"
      }
    },
    {
      "id": "RBXCC3036AF4DBC4830B58AAFA9021952BF",
      "parent": "RBX828556E5FDE44430816292055C916157",
      "class": "Motor6D",
      "name": "Union",
      "properties": {
        "C0": {
          "position": [
            -0.191847801,
            -0.192092732,
            0.0160147976
          ],
          "rotation": [
            -0.0178767499,
            -0.24951078,
            0.968206942,
            0.961916268,
            0.259879798,
            0.0847326368,
            -0.27275908,
            0.93284893,
            0.235362619
          ]
        },
        "C1": {
          "position": [
            0.0000610490824,
            0.0000152691355,
            -0.00716400193
          ],
          "rotation": [
            1,
            -0.00000938776429,
            -0.0000145582053,
            0.00000938760786,
            1,
            -0.000010739971,
            0.0000145583053,
            0.0000107398346,
            1
          ]
        },
        "Enabled": true,
        "Part0": "RBX828556E5FDE44430816292055C916157",
        "Part1": "RBX0BD1DE417F9B4E2C8D42FDD1439F1DA1",
        "Name": "Union"
      }
    },
    {
      "id": "RBXEAD4A7659FFF47E09018F36FC667117E",
      "parent": "RBX828556E5FDE44430816292055C916157",
      "class": "Motor6D",
      "name": "Union",
      "properties": {
        "C0": {
          "position": [
            -0.0585097075,
            0.328332722,
            0.239867404
          ],
          "rotation": [
            -0.922334492,
            0.267795175,
            -0.278540492,
            0.216982558,
            0.955448329,
            0.200092822,
            0.319714934,
            0.124114089,
            -0.93934989
          ]
        },
        "C1": {
          "position": [
            0,
            0,
            0
          ],
          "rotation": [
            1,
            0,
            0,
            0,
            1,
            0,
            0,
            0,
            1
          ]
        },
        "Enabled": true,
        "Part0": "RBX828556E5FDE44430816292055C916157",
        "Part1": "RBXA7FCE3B291EF4DA5925B4E7631588924",
        "Name": "Union"
      }
    },
    {
      "id": "RBXF505959A79784F49BB9A0CB02F88FA71",
      "parent": "RBX828556E5FDE44430816292055C916157",
      "class": "Motor6D",
      "name": "Union",
      "properties": {
        "C0": {
          "position": [
            0.196577579,
            -0.471695662,
            -0.127200902
          ],
          "rotation": [
            -0.964953959,
            -0.185506433,
            -0.185611039,
            0.040298935,
            0.594166815,
            -0.803338349,
            0.259307563,
            -0.782660186,
            -0.565866709
          ]
        },
        "C1": {
          "position": [
            0,
            0,
            0
          ],
          "rotation": [
            1,
            0,
            0,
            0,
            1,
            0,
            0,
            0,
            1
          ]
        },
        "Enabled": true,
        "Part0": "RBX828556E5FDE44430816292055C916157",
        "Part1": "RBX18CCA97777404E7A8A4BEFA0A6ADA81D",
        "Name": "Union"
      }
    },
    {
      "id": "RBX56EF3DC1CDE74C3796227EF72F6F27D7",
      "parent": "RBXC194FEB6D7F249B89F13B790733B17BB",
      "class": "UnionOperation",
      "name": "cum",
      "properties": {
        "UsePartColor": true,
        "Anchored": false,
        "CanCollide": true,
        "CanQuery": true,
        "CanTouch": true,
        "Color3uint8": [
          0.968627,
          0.972549,
          0.8
        ],
        "Massless": false,
        "Material": 1568,
        "PivotOffset": {
          "position": [
            0,
            0,
            0
          ],
          "rotation": [
            1,
            0,
            0,
            0,
            1,
            0,
            0,
            0,
            1
          ]
        },
        "Reflectance": 0,
        "Transparency": 0.100000001,
        "size": [
          0.564713299,
          1.45937252,
          0.522953331
        ],
        "Name": "cum",
        "LocalCFrame": {
          "position": [
            0.005493,
            0.077881,
            -0.851074
          ],
          "rotation": [
            -1,
            0.000041,
            -0.00004,
            -0.000048,
            -0.207784,
            0.978175,
            0.000032,
            0.978175,
            0.207784
          ]
        }
      }
    },
    {
      "id": "RBXF374BB160C004392A9E9499B486E13E4",
      "parent": "RBX56EF3DC1CDE74C3796227EF72F6F27D7",
      "class": "Motor6D",
      "name": "urethra",
      "properties": {
        "C0": {
          "position": [
            -0.000165085788,
            0.104396038,
            -0.0248293094
          ],
          "rotation": [
            1,
            0.00000934723539,
            0.00000698651365,
            -0.0000109451003,
            0.958924294,
            0.2836622,
            -0.00000404807997,
            -0.28366217,
            0.958924353
          ]
        },
        "C1": {
          "position": [
            0,
            0,
            0
          ],
          "rotation": [
            1,
            0,
            0,
            0,
            1,
            0,
            0,
            0,
            1
          ]
        },
        "Enabled": true,
        "Part0": "RBX56EF3DC1CDE74C3796227EF72F6F27D7",
        "Part1": "RBXCE0ACE77A7DB49EF8CA8D89CC0E304BE",
        "Name": "urethra"
      }
    },
    {
      "id": "RBX60F6D38A8F354A59954A1B63B4E38AEE",
      "parent": "RBX56EF3DC1CDE74C3796227EF72F6F27D7",
      "class": "Motor6D",
      "name": "tip",
      "properties": {
        "C0": {
          "position": [
            -0.00596585032,
            -0.597809017,
            0.203953698
          ],
          "rotation": [
            1,
            0.0000129505643,
            -0.00000115543344,
            -0.0000104851124,
            0.750682294,
            -0.660663366,
            -0.000007688599,
            0.660663307,
            0.750682294
          ]
        },
        "C1": {
          "position": [
            0,
            0,
            0
          ],
          "rotation": [
            1,
            0,
            0,
            0,
            1,
            0,
            0,
            0,
            1
          ]
        },
        "Enabled": true,
        "Part0": "RBX56EF3DC1CDE74C3796227EF72F6F27D7",
        "Part1": "RBXCB9842E692734C3D9C6353044B1E7CAD",
        "Name": "tip"
      }
    },
    {
      "id": "RBXDDD069DA39024C798CF2A62ECAB8F99F",
      "parent": "RBX56EF3DC1CDE74C3796227EF72F6F27D7",
      "class": "Motor6D",
      "name": "Union",
      "properties": {
        "C0": {
          "position": [
            -0.204837933,
            -0.164879829,
            0.05010508
          ],
          "rotation": [
            -0.303761035,
            0.314190626,
            0.899451792,
            0.616913497,
            0.784290612,
            -0.0656205118,
            -0.726048946,
            0.534951031,
            -0.432065278
          ]
        },
        "C1": {
          "position": [
            0,
            0,
            0
          ],
          "rotation": [
            1,
            0,
            0,
            0,
            1,
            0,
            0,
            0,
            1
          ]
        },
        "Enabled": true,
        "Part0": "RBX56EF3DC1CDE74C3796227EF72F6F27D7",
        "Part1": "RBX60D6C7ED2C614F2289ED10D052EB2786",
        "Name": "Union"
      }
    },
    {
      "id": "RBX3DE505FCBA364AA28FA47BED0BE5D551",
      "parent": "RBX56EF3DC1CDE74C3796227EF72F6F27D7",
      "class": "Motor6D",
      "name": "Union",
      "properties": {
        "C0": {
          "position": [
            0.18479532,
            -0.109559953,
            -0.108890168
          ],
          "rotation": [
            -0.948942065,
            0.0343265012,
            -0.313577503,
            -0.0548438206,
            0.960969985,
            0.271162122,
            0.310646623,
            0.274514914,
            -0.91002214
          ]
        },
        "C1": {
          "position": [
            0,
            0,
            0
          ],
          "rotation": [
            1,
            0,
            0,
            0,
            1,
            0,
            0,
            0,
            1
          ]
        },
        "Enabled": true,
        "Part0": "RBX56EF3DC1CDE74C3796227EF72F6F27D7",
        "Part1": "RBXEE6E846BBCE549559CE34C004BE3E9CE",
        "Name": "Union"
      }
    },
    {
      "id": "RBXAF34B8F2D3A94739AC8C8BD81217CF9E",
      "parent": "RBX56EF3DC1CDE74C3796227EF72F6F27D7",
      "class": "Motor6D",
      "name": "Union",
      "properties": {
        "C0": {
          "position": [
            0.141197205,
            0.462198585,
            -0.0969533026
          ],
          "rotation": [
            -0.68568635,
            -0.463704348,
            -0.561081588,
            -0.376356721,
            0.88564682,
            -0.272002548,
            0.623048842,
            0.024658395,
            -0.78179419
          ]
        },
        "C1": {
          "position": [
            0,
            0,
            0
          ],
          "rotation": [
            1,
            0,
            0,
            0,
            1,
            0,
            0,
            0,
            1
          ]
        },
        "Enabled": true,
        "Part0": "RBX56EF3DC1CDE74C3796227EF72F6F27D7",
        "Part1": "RBX67E87B5F8F5D454F86367837B68D8230",
        "Name": "Union"
      }
    },
    {
      "id": "RBX7544691B82D44112AA05C9A76EEE8D8D",
      "parent": "RBX56EF3DC1CDE74C3796227EF72F6F27D7",
      "class": "Motor6D",
      "name": "Union",
      "properties": {
        "C0": {
          "position": [
            -0.191871256,
            0.0302906409,
            0.0298331045
          ],
          "rotation": [
            -0.0178637225,
            -0.249495685,
            0.968211174,
            0.961917996,
            0.259879291,
            0.0847152025,
            -0.272754133,
            0.932852983,
            0.235351965
          ]
        },
        "C1": {
          "position": [
            0.0000610490824,
            0.0000152691355,
            -0.00716400193
          ],
          "rotation": [
            1,
            -0.00000938776429,
