{
  "format": "overlay_json_v1",
  "kind": "morph_bundle",
  "version": 1,
  "asset_id": "morph_1172-jigle-freckles-m-v1",
  "name": "Jigle Freckles M V1",
  "source_file": "1172-jigle-freckles-m-v1.rbxmx",
  "anchor": "LowerTorso",
  "anchor_candidates": [
    "LowerTorso",
    "Torso",
    "HumanoidRootPart",
    "UpperTorso"
  ],
  "jiggle": true,
  "root_cframe": {
    "position": [
      -7571.50635,
      438.548187,
      -7884.00391
    ],
    "rotation": [
      0.994255781,
      4.70767105e-8,
      0.107030265,
      -4.14993728e-8,
      1,
      -5.43371534e-8,
      -0.107030265,
      4.95833383e-8,
      0.994255781
    ]
  },
  "class_counts": {
    "Folder": 1,
    "Model": 3,
    "Part": 3,
    "SpecialMesh": 3,
    "Weld": 6,
    "MeshPart": 3,
    "Decal": 4,
    "Bone": 32
  },
  "nodes": [
    {
      "id": "RBXC3C8088D1D0141279A84DD54CF33DE3C",
      "parent": null,
      "class": "Folder",
      "name": "Jigle Freckles M V1",
      "properties": {
        "Name": "Jigle Freckles M V1"
      }
    },
    {
      "id": "RBXA7E75701EB394830A0A4EECACE265A53",
      "parent": "RBXC3C8088D1D0141279A84DD54CF33DE3C",
      "class": "Model",
      "name": "LowerStatic",
      "properties": {
        "PrimaryPart": "RBXBA6F16EF194B4B82B15D95AF8861E32E",
        "Name": "LowerStatic"
      }
    },
    {
      "id": "RBXBA6F16EF194B4B82B15D95AF8861E32E",
      "parent": "RBXA7E75701EB394830A0A4EECACE265A53",
      "class": "Part",
      "name": "Middle",
      "properties": {
        "shape": 1,
        "Anchored": false,
        "CanCollide": false,
        "CanQuery": true,
        "CanTouch": true,
        "Color3uint8": [
          0.972549,
          0.972549,
          0.972549
        ],
        "Massless": false,
        "Material": 272,
        "PivotOffset": {
          "position": [
            0,
            0,
            0
          ],
          "rotation": [
            1,
            0,
            0,
            0,
            1,
            0,
            0,
            0,
            1
          ]
        },
        "Reflectance": 0,
        "Transparency": 1,
        "size": [
          2,
          2,
          1
        ],
        "Name": "Middle",
        "LocalCFrame": {
          "position": [
            0,
            0,
            0
          ],
          "rotation": [
            1,
            0,
            0,
            0,
            1,
            0,
            0,
            0,
            1
          ]
        }
      }
    },
    {
      "id": "RBXFF3861921EB140F2B430B0C072EC97B7",
      "parent": "RBXBA6F16EF194B4B82B15D95AF8861E32E",
      "class": "SpecialMesh",
      "name": "Mesh",
      "properties": {
        "MeshType": 5,
        "MeshId": "rbxassetid://12221758",
        "TextureId": null,
        "Offset": [
          0,
          0,
          0
        ],
        "Scale": [
          1,
          1,
          1
        ],
        "VertexColor": [
          1,
          1,
          1
        ],
        "Name": "Mesh"
      }
    },
    {
      "id": "RBXCF70952CC4C948E9B096A22A97987055",
      "parent": "RBXBA6F16EF194B4B82B15D95AF8861E32E",
      "class": "Weld",
      "name": "Weld",
      "properties": {
        "C0": {
          "position": [
            0,
            0,
            0
          ],
          "rotation": [
            -1,
            0,
            0,
            0,
            1,
            0,
            0,
            0,
            -1
          ]
        },
        "C1": {
          "position": [
            0,
            0,
            0
          ],
          "rotation": [
            -1,
            0,
            0,
            0,
            1,
            0,
            0,
            0,
            -1
          ]
        },
        "Enabled": true,
        "Part0": "RBXBA6F16EF194B4B82B15D95AF8861E32E",
        "Part1": "RBXBA6F16EF194B4B82B15D95AF8861E32E",
        "Name": "Weld"
      }
    },
    {
      "id": "RBXAD37AC83B1A34FC1BD200FB953B20477",
      "parent": "RBXBA6F16EF194B4B82B15D95AF8861E32E",
      "class": "Weld",
      "name": "Weld",
      "properties": {
        "C0": {
          "position": [
            0,
            0,
            0
          ],
          "rotation": [
            -1,
            0,
            0,
            0,
            1,
            0,
            0,
            0,
            -1
          ]
        },
        "C1": {
          "position": [
            0.000153541565,
            -0.932807446,
            0.507639408
          ],
          "rotation": [
            1,
            0,
            0,
            0,
            -0.499959469,
            -0.866048813,
            0,
            0.866048813,
            -0.499959469
          ]
        },
        "Enabled": true,
        "Part0": "RBXBA6F16EF194B4B82B15D95AF8861E32E",
        "Part1": "RBX90566468233B4DCB9F197F11471ADA25",
        "Name": "Weld"
      }
    },
    {
      "id": "RBX90566468233B4DCB9F197F11471ADA25",
      "parent": "RBXA7E75701EB394830A0A4EECACE265A53",
      "class": "MeshPart",
      "name": "color5",
      "properties": {
        "HasSkinnedMesh": true,
        "MeshId": "rbxassetid://16243955924",
        "RenderFidelity": 1,
        "TextureID": null,
        "Anchored": false,
        "CanCollide": false,
        "CanQuery": true,
        "CanTouch": true,
        "Color3uint8": [
          1,
          1,
          0.8
        ],
        "Massless": false,
        "Material": 272,
        "PivotOffset": {
          "position": [
            0,
            0.000324690307,
            0
          ],
          "rotation": [
            1,
            0,
            0,
            0,
            0,
            -1,
            0,
            1,
            0
          ]
        },
        "Reflectance": 0,
        "Transparency": 0,
        "size": [
          0.549407721,
          0.399054527,
          0.549407721
        ],
        "Name": "color5",
        "LocalCFrame": {
          "position": [
            0.000277,
            -0.906006,
            0.554002
          ],
          "rotation": [
            -1,
            0,
            0,
            0,
            -0.499959,
            0.866049,
            0,
            0.866049,
            0.499959
          ]
        }
      }
    },
    {
      "id": "RBXF0DB027FC23145829F17CA399DB83D38",
      "parent": "RBXC3C8088D1D0141279A84DD54CF33DE3C",
      "class": "Model",
      "name": "LowerR",
      "properties": {
        "PrimaryPart": null,
        "Name": "LowerR"
      }
    },
    {
      "id": "RBX2252C15C0D11452C92DD415702BCCE60",
      "parent": "RBXF0DB027FC23145829F17CA399DB83D38",
      "class": "Part",
      "name": "Middle",
      "properties": {
        "shape": 1,
        "Anchored": false,
        "CanCollide": false,
        "CanQuery": true,
        "CanTouch": true,
        "Color3uint8": [
          0.584314,
          0.568627,
          0.623529
        ],
        "Massless": false,
        "Material": 272,
        "PivotOffset": {
          "position": [
            0,
            0,
            0
          ],
          "rotation": [
            1,
            0,
            0,
            0,
            1,
            0,
            0,
            0,
            1
          ]
        },
        "Reflectance": 0,
        "Transparency": 1,
        "size": [
          0.253327072,
          0.253327072,
          0.253327072
        ],
        "Name": "Middle",
        "LocalCFrame": {
          "position": [
            0.249699,
            -0.999939,
            0.499816
          ],
          "rotation": [
            1,
            0,
            0,
            0,
            1,
            0,
            0,
            0,
            1
          ]
        }
      }
    },
    {
      "id": "RBX04C5F822E18B406CA33AB99917E1946C",
      "parent": "RBX2252C15C0D11452C92DD415702BCCE60",
      "class": "SpecialMesh",
      "name": "Mesh",
      "properties": {
        "MeshType": 6,
        "MeshId": null,
        "TextureId": null,
        "Offset": [
          0,
          0,
          0
        ],
        "Scale": [
          0,
          0,
          0
        ],
        "VertexColor": [
          1,
          1,
          1
        ],
        "Name": "Mesh"
      }
    },
    {
      "id": "RBXFDFF12D4D9F047ADB3250E52DBA2CE34",
      "parent": "RBX2252C15C0D11452C92DD415702BCCE60",
      "class": "Decal",
      "name": "Decal",
      "properties": {
        "Color3": [
          1,
          1,
          1
        ],
        "Texture": "rbxassetid://7317286674",
        "Transparency": 0,
        "Face": 5,
        "Name": "Decal"
      }
    },
    {
      "id": "RBX8FCB881B7FA44D96AA6D92EDC047E224",
      "parent": "RBX2252C15C0D11452C92DD415702BCCE60",
      "class": "Weld",
      "name": "Weld",
      "properties": {
        "C0": {
          "position": [
            0,
            0,
            0
          ],
          "rotation": [
            -1,
            0,
            0,
            0,
            1,
            0,
            0,
            0,
            -1
          ]
        },
        "C1": {
          "position": [
            0,
            0,
            0
          ],
          "rotation": [
            -1,
            0,
            0,
            0,
            1,
            0,
            0,
            0,
            -1
          ]
        },
        "Enabled": true,
        "Part0": "RBX2252C15C0D11452C92DD415702BCCE60",
        "Part1": "RBX2252C15C0D11452C92DD415702BCCE60",
        "Name": "Weld"
      }
    },
    {
      "id": "RBXB09A40527EA24686BE26E27818353E23",
      "parent": "RBX2252C15C0D11452C92DD415702BCCE60",
      "class": "Weld",
      "name": "Weld",
      "properties": {
        "C0": {
          "position": [
            0,
            0,
            0
          ],
          "rotation": [
            -1,
            0,
            0,
            0,
            1,
            0,
            0,
            0,
            -1
          ]
        },
        "C1": {
          "position": [
            0.351209313,
            0.153847083,
            0.0965020135
          ],
          "rotation": [
            0.965931654,
            -0.249973103,
            -0.0670033991,
            0.258797228,
            0.933025956,
            0.249973103,
            0.000029373914,
            -0.258797228,
            0.965931654
          ]
        },
        "Enabled": true,
        "Part0": "RBX2252C15C0D11452C92DD415702BCCE60",
        "Part1": "RBX3381CCA13C814E4CA778B9799F8D66AA",
        "Name": "Weld"
      }
    },
    {
      "id": "RBX3381CCA13C814E4CA778B9799F8D66AA",
      "parent": "RBXF0DB027FC23145829F17CA399DB83D38",
      "class": "MeshPart",
      "name": "color5",
      "properties": {
        "HasSkinnedMesh": true,
        "MeshId": "rbxassetid://17837346792",
        "RenderFidelity": 0,
        "TextureID": null,
        "Anchored": false,
        "CanCollide": false,
        "CanQuery": true,
        "CanTouch": true,
        "Color3uint8": [
          1,
          1,
          0.8
        ],
        "Massless": false,
        "Material": 272,
        "PivotOffset": {
          "position": [
            0.033725027,
            -0.00257904967,
            -8.27560243e-8
          ],
          "rotation": [
            1,
            0,
            0,
            0,
            0,
            -1,
            0,
            1,
            0
          ]
        },
        "Reflectance": 0,
        "Transparency": 0,
        "size": [
          1.85638154,
          1.91379535,
          1.84681249
        ],
        "Name": "color5",
        "LocalCFrame": {
          "position": [
            0.628977,
            -1.0307,
            0.607922
          ],
          "rotation": [
            -0.965932,
            -0.258797,
            -0.000029,
            -0.249973,
            0.933026,
            -0.258797,
            0.067003,
            -0.249973,
            -0.965932
          ]
        }
      }
    },
    {
      "id": "RBX48CEB03F06F54459AC8167862B68F69A",
      "parent": "RBX3381CCA13C814E4CA778B9799F8D66AA",
      "class": "Bone",
      "name": "Bone",
      "properties": {
        "CFrame": {
          "position": [
            0.033725027,
            0.828424156,
            -8.27560385e-8
          ],
          "rotation": [
            -1,
            0,
            0,
            0,
            -1,
            0,
            0,
            0,
            1
          ]
        },
        "Visible": false,
        "Name": "Bone"
      }
    },
    {
      "id": "RBX06D87CF4949A4861A6B2A82219535D8B",
      "parent": "RBX48CEB03F06F54459AC8167862B68F69A",
      "class": "Bone",
      "name": "Bone.001",
      "properties": {
        "CFrame": {
          "position": [
            0.0103759766,
            0.696136475,
            -0.0297851562
          ],
          "rotation": [
            0.999922037,
            0.0124829467,
            0.000271164055,
            -0.0124829449,
            0.998978853,
            0.0434239283,
            0.000271171331,
            -0.0434239283,
            0.999056756
          ]
        },
        "Visible": false,
        "Name": "Bone.001"
      }
    },
    {
      "id": "RBXE2A6AAB65F7441888290A45EF671B3E7",
      "parent": "RBX06D87CF4949A4861A6B2A82219535D8B",
      "class": "Bone",
      "name": "Bone.001_Tail",
      "properties": {
        "CFrame": {
          "position": [
            0.00207519531,
            0.696960449,
            -0.00634765625
          ],
          "rotation": [
            0.999999404,
            -0.00107281364,
            -0.0000735538706,
            0.00107332692,
            0.999972284,
            0.00737519655,
            0.0000656396151,
            -0.00737527106,
            0.99997282
          ]
        },
        "Visible": false,
        "Name": "Bone.001_Tail"
      }
    },
    {
      "id": "RBXD683C63DF4E845BD80BA4D800D4C4F60",
      "parent": "RBXE2A6AAB65F7441888290A45EF671B3E7",
      "class": "Bone",
      "name": "Bone.001_Tail_Tail",
      "properties": {
        "CFrame": {
          "position": [
            0,
            0.696899414,
            0.000122070312
          ],
          "rotation": [
            1,
            3.35276127e-8,
            4.99600414e-16,
            -3.35276127e-8,
            1,
            1.4901163e-8,
            0,
            -1.4901163e-8,
            1
          ]
        },
        "Visible": false,
        "Name": "Bone.001_Tail_Tail"
      }
    },
    {
      "id": "RBXD781E4BDFE2A41F0867E33B4513580A8",
      "parent": "RBX48CEB03F06F54459AC8167862B68F69A",
      "class": "Bone",
      "name": "Bone.002",
      "properties": {
        "CFrame": {
          "position": [
            0.0103759766,
            0.696136475,
            -0.0297851562
          ],
          "rotation": [
            0.00889636949,
            0.999067307,
            0.0422540084,
            -0.999960423,
            0.00889636856,
            0.000188074657,
            -0.000188007951,
            -0.0422540084,
            0.999106944
          ]
        },
        "Visible": false,
        "Name": "Bone.002"
      }
    },
    {
      "id": "RBXBB2CCB0BF3A54CAEBEFD0440DE7115DA",
      "parent": "RBXD781E4BDFE2A41F0867E33B4513580A8",
      "class": "Bone",
      "name": "Bone.002_Tail",
      "properties": {
        "CFrame": {
          "position": [
            0.0782165527,
            0.689453125,
            -0.0649414062
          ],
          "rotation": [
            0.994695008,
            0.102794103,
            0.00390730007,
            -0.102832757,
            0.992634654,
            0.064046815,
            0.0027051128,
            -0.0641088411,
            0.997939348
          ]
        },
        "Visible": false,
        "Name": "Bone.002_Tail"
      }
    },
    {
      "id": "RBXA378F0935F43450297963E344FC6A293",
      "parent": "RBXBB2CCB0BF3A54CAEBEFD0440DE7115DA",
      "class": "Bone",
      "name": "Bone.002_Tail_Tail",
      "properties": {
        "CFrame": {
          "position": [
            0,
            0.697021484,
            -0.000122070312
          ],
          "rotation": [
            1,
            -3.72529074e-9,
            -1.4901163e-8,
            3.72529074e-9,
            1,
            5.55111645e-17,
            1.4901163e-8,
            -1.11022329e-16,
            1
          ]
        },
        "Visible": false,
        "Name": "Bone.002_Tail_Tail"
      }
    },
    {
      "id": "RBX2F06D59293B34EBEBAD991BA5311796A",
      "parent": "RBX48CEB03F06F54459AC8167862B68F69A",
      "class": "Bone",
      "name": "Bone.003",
      "properties": {
        "CFrame": {
          "position": [
            0.0102539062,
            0.696075439,
            -0.0294189453
          ],
          "rotation": [
            0.0203467682,
            -0.998917282,
            -0.0418363959,
            0.999792933,
            0.0203467663,
            0.000425895705,
            0.000425800681,
            -0.0418363921,
            0.999124467
          ]
        },
        "Visible": false,
        "Name": "Bone.003"
      }
    },
    {
      "id": "RBX7BE214A3480D4B76892C5C7CBBFA2197",
      "parent": "RBX2F06D59293B34EBEBAD991BA5311796A",
      "class": "Bone",
      "name": "Bone.003_Tail",
      "properties": {
        "CFrame": {
          "position": [
            -0.060333252,
            0.690673828,
            -0.0701904297
          ],
          "rotation": [
            0.996842146,
            -0.0793515295,
            -0.00304205343,
            0.0793821663,
            0.994752705,
            0.064542383,
            -0.00209544576,
            -0.0645800456,
            0.9979105
          ]
        },
        "Visible": false,
        "Name": "Bone.003_Tail"
      }
    },
    {
      "id": "RBXF715E26717B540F8B587207D415F0689",
      "parent": "RBX7BE214A3480D4B76892C5C7CBBFA2197",
      "class": "Bone",
      "name": "Bone.003_Tail_Tail",
      "properties": {
        "CFrame": {
          "position": [
            -0.0000610351562,
            0.696899414,
            0.000244140625
          ],
          "rotation": [
            1,
            -3.72529074e-9,
            1.4901163e-8,
            3.72529074e-9,
            1,
            -5.55111645e-17,
            -1.4901163e-8,
            1.11022329e-16,
            1
          ]
        },
        "Visible": false,
        "Name": "Bone.003_Tail_Tail"
      }
    },
    {
      "id": "RBX235C425DEAC944BEA324AAF6AF477E46",
      "parent": "RBX48CEB03F06F54459AC8167862B68F69A",
      "class": "Bone",
      "name": "Bone.004",
      "properties": {
        "CFrame": {
          "position": [
            0.0102539062,
            0.696075439,
            -0.0294189453
          ],
          "rotation": [
            0.999929011,
            0.0119140921,
            0.0000909186492,
            -0.0000912323594,
            0.015287267,
            -0.999883056,
            -0.0119140893,
            0.999812126,
            0.0152872689
          ]
        },
        "Visible": false,
        "Name": "Bone.004"
      }
    },
    {
      "id": "RBX5B3CAD9401084C6183DB7EF3401CB858",
      "parent": "RBX235C425DEAC944BEA324AAF6AF477E46",
      "class": "Bone",
      "name": "Bone.004_Tail",
      "properties": {
        "CFrame": {
          "position": [
            0.0330810547,
            0.6953125,
            0.0364990234
          ],
          "rotation": [
            0.999767184,
            0.0215789881,
            -0.000339713646,
            -0.0215694625,
            0.998549104,
            -0.0493416861,
            -0.000725522696,
            0.0493375137,
            0.998782098
          ]
        },
        "Visible": false,
        "Name": "Bone.004_Tail"
      }
    },
    {
      "id": "RBX27C1D5CC571F4FF0B86110CA9A3093B2",
      "parent": "RBX5B3CAD9401084C6183DB7EF3401CB858",
      "class": "Bone",
      "name": "Bone.004_Tail_Tail",
      "properties": {
        "CFrame": {
          "position": [
            -0.000122070312,
            0.696899414,
            0
          ],
          "rotation": [
            1,
            -4.99600361e-16,
            -3.35276127e-8,
            0,
            1,
            -1.49011612e-8,
            3.35276127e-8,
            1.49011612e-8,
            1
          ]
        },
        "Visible": false,
        "Name": "Bone.004_Tail_Tail"
      }
    },
    {
      "id": "RBXA6383CA9E4A24D819E0639D75D735924",
      "parent": "RBX48CEB03F06F54459AC8167862B68F69A",
      "class": "Bone",
      "name": "Bone.005",
      "properties": {
        "CFrame": {
          "position": [
            0.0102539062,
            0.696075439,
            -0.0294189453
          ],
          "rotation": [
            0.999940634,
            0.0109040178,
            -0.0000751521366,
            -0.0000755898727,
            0.0138233751,
            0.999904573,
            0.010904015,
            -0.999845028,
            0.0138233788
          ]
        },
        "Visible": false,
        "Name": "Bone.005"
      }
    },
    {
      "id": "RBXC82DF6D5EBD44FF0886F01520B6D4B10",
      "parent": "RBXA6383CA9E4A24D819E0639D75D735924",
      "class": "Bone",
      "name": "Bone.005_Tail",
      "properties": {
        "CFrame": {
          "position": [
            0.0297851562,
            0.69128418,
            -0.0860290527
          ],
          "rotation": [
            0.99949044,
            0.0318962596,
            0.00125544064,
            -0.0318635665,
            0.994564176,
            0.0991303772,
            0.00191327161,
            -0.099119857,
            0.995073676
          ]
        },
        "Visible": false,
        "Name": "Bone.005_Tail"
      }
    },
    {
      "id": "RBX22C2894050354AE6BF626CA6761AFC99",
      "parent": "RBXC82DF6D5EBD44FF0886F01520B6D4B10",
      "class": "Bone",
      "name": "Bone.005_Tail_Tail",
      "properties": {
        "CFrame": {
          "position": [
            0,
            0.697021484,
            0.0000305175781
          ],
          "rotation": [
            1,
            4.99600361e-16,
            3.35276127e-8,
            0,
            1,
            -1.49011612e-8,
            -3.35276127e-8,
            1.49011612e-8,
            1
          ]
        },
        "Visible": false,
        "Name": "Bone.005_Tail_Tail"
      }
    },
    {
      "id": "RBX5976A62F176A4FC4AF9A2304F187452A",
      "parent": "RBX3381CCA13C814E4CA778B9799F8D66AA",
      "class": "Decal",
      "name": "Decal",
      "properties": {
        "Color3": [
          1,
          1,
          1
        ],
        "Texture": "rbxassetid://7317286674",
        "Transparency": 0,
        "Face": 5,
        "Name": "Decal"
      }
    },
    {
      "id": "RBX6E03CA70FCE54CC1A2A0C1F3E8D012D3",
      "parent": "RBXC3C8088D1D0141279A84DD54CF33DE3C",
      "class": "Model",
      "name": "LowerL",
      "properties": {
        "PrimaryPart": null,
        "Name": "LowerL"
      }
    },
    {
      "id": "RBX5343ADDF80D544739B5F3FD5215CA56F",
      "parent": "RBX6E03CA70FCE54CC1A2A0C1F3E8D012D3",
      "class": "Part",
      "name": "Middle",
      "properties": {
        "shape": 1,
        "Anchored": false,
        "CanCollide": false,
        "CanQuery": true,
        "CanTouch": true,
        "Color3uint8": [
          0.584314,
          0.568627,
          0.623529
        ],
        "Massless": false,
        "Material": 272,
        "PivotOffset": {
          "position": [
            0,
            0,
            0
          ],
          "rotation": [
            1,
            0,
            0,
            0,
            1,
            0,
            0,
            0,
            1
          ]
        },
        "Reflectance": 0,
        "Transparency": 1,
        "size": [
          0.253327072,
          0.253327072,
          0.253327072
        ],
        "Name": "Middle",
        "LocalCFrame": {
          "position": [
            -0.250264,
            -0.999939,
            0.500016
          ],
          "rotation": [
            1,
            0,
            0,
            0,
            1,
            0,
            0,
            0,
            1
          ]
        }
      }
    },
    {
      "id": "RBX3DEFEBB1FD5E4F0B8E8C09B40C2713FE",
      "parent": "RBX5343ADDF80D544739B5F3FD5215CA56F",
      "class": "SpecialMesh",
      "name": "Mesh",
      "properties": {
        "MeshType": 6,
        "MeshId": null,
        "TextureId": null,
        "Offset": [
          0,
          0,
          0
        ],
        "Scale": [
          0,
          0,
          0
        ],
        "VertexColor": [
          1,
          1,
          1
        ],
        "Name": "Mesh"
      }
    },
    {
      "id": "RBXA09F1E6955494CF482D857C76F1C75D7",
      "parent": "RBX5343ADDF80D544739B5F3FD5215CA56F",
      "class": "Decal",
      "name": "Decal",
      "properties": {
        "Color3": [
          1,
          1,
          1
        ],
        "Texture": "rbxassetid://7317286674",
        "Transparency": 0,
        "Face": 2,
        "Name": "Decal"
      }
    },
    {
      "id": "RBXCFC667CBCA2E43CA8C6FF0B2E3211E37",
      "parent": "RBX5343ADDF80D544739B5F3FD5215CA56F",
      "class": "Weld",
      "name": "Weld",
      "properties": {
        "C0": {
          "position": [
            0,
            0,
            0
          ],
          "rotation": [
            -1,
            0,
            0,
            0,
            1,
            0,
            0,
            0,
            -1
          ]
        },
        "C1": {
          "position": [
            0,
            0,
            0
          ],
          "rotation": [
            -1,
            0,
            0,
            0,
            1,
            0,
            0,
            0,
            -1
          ]
        },
        "Enabled": true,
        "Part0": "RBX5343ADDF80D544739B5F3FD5215CA56F",
        "Part1": "RBX5343ADDF80D544739B5F3FD5215CA56F",
        "Name": "Weld"
      }
    },
    {
      "id": "RBXE673ED97A2FC4E23B85756511018FE74",
      "parent": "RBX5343ADDF80D544739B5F3FD5215CA56F",
      "class": "Weld",
      "name": "Weld",
      "properties": {
        "C0": {
          "position": [
            0,
            0,
            0
          ],
          "rotation": [
            -1,
            0,
            0,
            0,
            1,
            0,
            0,
            0,
            -1
          ]
        },
        "C1": {
          "position": [
            0.351215094,
            0.15384756,
            -0.0965023711
          ],
          "rotation": [
            -0.965931773,
            -0.249973103,
            -0.0670033991,
            -0.258797228,
            0.933025956,
            0.249973103,
            0.000029373914,
            0.258797228,
            -0.965931773
          ]
        },
        "Enabled": true,
        "Part0": "RBX5343ADDF80D544739B5F3FD5215CA56F",
        "Part1": "RBX968A0838C89F4FF8AD581647D6241683",
        "Name": "Weld"
      }
    },
    {
      "id": "RBX968A0838C89F4FF8AD581647D6241683",
      "parent": "RBX6E03CA70FCE54CC1A2A0C1F3E8D012D3",
      "class": "MeshPart",
      "name": "color5",
      "properties": {
        "HasSkinnedMesh": true,
        "MeshId": "rbxassetid://17837346792",
        "RenderFidelity": 0,
        "TextureID": null,
        "Anchored": false,
        "CanCollide": false,
        "CanQuery": true,
        "CanTouch": true,
        "Color3uint8": [
          1,
          1,
          0.8
        ],
        "Massless": false,
        "Material": 272,
        "PivotOffset": {
          "position": [
            0.033725027,
            -0.00257904967,
            -8.27560243e-8
          ],
          "rotation": [
            1,
            0,
            0,
            0,
            0,
            -1,
            0,
            1,
            0
          ]
        },
        "Reflectance": 0,
        "Transparency": 0,
        "size": [
          1.85638154,
          1.91379535,
          1.84681249
        ],
        "Name": "color5",
        "LocalCFrame": {
          "position": [
            -0.629232,
            -1.0307,
            0.608026
          ],
          "rotation": [
            0.965932,
            0.258797,
            -0.000029,
            -0.249973,
            0.933026,
            0.258797,
            0.067003,
            -0.249973,
            0.965932
          ]
        }
      }
    },
    {
      "id": "RBX13CC185BF5E045D494398BF40E1002C3",
      "parent": "RBX968A0838C89F4FF8AD581647D6241683",
      "class": "Bone",
      "name": "Bone",
      "properties": {
        "CFrame": {
          "position": [
            0.033725027,
            0.828424156,
            -8.27560385e-8
          ],
          "rotation": [
            -1,
            0,
            0,
            0,
            -1,
            0,
            0,
            0,
            1
          ]
        },
        "Visible": false,
        "Name": "Bone"
      }
    },
    {
      "id": "RBX58C1D753D4094A29BFC511F4DEB16999",
      "parent": "RBX13CC185BF5E045D494398BF40E1002C3",
      "class": "Bone",
      "name": "Bone.001",
      "properties": {
        "CFrame": {
          "position": [
            -0.00598144531,
            0.696166992,
            0.0303955078
          ],
          "rotation": [
            0.999964714,
            -0.00840905122,
            0.000186445133,
            0.00840905029,
            0.998981953,
            -0.0443224646,
            0.000186454476,
            0.0443224609,
            0.999017417
          ]
        },
        "Visible": false,
        "Name": "Bone.001"
      }
    },
    {
      "id": "RBX1FF728A50D6147A6B291E1B7B15EC229",
      "parent": "RBX58C1D753D4094A29BFC511F4DEB16999",
      "class": "Bone",
      "name": "Bone.001_Tail",
      "properties": {
        "CFrame": {
          "position": [
            -0.0009765625,
            0.697143555,
            0.00671386719
          ],
          "rotation": [
            1,
            -0.0000693323163,
            -0.000029206718,
            0.0000691152964,
            0.99997288,
            -0.00736609288,
            0.0000297166334,
            0.00736609101,
            0.99997288
          ]
        },
        "Visible": false,
        "Name": "Bone.001_Tail"
      }
    },
    {
      "id": "RBX41DDA77F9BA342EAA29A6CB0FBBA4562",
      "parent": "RBX1FF728A50D6147A6B291E1B7B15EC229",
      "class": "Bone",
      "name": "Bone.001_Tail_Tail",
      "properties": {
        "CFrame": {
          "position": [
            0,
            0.69708252,
            0
          ],
          "rotation": [
            1,
            -3.16649604e-8,
            3.72528941e-9,
            3.16649604e-8,
            1,
            -1.1796117e-16,
            -3.72528941e-9,
            2.35922313e-16,
            1
          ]
        },
        "Visible": false,
        "Name": "Bone.001_Tail_Tail"
      }
    },
    {
      "id": "RBX86D00C448FD743EDB5974E12AC6DA3E4",
      "parent": "RBX13CC185BF5E045D494398BF40E1002C3",
      "class": "Bone",
      "name": "Bone.002",
      "properties": {
        "CFrame": {
          "position": [
            -0.00598144531,
            0.696166992,
            0.0303955078
          ],
          "rotation": [
            0.00509978039,
            0.999031723,
            -0.0437000096,
            -0.999987066,
            0.00509977574,
            -0.000111597001,
            0.000111371293,
            0.0437000096,
            0.999044776
          ]
        },
        "Visible": false,
        "Name": "Bone.002"
      }
    },
    {
      "id": "RBX30E0499554B9431A9E5BB6208A8B293B",
      "parent": "RBX86D00C448FD743EDB5974E12AC6DA3E4",
      "class": "Bone",
      "name": "Bone.002_Tail",
      "properties": {
        "CFrame": {
          "position": [
            0.0578613281,
            0.69152832,
            0.0657958984
          ],
          "rotation": [
            0.997787058,
            0.0664495975,
            -0.00234694174,
            -0.0664714128,
            0.996013761,
            -0.0594822913,
            -0.00161498785,
            0.0595066622,
            0.998226643
          ]
        },
        "Visible": false,
        "Name": "Bone.002_Tail"
      }
    },
    {
      "id": "RBX84852E27A1C44745BC8E1A835DE8029C",
      "parent": "RBX30E0499554B9431A9E5BB6208A8B293B",
      "class": "Bone",
      "name": "Bone.002_Tail_Tail",
      "properties": {
        "CFrame": {
          "position": [
            0,
            0.696960449,
            0
          ],
          "rotation": [
            1,
            2.79396772e-8,
            0,
            -2.79396772e-8,
            1,
            0,
            0,
            0,
            1
          ]
        },
        "Visible": false,
        "Name": "Bone.002_Tail_Tail"
      }
    },
    {
      "id": "RBXE32C7EF5442C430191C2530A43026370",
      "parent": "RBX13CC185BF5E045D494398BF40E1002C3",
      "class": "Bone",
      "name": "Bone.003",
      "properties": {
        "CFrame": {
          "position": [
            -0.00598144531,
            0.696166992,
            0.0303955078
          ],
          "rotation": [
            0.0160801373,
            -0.998980165,
            0.0421915203,
            0.999870658,
            0.0160801318,
            -0.000339581398,
            -0.000339210033,
            0.0421915241,
            0.999109507
          ]
        },
        "Visible": false,
        "Name": "Bone.003"
      }
    },
    {
      "id": "RBX33BA169EA8EA4BB5BEC2C5507F890F56",
      "parent": "RBXE32C7EF5442C430191C2530A43026370",
      "class": "Bone",
      "name": "Bone.003_Tail",
      "properties": {
        "CFrame": {
          "position": [
            -0.0745849609,
            0.68939209,
            0.0695800781
          ],
          "rotation": [
            0.996076822,
            -0.088427797,
            0.0034015947,
            0.0884503648,
            0.993663132,
            -0.0693560168,
            0.00275295973,
            0.0693847835,
            0.99758625
          ]
        },
        "Visible": false,
        "Name": "Bone.003_Tail"
      }
    },
    {
      "id": "RBX4476E433E0444988ADB8939B7856D63E",
      "parent": "RBX33BA169EA8EA4BB5BEC2C5507F890F56",
      "class": "Bone",
      "name": "Bone.003_Tail_Tail",
      "properties": {
        "CFrame": {
          "position": [
            0,
            0.697021484,
            0
          ],
          "rotation": [
            1,
            2.79396772e-8,
            0,
            -2.79396772e-8,
            1,
            0,
            0,
            0,
            1
          ]
        },
        "Visible": false,
        "Name": "Bone.003_Tail_Tail"
      }
    },
    {
      "id": "RBX2081CB08C5C2433193E1AE67CD89B2AC",
      "parent": "RBX13CC185BF5E045D494398BF40E1002C3",
      "class": "Bone",
      "name": "Bone.004",
      "properties": {
        "CFrame": {
          "position": [
            -0.00598144531,
            0.696166992,
            0.0303955078
          ],
          "rotation": [
            0.999981165,
            -0.00614155177,
            -0.0000305786234,
            0.0000308528506,
            0.0100022554,
            -0.999950111,
            0.00614154991,
            0.999931216,
            0.0100022564
          ]
        },
        "Visible": false,
        "Name": "Bone.004"
      }
    },
    {
      "id": "RBXC9D362A000B24B42BE7FA4BD7EBD0A16",
      "parent": "RBX2081CB08C5C2433193E1AE67CD89B2AC",
      "class": "Bone",
      "name": "Bone.004_Tail",
      "properties": {
        "CFrame": {
          "position": [
            0.00769042969,
            0.69140625,
            0.0899658203
          ],
          "rotation": [
            0.999733686,
            0.0230282284,
            -0.00155757437,
            -0.0230636764,
            0.994110227,
            -0.105891161,
            -0.000890085183,
            0.105898865,
            0.9943766
          ]
        },
        "Visible": false,
        "Name": "Bone.004_Tail"
      }
    },
    {
      "id": "RBX3C0B4DAC2F3E4FFAA3D32E49BC3B2DF7",
      "parent": "RBXC9D362A000B24B42BE7FA4BD7EBD0A16",
      "class": "Bone",
      "name": "Bone.004_Tail_Tail",
      "properties": {
        "CFrame": {
          "position": [
            0,
            0.697143555,
            0
          ],
          "rotation": [
            1,
            3.72528941e-9,
            3.16649604e-8,
            -3.72528941e-9,
            1,
            1.17961143e-16,
            -3.16649604e-8,
            -2.35922287e-16,
            1
          ]
        },
        "Visible": false,
        "Name": "Bone.004_Tail_Tail"
      }
    },
    {
      "id": "RBXA9CD7E6BC61D4952A3D57D35163AE857",
      "parent": "RBX13CC185BF5E045D494398BF40E1002C3",
      "class": "Bone",
      "name": "Bone.005",
      "properties": {
        "CFrame": {
          "position": [
            -0.00598144531,
            0.696166992,
            0.0303955078
          ],
          "rotation": [
            0.999976039,
            -0.00692923693,
            0.0000379149824,
            0.0000382764119,
            0.0109951757,
            0.99993962,
            -0.00692923507,
            -0.99991554,
            0.0109951776
          ]
        },
        "Visible": false,
        "Name": "Bone.005"
      }
    },
    {
      "id": "RBXF4FAAAC921D4416FBEFE90555BC15319",
      "parent": "RBXA9CD7E6BC61D4952A3D57D35163AE857",
      "class": "Bone",
      "name": "Bone.005_Tail",
      "properties": {
        "CFrame": {
          "position": [
            0.00598144531,
            0.69543457,
            -0.0366210938
          ],
          "rotation": [
            0.999954402,
            0.00955113675,
            0.000320443825,
            -0.00955630932,
            0.999152839,
            0.040028397,
            0.0000621443687,
            -0.0400296301,
            0.999198556
          ]
        },
        "Visible": false,
        "Name": "Bone.005_Tail"
      }
    },
    {
      "id": "RBX411E659C9982488EBD0071A8C5775F7A",
      "parent": "RBXF4FAAAC921D4416FBEFE90555BC15319",
      "class": "Bone",
      "name": "Bone.005_Tail_Tail",
      "properties": {
        "CFrame": {
          "position": [
            0,
            0.696777344,
            -0.0000610351562
          ],
          "rotation": [
            1,
            -3.72528941e-9,
            -3.16649604e-8,
            3.72528941e-9,
            1,
            1.17961143e-16,
            3.16649604e-8,
            -2.35922287e-16,
            1
          ]
        },
        "Visible": false,
        "Name": "Bone.005_Tail_Tail"
      }
    },
    {
      "id": "RBX014462B1777343F2B59E6CC734600833",
      "parent": "RBX968A0838C89F4FF8AD581647D6241683",
      "class": "Decal",
      "name": "Decal",
      "properties": {
        "Color3": [
          1,
          1,
          1
        ],
        "Texture": "rbxassetid://7317286674",
        "Transparency": 0,
        "Face": 2,
        "Name": "Decal"
      }
    }
  ]
}
