{
  "format": "overlay_json_v1",
  "kind": "morph_bundle",
  "version": 1,
  "asset_id": "morph_0074-mal0-skull-open",
  "name": "Mal0 skull open",
  "source_file": "0074-mal0-skull-open.rbxmx",
  "anchor": "Head",
  "anchor_candidates": [
    "Head",
    "UpperTorso",
    "Torso",
    "HumanoidRootPart"
  ],
  "jiggle": true,
  "root_cframe": {
    "position": [
      -45,
      2.56200004,
      82.262001
    ],
    "rotation": [
      1,
      0,
      0,
      0,
      1,
      0,
      0,
      0,
      1
    ]
  },
  "class_counts": {
    "Folder": 1,
    "Model": 1,
    "Part": 1,
    "SpecialMesh": 1,
    "MeshPart": 7,
    "UnionOperation": 3,
    "Bone": 22
  },
  "nodes": [
    {
      "id": "RBXB9B069BE79E04667A574A1248346EF03",
      "parent": null,
      "class": "Folder",
      "name": "Mal0 skull open",
      "properties": {
        "Name": "Mal0 skull open"
      }
    },
    {
      "id": "RBXFA44C202DBB84EEBAFEEE8E5220AAD92",
      "parent": "RBXB9B069BE79E04667A574A1248346EF03",
      "class": "Model",
      "name": "HeadAcc",
      "properties": {
        "PrimaryPart": null,
        "Name": "HeadAcc"
      }
    },
    {
      "id": "RBXD642C356660048EA9160965495EAB346",
      "parent": "RBXFA44C202DBB84EEBAFEEE8E5220AAD92",
      "class": "Part",
      "name": "Middle",
      "properties": {
        "shape": 1,
        "Anchored": true,
        "CanCollide": true,
        "CanQuery": true,
        "CanTouch": true,
        "Color3uint8": [
          0.792157,
          0.796078,
          0.819608
        ],
        "Massless": false,
        "Material": 272,
        "PivotOffset": {
          "position": [
            0,
            0,
            0
          ],
          "rotation": [
            1,
            0,
            0,
            0,
            1,
            0,
            0,
            0,
            1
          ]
        },
        "Reflectance": 0,
        "Transparency": 0,
        "size": [
          2,
          1,
          1
        ],
        "Name": "Middle",
        "LocalCFrame": {
          "position": [
            0,
            0,
            0
          ],
          "rotation": [
            1,
            0,
            0,
            0,
            1,
            0,
            0,
            0,
            1
          ]
        }
      }
    },
    {
      "id": "RBX66852E047E01452B8B065DFDB2733AF2",
      "parent": "RBXD642C356660048EA9160965495EAB346",
      "class": "SpecialMesh",
      "name": "Mesh",
      "properties": {
        "MeshType": 0,
        "MeshId": null,
        "TextureId": null,
        "Offset": [
          0,
          0,
          0
        ],
        "Scale": [
          1.25,
          1.25,
          1.25
        ],
        "VertexColor": [
          1,
          1,
          1
        ],
        "Name": "Mesh"
      }
    },
    {
      "id": "RBX1975363DB41C417DA6DB9B8D1E2E180D",
      "parent": "RBXFA44C202DBB84EEBAFEEE8E5220AAD92",
      "class": "MeshPart",
      "name": "Jaw",
      "properties": {
        "HasSkinnedMesh": false,
        "MeshId": "rbxassetid://18479552103",
        "RenderFidelity": 0,
        "TextureID": "rbxassetid://18479545201",
        "Anchored": true,
        "CanCollide": true,
        "CanQuery": true,
        "CanTouch": true,
        "Color3uint8": [
          0.066667,
          0.066667,
          0.066667
        ],
        "Massless": false,
        "Material": 272,
        "PivotOffset": {
          "position": [
            0,
            -12.8703547,
            0.37618053
          ],
          "rotation": [
            1,
            -1.42429793e-14,
            8.74227837e-8,
            2.53051306e-23,
            1,
            1.62920671e-7,
            -8.74227837e-8,
            -1.62920671e-7,
            1
          ]
        },
        "Reflectance": 0,
        "Transparency": 0,
        "size": [
          1.24551725,
          0.861722946,
          1.90524995
        ],
        "Name": "Jaw",
        "LocalCFrame": {
          "position": [
            0,
            -0.203434,
            -0.345261
          ],
          "rotation": [
            1,
            0,
            0,
            0,
            0.939693,
            0.34202,
            0,
            -0.34202,
            0.939693
          ]
        }
      }
    },
    {
      "id": "RBX88D6DC45D12547A58FA1288E91066B5D",
      "parent": "RBXFA44C202DBB84EEBAFEEE8E5220AAD92",
      "class": "UnionOperation",
      "name": "Eyebrow",
      "properties": {
        "UsePartColor": false,
        "Anchored": true,
        "CanCollide": true,
        "CanQuery": true,
        "CanTouch": true,
        "Color3uint8": [
          0.066667,
          0.066667,
          0.066667
        ],
        "Massless": false,
        "Material": 288,
        "PivotOffset": {
          "position": [
            0,
            0,
            0
          ],
          "rotation": [
            1,
            0,
            0,
            0,
            1,
            0,
            0,
            0,
            1
          ]
        },
        "Reflectance": 0,
        "Transparency": 0,
        "size": [
          0.863193512,
          0.0980989486,
          0.29801178
        ],
        "Name": "Eyebrow",
        "LocalCFrame": {
          "position": [
            -0.020332,
            0.400979,
            -0.49501
          ],
          "rotation": [
            1,
            0,
            0,
            0,
            0.996195,
            0.087156,
            0,
            -0.087156,
            0.996195
          ]
        }
      }
    },
    {
      "id": "RBX812A7D69DC614CBD8476CFD84C29E8F2",
      "parent": "RBXFA44C202DBB84EEBAFEEE8E5220AAD92",
      "class": "MeshPart",
      "name": "upper teeth",
      "properties": {
        "HasSkinnedMesh": false,
        "MeshId": "rbxassetid://18479552133",
        "RenderFidelity": 0,
        "TextureID": null,
        "Anchored": true,
        "CanCollide": true,
        "CanQuery": true,
        "CanTouch": true,
        "Color3uint8": [
          0.709804,
          0.694118,
          0.611765
        ],
        "Massless": false,
        "Material": 272,
        "PivotOffset": {
          "position": [
            1.90940295e-8,
            -12.8820868,
            0.896440327
          ],
          "rotation": [
            1,
            -1.42429793e-14,
            8.74227837e-8,
            2.53051306e-23,
            1,
            1.62920671e-7,
            -8.74227837e-8,
            -1.62920671e-7,
            1
          ]
        },
        "Reflectance": 0,
        "Transparency": 0,
        "size": [
          0.960100472,
          0.332624704,
          0.977935851
        ],
        "Name": "upper teeth",
        "LocalCFrame": {
          "position": [
            0,
            -0.238744,
            -0.811935
          ],
          "rotation": [
            1,
            0,
            0,
            0,
            0.996195,
            0.087156,
            0,
            -0.087156,
            0.996195
          ]
        }
      }
    },
    {
      "id": "RBXCA06B9F1611B4BDE8463057E5D34FFED",
      "parent": "RBXFA44C202DBB84EEBAFEEE8E5220AAD92",
      "class": "MeshPart",
      "name": "Tongue",
      "properties": {
        "HasSkinnedMesh": true,
        "MeshId": "rbxassetid://6696845081",
        "RenderFidelity": 1,
        "TextureID": null,
        "Anchored": false,
        "CanCollide": true,
        "CanQuery": true,
        "CanTouch": true,
        "Color3uint8": [
          0.105882,
          0.164706,
          0.207843
        ],
        "Massless": false,
        "Material": 272,
        "PivotOffset": {
          "position": [
            0,
            0,
            0
          ],
          "rotation": [
            1,
            0,
            0,
            0,
            1,
            0,
            0,
            0,
            1
          ]
        },
        "Reflectance": 0,
        "Transparency": 0,
        "size": [
          0.429707646,
          0.201455951,
          0.737220526
        ],
        "Name": "Tongue",
        "LocalCFrame": {
          "position": [
            -0.009705,
            -0.532602,
            -0.706039
          ],
          "rotation": [
            1,
            0,
            0,
            0,
            0.965926,
            0.258818,
            0,
            -0.258818,
            0.965926
          ]
        }
      }
    },
    {
      "id": "RBX212F3487C98A4FCBBE5BC63BFEFFE622",
      "parent": "RBXCA06B9F1611B4BDE8463057E5D34FFED",
      "class": "Bone",
      "name": "root",
      "properties": {
        "CFrame": {
          "position": [
            -0.00000215108935,
            -0.0794242248,
            0.283483773
          ],
          "rotation": [
            -3.57627897e-7,
            3.13916416e-7,
            -1,
            1.62920671e-7,
            -1,
            -3.13916473e-7,
            -1,
            -1.62920784e-7,
            3.5762784e-7
          ]
        },
        "Visible": false,
        "Name": "root"
      }
    },
    {
      "id": "RBX097243E148B94C37AC208337D3B4ACC3",
      "parent": "RBX212F3487C98A4FCBBE5BC63BFEFFE622",
      "class": "Bone",
      "name": "Tongue_00",
      "properties": {
        "CFrame": {
          "position": [
            -0.000852584839,
            0.000262260437,
            0
          ],
          "rotation": [
            -0.57379967,
            0.818995774,
            9.98421228e-7,
            -0.818995774,
            -0.57379967,
            3.58031684e-7,
            8.66120104e-7,
            -6.12264216e-7,
            1.00000012
          ]
        },
        "Visible": false,
        "Name": "Tongue_00"
      }
    },
    {
      "id": "RBX6C771182CD4B419BB57C862F20B21675",
      "parent": "RBX097243E148B94C37AC208337D3B4ACC3",
      "class": "Bone",
      "name": "Tongue_01",
      "properties": {
        "CFrame": {
          "position": [
            -0.084564209,
            0.322799683,
            0
          ],
          "rotation": [
            0.899084508,
            -0.437775165,
            -2.9519498e-9,
            0.437775165,
            0.899084508,
            -3.39020403e-7,
            1.51068761e-7,
            3.03515691e-7,
            1
          ]
        },
        "Visible": false,
        "Name": "Tongue_01"
      }
    },
    {
      "id": "RBXF4E55516FCCA479FA0D34A240132CACC",
      "parent": "RBX6C771182CD4B419BB57C862F20B21675",
      "class": "Bone",
      "name": "Tongue_02",
      "properties": {
        "CFrame": {
          "position": [
            -0.0966835022,
            0.320732117,
            0.00000381469727
          ],
          "rotation": [
            0.929113984,
            -0.369793475,
            -7.52814458e-7,
            0.369793445,
            0.929114044,
            -7.14893247e-7,
            9.6381325e-7,
            3.8583147e-7,
            1.00000012
          ]
        },
        "Visible": false,
        "Name": "Tongue_02"
      }
    },
    {
      "id": "RBX78E8718E31864FECA19E29D13819D61D",
      "parent": "RBXF4E55516FCCA479FA0D34A240132CACC",
      "class": "Bone",
      "name": "Tongue_03",
      "properties": {
        "CFrame": {
          "position": [
            -0.0922870636,
            0.170532227,
            0
          ],
          "rotation": [
            0.915543795,
            -0.402218491,
            -0.0000102207323,
            0.402218521,
            0.915543735,
            -0.00000454805286,
            0.0000111868376,
            5.29735082e-8,
            1.00000012
          ]
        },
        "Visible": false,
        "Name": "Tongue_03"
      }
    },
    {
      "id": "RBX219E223E982248CA809E806CBC5B7D22",
      "parent": "RBX78E8718E31864FECA19E29D13819D61D",
      "class": "Bone",
      "name": "Tongue_04",
      "properties": {
        "CFrame": {
          "position": [
            -2.38418579e-7,
            0.115618706,
            0
          ],
          "rotation": [
            0.994071722,
            0.108726181,
            -0.0000457533642,
            -0.108726174,
            0.994071782,
            0.00000584570716,
            0.0000461177042,
            -8.36464437e-7,
            1
          ]
        },
        "Visible": false,
        "Name": "Tongue_04"
      }
    },
    {
      "id": "RBX6522193B610C4284A44D921665768142",
      "parent": "RBX219E223E982248CA809E806CBC5B7D22",
      "class": "Bone",
      "name": "Tongue_05",
      "properties": {
        "CFrame": {
          "position": [
            0,
            0.0991439819,
            0
          ],
          "rotation": [
            0.995175779,
            0.0981085896,
            0.00006553188,
            -0.0981085971,
            0.995175719,
            -1.96529072e-7,
            -0.0000652350209,
            -0.00000623365941,
            1
          ]
        },
        "Visible": false,
        "Name": "Tongue_05"
      }
    },
    {
      "id": "RBXD2685ACCFE8049B4A6AD275007256294",
      "parent": "RBX6522193B610C4284A44D921665768142",
      "class": "Bone",
      "name": "Tongue_06",
      "properties": {
        "CFrame": {
          "position": [
            0,
            0.0378084183,
            0
          ],
          "rotation": [
            0.998199642,
            -0.0599798635,
            -0.00000794283551,
            0.0599798597,
            0.998199701,
            -5.34993205e-7,
            0.00000796062341,
            5.76198218e-8,
            1.00000012
          ]
        },
        "Visible": false,
        "Name": "Tongue_06"
      }
    },
    {
      "id": "RBXE9AA70CD76A740EFAC26F9732C3FE700",
      "parent": "RBXD2685ACCFE8049B4A6AD275007256294",
      "class": "Bone",
      "name": "T_R.006",
      "properties": {
        "CFrame": {
          "position": [
            0.000699937344,
            -0.0448732376,
            -0.105937958
          ],
          "rotation": [
            0.999721408,
            -0.0138438381,
            0.0191189852,
            0.0223025847,
            0.819281399,
            -0.572957814,
            -0.00773189263,
            0.573224545,
            0.819361925
          ]
        },
        "Visible": false,
        "Name": "T_R.006"
      }
    },
    {
      "id": "RBX3241C05ECDBF4A62AF4CAA04241C5D1D",
      "parent": "RBXD2685ACCFE8049B4A6AD275007256294",
      "class": "Bone",
      "name": "T_L.006",
      "properties": {
        "CFrame": {
          "position": [
            0.000820457935,
            -0.0467433929,
            0.108169556
          ],
          "rotation": [
            0.998484731,
            -0.0506142452,
            -0.0215965658,
            0.0533468165,
            0.793999076,
            0.605573714,
            -0.0135030048,
            -0.605808258,
            0.795496047
          ]
        },
        "Visible": false,
        "Name": "T_L.006"
      }
    },
    {
      "id": "RBX6C45019A2D3C4F06AA0A86FB204A59F9",
      "parent": "RBX6522193B610C4284A44D921665768142",
      "class": "Bone",
      "name": "T_R.005",
      "properties": {
        "CFrame": {
          "position": [
            0.00595843792,
            -0.0412874222,
            -0.118471146
          ],
          "rotation": [
            0.997550309,
            -0.061781466,
            0.0328099281,
            0.069272697,
            0.937709868,
            -0.340443343,
            -0.00973310322,
            0.341882169,
            0.939692557
          ]
        },
        "Visible": false,
        "Name": "T_R.005"
      }
    },
    {
      "id": "RBX2484ACB335284562A6B4803DB6C1A1B1",
      "parent": "RBX6522193B610C4284A44D921665768142",
      "class": "Bone",
      "name": "T_L.005",
      "properties": {
        "CFrame": {
          "position": [
            0.00588929653,
            -0.0412740707,
            0.121638298
          ],
          "rotation": [
            0.996638238,
            -0.0643731654,
            -0.0506802425,
            0.0788419917,
            0.921776712,
            0.379620522,
            0.0222784895,
            -0.382340014,
            0.923753262
          ]
        },
        "Visible": false,
        "Name": "T_L.005"
      }
    },
    {
      "id": "RBXDB2785203AC84CDFAD37F9F08689E035",
      "parent": "RBX219E223E982248CA809E806CBC5B7D22",
      "class": "Bone",
      "name": "T_R.004",
      "properties": {
        "CFrame": {
          "position": [
            0.0092959404,
            -0.040643692,
            -0.13576889
          ],
          "rotation": [
            0.997175157,
            -0.0751118362,
            -0.000318923965,
            0.0739155188,
            0.982029974,
            -0.173647702,
            0.013356193,
            0.173133567,
            0.984807849
          ]
        },
        "Visible": false,
        "Name": "T_R.004"
      }
    },
    {
      "id": "RBXF6BF23472822499CB4812F59AD67147D",
      "parent": "RBX219E223E982248CA809E806CBC5B7D22",
      "class": "Bone",
      "name": "T_L.004",
      "properties": {
        "CFrame": {
          "position": [
            0.0091509819,
            -0.0407705307,
            0.135808945
          ],
          "rotation": [
            0.9972803,
            -0.0736473203,
            0.00283866189,
            0.0724866837,
            0.987073362,
            0.142940298,
            -0.0133291362,
            -0.142345771,
            0.989727259
          ]
        },
        "Visible": false,
        "Name": "T_L.004"
      }
    },
    {
      "id": "RBX6CBDDE96845646BAAE4DA899A2033A8D",
      "parent": "RBX78E8718E31864FECA19E29D13819D61D",
      "class": "Bone",
      "name": "T_R.003",
      "properties": {
        "CFrame": {
          "position": [
            0.0238649845,
            -0.0405006409,
            -0.13576889
          ],
          "rotation": [
            0.986599803,
            -0.163158745,
            0.0000123858599,
            0.163158745,
            0.986599803,
            -6.00429075e-7,
            -0.0000121219218,
            0.00000261324476,
            1
          ]
        },
        "Visible": false,
        "Name": "T_R.003"
      }
    },
    {
      "id": "RBX1208331F7B944B7BBCF503B141BD4B9E",
      "parent": "RBX78E8718E31864FECA19E29D13819D61D",
      "class": "Bone",
      "name": "T_L.003",
      "properties": {
        "CFrame": {
          "position": [
            0.0237083435,
            -0.0407648087,
            0.135808945
          ],
          "rotation": [
            0.986521959,
            -0.163628817,
            0.0000120686664,
            0.163628817,
            0.986521959,
            -3.2422804e-7,
            -0.0000118529515,
            0.00000229463967,
            1
          ]
        },
        "Visible": false,
        "Name": "T_L.003"
      }
    },
    {
      "id": "RBX987E9B0734DD42048A651FB83182431A",
      "parent": "RBXF4E55516FCCA479FA0D34A240132CACC",
      "class": "Bone",
      "name": "T_R.002",
      "properties": {
        "CFrame": {
          "position": [
            0.0191082954,
            -0.0425758362,
            -0.13576889
          ],
          "rotation": [
            0.999997079,
            -0.00242984248,
            0.0000014797522,
            0.00242984248,
            0.999997139,
            3.59590269e-9,
            -0.00000147975641,
            -3.27628061e-13,
            1.00000012
          ]
        },
        "Visible": false,
        "Name": "T_R.002"
      }
    },
    {
      "id": "RBXCDC13C74AD51486287A06C61A45E510A",
      "parent": "RBXF4E55516FCCA479FA0D34A240132CACC",
      "class": "Bone",
      "name": "T_L.002",
      "properties": {
        "CFrame": {
          "position": [
            0.0189304352,
            -0.0429182053,
            0.135808945
          ],
          "rotation": [
            0.999999166,
            0.00131006504,
            0.00000181023415,
            -0.00131006504,
            0.999999225,
            -6.77447431e-8,
            -0.00000181032112,
            6.53731647e-8,
            1.00000012
          ]
        },
        "Visible": false,
        "Name": "T_L.002"
      }
    },
    {
      "id": "RBX72E625ACE5D441DDA62CF6182B21369E",
      "parent": "RBX6C771182CD4B419BB57C862F20B21675",
      "class": "Bone",
      "name": "T_R.001",
      "properties": {
        "CFrame": {
          "position": [
            0.0339361429,
            -0.0320777893,
            -0.135769844
          ],
          "rotation": [
            0.999994397,
            -0.00336910714,
            2.41693101e-7,
            0.00336910714,
            0.999994397,
            -7.1923175e-8,
            -2.41449413e-7,
            7.27370519e-8,
            1.00000012
          ]
        },
        "Visible": false,
        "Name": "T_R.001"
      }
    },
    {
      "id": "RBX21865163596743A581EC0394282142CB",
      "parent": "RBX6C771182CD4B419BB57C862F20B21675",
      "class": "Bone",
      "name": "T_L.001",
      "properties": {
        "CFrame": {
          "position": [
            0.0339362621,
            -0.0320777893,
            0.135807991
          ],
          "rotation": [
            0.999991953,
            -0.00403471198,
            4.82171117e-7,
            0.00403471198,
            0.999991953,
            1.9453803e-9,
            -4.82174983e-7,
            5.68434053e-14,
            1.00000024
          ]
        },
        "Visible": false,
        "Name": "T_L.001"
      }
    },
    {
      "id": "RBXAC4438B7DF4243F0A758FE68B3AA3657",
      "parent": "RBX097243E148B94C37AC208337D3B4ACC3",
      "class": "Bone",
      "name": "T_R.000",
      "properties": {
        "CFrame": {
          "position": [
            0.0444717407,
            -0.0145959854,
            -0.135767937
          ],
          "rotation": [
            0.999997139,
            0.00240474916,
            1.19250615e-7,
            -0.00240474916,
            0.999997139,
            -6.07715194e-8,
            -1.19396404e-7,
            6.04845738e-8,
            1.00000012
          ]
        },
        "Visible": false,
        "Name": "T_R.000"
      }
    },
    {
      "id": "RBX7F710E9D6D3747DEA546B40D2F36E292",
      "parent": "RBX097243E148B94C37AC208337D3B4ACC3",
      "class": "Bone",
      "name": "T_L.000",
      "properties": {
        "CFrame": {
          "position": [
            0.0444717407,
            -0.0145959854,
            0.135808945
          ],
          "rotation": [
            0.999999881,
            0.000590115786,
            -4.00487465e-7,
            -0.000590115786,
            0.999999881,
            2.36390851e-10,
            4.00487522e-7,
            -5.68434189e-14,
            1.00000012
          ]
        },
        "Visible": false,
        "Name": "T_L.000"
      }
    },
    {
      "id": "RBX16C0342079BD4B0587CB9252EEF292FC",
      "parent": "RBXFA44C202DBB84EEBAFEEE8E5220AAD92",
      "class": "MeshPart",
      "name": "lower teeth",
      "properties": {
        "HasSkinnedMesh": false,
        "MeshId": "rbxassetid://18479552124",
        "RenderFidelity": 0,
        "TextureID": null,
        "Anchored": true,
        "CanCollide": true,
        "CanQuery": true,
        "CanTouch": true,
        "Color3uint8": [
          0.709804,
          0.694118,
          0.611765
        ],
        "Massless": false,
        "Material": 272,
        "PivotOffset": {
          "position": [
            3.81880589e-8,
            -12.7173204,
            0.916851163
          ],
          "rotation": [
            1,
            -1.42429793e-14,
            8.74227837e-8,
            2.53051306e-23,
            1,
            1.62920671e-7,
            -8.74227837e-8,
            -1.62920671e-7,
            1
          ]
        },
        "Reflectance": 0,
        "Transparency": 0,
        "size": [
          0.758333743,
          0.298508406,
          0.920673609
        ],
        "Name": "lower teeth",
        "LocalCFrame": {
          "position": [
            0,
            -0.518034,
            -0.762169
          ],
          "rotation": [
            1,
            0,
            0,
            0,
            0.939693,
            0.34202,
            0,
            -0.34202,
            0.939693
          ]
        }
      }
    },
    {
      "id": "RBX235D508EA3E74C73BE9902CBC07A3BC5",
      "parent": "RBXFA44C202DBB84EEBAFEEE8E5220AAD92",
      "class": "MeshPart",
      "name": "Eyelashes",
      "properties": {
        "HasSkinnedMesh": false,
        "MeshId": "rbxassetid://18479552050",
        "RenderFidelity": 0,
        "TextureID": null,
        "Anchored": true,
        "CanCollide": true,
        "CanQuery": true,
        "CanTouch": true,
        "Color3uint8": [
          0.066667,
          0.066667,
          0.066667
        ],
        "Massless": false,
        "Material": 272,
        "PivotOffset": {
          "position": [
            0.0000847011106,
            -13.4225569,
            0.573170364
          ],
          "rotation": [
            1,
            -1.42429793e-14,
            8.74227837e-8,
            2.53051306e-23,
            1,
            1.62920671e-7,
            -8.74227837e-8,
            -1.62920671e-7,
            1
          ]
        },
        "Reflectance": 0,
        "Transparency": 0,
        "size": [
          1.10000455,
          0.211930871,
          0.29180184
        ],
        "Name": "Eyelashes",
        "LocalCFrame": {
          "position": [
            -0.000084,
            0.326647,
            -0.550674
          ],
          "rotation": [
            1,
            0,
            0,
            0,
            0.996195,
            0.087156,
            0,
            -0.087156,
            0.996195
          ]
        }
      }
    },
    {
      "id": "RBXD4547B473EF34EBB8EC10B58EA4B9D42",
      "parent": "RBXFA44C202DBB84EEBAFEEE8E5220AAD92",
      "class": "MeshPart",
      "name": "Head",
      "properties": {
        "HasSkinnedMesh": false,
        "MeshId": "rbxassetid://18479552155",
        "RenderFidelity": 0,
        "TextureID": "rbxassetid://18479545201",
        "Anchored": true,
        "CanCollide": true,
        "CanQuery": true,
        "CanTouch": true,
        "Color3uint8": [
          0.639216,
          0.635294,
          0.647059
        ],
        "Massless": false,
        "Material": 272,
        "PivotOffset": {
          "position": [
            0,
            0,
            0
          ],
          "rotation": [
            1,
            -1.42429793e-14,
            8.74227837e-8,
            2.53051274e-23,
            1,
            1.62920671e-7,
            -8.74227837e-8,
            -1.62920671e-7,
            1
          ]
        },
        "Reflectance": 0,
        "Transparency": 0,
        "size": [
          1.37891054,
          0.9091959,
          2.02960229
        ],
        "Name": "Head",
        "LocalCFrame": {
          "position": [
            0,
            0.219503,
            -0.379616
          ],
          "rotation": [
            1,
            0,
            0,
            0,
            0.996195,
            0.087156,
            0,
            -0.087156,
            0.996195
          ]
        }
      }
    },
    {
      "id": "RBXC8C5CF1E2FE54E18A4823A53DE6CD643",
      "parent": "RBXFA44C202DBB84EEBAFEEE8E5220AAD92",
      "class": "MeshPart",
      "name": "Brows",
      "properties": {
        "HasSkinnedMesh": false,
        "MeshId": "rbxassetid://18479552044",
        "RenderFidelity": 0,
        "TextureID": null,
        "Anchored": true,
        "CanCollide": true,
        "CanQuery": true,
        "CanTouch": true,
        "Color3uint8": [
          0.066667,
          0.066667,
          0.066667
        ],
        "Massless": false,
        "Material": 272,
        "PivotOffset": {
          "position": [
            3.81880589e-8,
            -13.5466995,
            0.600517213
          ],
          "rotation": [
            1,
            -1.42429793e-14,
            8.74227837e-8,
            2.53051306e-23,
            1,
            1.62920671e-7,
            -8.74227837e-8,
            -1.62920671e-7,
            1
          ]
        },
        "Reflectance": 0,
        "Transparency": 0,
        "size": [
          0.939605415,
          0.157663509,
          0.309123099
        ],
        "Name": "Brows",
        "LocalCFrame": {
          "position": [
            0,
            0.447931,
            -0.588768
          ],
          "rotation": [
            1,
            0,
            0,
            0,
            0.996195,
            0.087156,
            0,
            -0.087156,
            0.996195
          ]
        }
      }
    },
    {
      "id": "RBX8F071D4D555544189DBE781B7F4D292D",
      "parent": "RBXFA44C202DBB84EEBAFEEE8E5220AAD92",
      "class": "UnionOperation",
      "name": "Union",
      "properties": {
        "UsePartColor": true,
        "Anchored": true,
        "CanCollide": true,
        "CanQuery": true,
        "CanTouch": true,
        "Color3uint8": [
          0.105882,
          0.164706,
          0.207843
        ],
        "Massless": false,
        "Material": 288,
        "PivotOffset": {
          "position": [
            0,
            0,
            0
          ],
          "rotation": [
            1,
            0,
            0,
            0,
            1,
            0,
            0,
            0,
            1
          ]
        },
        "Reflectance": 0,
        "Transparency": 0,
        "size": [
          0.788192749,
          0.173093602,
          0.248054504
        ],
        "Name": "Union",
        "LocalCFrame": {
          "position": [
            -0.007813,
            0.339199,
            -0.47863
          ],
          "rotation": [
            1,
            0,
            0,
            0,
            0.996195,
            0.087156,
            0,
            -0.087156,
            0.996195
          ]
        }
      }
    },
    {
      "id": "RBX25D5E5E7CEEC48E2BDEC439583901E62",
      "parent": "RBXFA44C202DBB84EEBAFEEE8E5220AAD92",
      "class": "UnionOperation",
      "name": "Union",
      "properties": {
        "UsePartColor": false,
        "Anchored": true,
        "CanCollide": true,
        "CanQuery": true,
        "CanTouch": true,
        "Color3uint8": [
          0.639216,
          0.635294,
          0.647059
        ],
        "Massless": false,
        "Material": 288,
        "PivotOffset": {
          "position": [
            0,
            0,
            0
          ],
          "rotation": [
            1,
            0,
            0,
            0,
            1,
            0,
            0,
            0,
            1
          ]
        },
        "Reflectance": 0,
        "Transparency": 0,
        "size": [
          0.788192749,
          0.248093605,
          0.248054504
        ],
        "Name": "Union",
        "LocalCFrame": {
          "position": [
            -0.007813,
            0.226651,
            -0.479721
          ],
          "rotation": [
            1,
            0,
            0,
            0,
            0.996195,
            0.087156,
            0,
            -0.087156,
            0.996195
          ]
        }
      }
    }
  ]
}
