{
  "format": "overlay_json_v1",
  "kind": "morph_bundle",
  "version": 1,
  "asset_id": "morph_1170-jiggle-freckles-s-v1",
  "name": "Jiggle Freckles S V1",
  "source_file": "1170-jiggle-freckles-s-v1.rbxmx",
  "anchor": "LowerTorso",
  "anchor_candidates": [
    "LowerTorso",
    "Torso",
    "HumanoidRootPart",
    "UpperTorso"
  ],
  "jiggle": true,
  "root_cframe": {
    "position": [
      -7571.70166,
      431.528473,
      -7883.48047
    ],
    "rotation": [
      0.99425596,
      9.31322575e-9,
      0.10703028,
      -9.17007128e-8,
      1,
      -4.47034836e-8,
      -0.107030287,
      8.94069672e-8,
      0.99425596
    ]
  },
  "class_counts": {
    "Folder": 1,
    "Model": 3,
    "Part": 4,
    "SpecialMesh": 4,
    "Decal": 4,
    "Weld": 7,
    "MeshPart": 2,
    "Bone": 32,
    "UnionOperation": 1
  },
  "nodes": [
    {
      "id": "RBX984289344214431894B9EA1A3F6AD92F",
      "parent": null,
      "class": "Folder",
      "name": "Jiggle Freckles S V1",
      "properties": {
        "Name": "Jiggle Freckles S V1"
      }
    },
    {
      "id": "RBXAB21B3D7482544738523FA4C4B59B16E",
      "parent": "RBX984289344214431894B9EA1A3F6AD92F",
      "class": "Model",
      "name": "LowerL",
      "properties": {
        "PrimaryPart": null,
        "Name": "LowerL"
      }
    },
    {
      "id": "RBXDAF67EC1368B4DFABC3B2C14BC29C6E5",
      "parent": "RBXAB21B3D7482544738523FA4C4B59B16E",
      "class": "Part",
      "name": "Middle",
      "properties": {
        "shape": 1,
        "Anchored": false,
        "CanCollide": false,
        "CanQuery": true,
        "CanTouch": true,
        "Color3uint8": [
          0.584314,
          0.568627,
          0.623529
        ],
        "Massless": false,
        "Material": 272,
        "PivotOffset": {
          "position": [
            0,
            0,
            0
          ],
          "rotation": [
            1,
            0,
            0,
            0,
            1,
            0,
            0,
            0,
            1
          ]
        },
        "Reflectance": 0,
        "Transparency": 1,
        "size": [
          0.200000003,
          0.200000003,
          0.200000003
        ],
        "Name": "Middle",
        "LocalCFrame": {
          "position": [
            0,
            0,
            0
          ],
          "rotation": [
            1,
            0,
            0,
            0,
            1,
            0,
            0,
            0,
            1
          ]
        }
      }
    },
    {
      "id": "RBX42B382199F824422A28EBA86CD851688",
      "parent": "RBXDAF67EC1368B4DFABC3B2C14BC29C6E5",
      "class": "SpecialMesh",
      "name": "Mesh",
      "properties": {
        "MeshType": 6,
        "MeshId": null,
        "TextureId": null,
        "Offset": [
          0,
          0,
          0
        ],
        "Scale": [
          0,
          0,
          0
        ],
        "VertexColor": [
          1,
          1,
          1
        ],
        "Name": "Mesh"
      }
    },
    {
      "id": "RBX4E68EFC655A047918517385D7C0BDBCF",
      "parent": "RBXDAF67EC1368B4DFABC3B2C14BC29C6E5",
      "class": "Decal",
      "name": "Decal",
      "properties": {
        "Color3": [
          1,
          1,
          1
        ],
        "Texture": "rbxassetid://7317286674",
        "Transparency": 0,
        "Face": 2,
        "Name": "Decal"
      }
    },
    {
      "id": "RBX584C3F268C964DB5A795A6DC8F9D0239",
      "parent": "RBXDAF67EC1368B4DFABC3B2C14BC29C6E5",
      "class": "Weld",
      "name": "Weld",
      "properties": {
        "C0": {
          "position": [
            0,
            0,
            0
          ],
          "rotation": [
            -1,
            0,
            0,
            0,
            1,
            0,
            0,
            0,
            -1
          ]
        },
        "C1": {
          "position": [
            0,
            0,
            0
          ],
          "rotation": [
            -1,
            0,
            0,
            0,
            1,
            0,
            0,
            0,
            -1
          ]
        },
        "Enabled": true,
        "Part0": "RBXDAF67EC1368B4DFABC3B2C14BC29C6E5",
        "Part1": "RBXDAF67EC1368B4DFABC3B2C14BC29C6E5",
        "Name": "Weld"
      }
    },
    {
      "id": "RBX76B81B3439234E8A985A06E8D861955F",
      "parent": "RBXDAF67EC1368B4DFABC3B2C14BC29C6E5",
      "class": "Weld",
      "name": "Weld",
      "properties": {
        "C0": {
          "position": [
            0,
            0,
            0
          ],
          "rotation": [
            -1,
            0,
            0,
            0,
            1,
            0,
            0,
            0,
            -1
          ]
        },
        "C1": {
          "position": [
            0.241268113,
            -0.0676213428,
            0.028301267
          ],
          "rotation": [
            -0.965931773,
            -0.249973103,
            -0.0670033991,
            -0.258797228,
            0.933025956,
            0.249973103,
            0.000029373914,
            0.258797228,
            -0.965931773
          ]
        },
        "Enabled": true,
        "Part0": "RBXDAF67EC1368B4DFABC3B2C14BC29C6E5",
        "Part1": "RBXAAFB3A9DDBF342A281B4007EB2C2BA57",
        "Name": "Weld"
      }
    },
    {
      "id": "RBXAAFB3A9DDBF342A281B4007EB2C2BA57",
      "parent": "RBXAB21B3D7482544738523FA4C4B59B16E",
      "class": "MeshPart",
      "name": "color5",
      "properties": {
        "HasSkinnedMesh": true,
        "MeshId": "rbxassetid://17837346792",
        "RenderFidelity": 0,
        "TextureID": null,
        "Anchored": false,
        "CanCollide": false,
        "CanQuery": true,
        "CanTouch": true,
        "Color3uint8": [
          1,
          1,
          0.8
        ],
        "Massless": false,
        "Material": 272,
        "PivotOffset": {
          "position": [
            0.0257140081,
            -0.00177634007,
            -5.03061202e-8
          ],
          "rotation": [
            1,
            0,
            0,
            0,
            0,
            -1,
            0,
            1,
            0
          ]
        },
        "Reflectance": 0,
        "Transparency": 0,
        "size": [
          1.26927078,
          1.2023437,
          1.01194727
        ],
        "Name": "color5",
        "LocalCFrame": {
          "position": [
            -0.21546,
            0.116089,
            -0.060518
          ],
          "rotation": [
            0.965932,
            0.258797,
            -0.000029,
            -0.249973,
            0.933026,
            0.258797,
            0.067003,
            -0.249973,
            0.965932
          ]
        }
      }
    },
    {
      "id": "RBX976AC3E392844A2691AA6CC0560B7638",
      "parent": "RBXAAFB3A9DDBF342A281B4007EB2C2BA57",
      "class": "Bone",
      "name": "Bone",
      "properties": {
        "CFrame": {
          "position": [
            0.0257140081,
            0.570583403,
            -5.03061273e-8
          ],
          "rotation": [
            -1,
            0,
            0,
            0,
            -1,
            0,
            0,
            0,
            1
          ]
        },
        "Visible": false,
        "Name": "Bone"
      }
    },
    {
      "id": "RBX65D08141559F45B0BCACDEF1AE9B17C3",
      "parent": "RBX976AC3E392844A2691AA6CC0560B7638",
      "class": "Bone",
      "name": "Bone.001",
      "properties": {
        "CFrame": {
          "position": [
            0.00524902344,
            0.607849121,
            0.000244140625
          ],
          "rotation": [
            0.999994874,
            0.00320126698,
            -0.0000202667816,
            -0.00320126722,
            0.999914825,
            -0.0126538277,
            -0.0000202432257,
            0.0126538277,
            0.999919951
          ]
        },
        "Visible": false,
        "Name": "Bone.001"
      }
    },
    {
      "id": "RBXBD8704415EC2471E8E9D183B5D4DB22B",
      "parent": "RBX65D08141559F45B0BCACDEF1AE9B17C3",
      "class": "Bone",
      "name": "Bone.001_Tail",
      "properties": {
        "CFrame": {
          "position": [
            0.00463867188,
            0.608032227,
            0.00866699219
          ],
          "rotation": [
            0.999941051,
            0.0108653456,
            -0.0000169647537,
            -0.0108646313,
            0.999854624,
            -0.0131415669,
            -0.000125825376,
            0.0131409746,
            0.999913752
          ]
        },
        "Visible": false,
        "Name": "Bone.001_Tail"
      }
    },
    {
      "id": "RBXEE8CF0856A57438396A5052FA6C7F311",
      "parent": "RBXBD8704415EC2471E8E9D183B5D4DB22B",
      "class": "Bone",
      "name": "Bone.001_Tail_Tail",
      "properties": {
        "CFrame": {
          "position": [
            0.0000610351562,
            0.608093262,
            0
          ],
          "rotation": [
            1,
            -1.39698368e-8,
            -3.72528941e-9,
            1.39698368e-8,
            1,
            -2.98023224e-8,
            3.72528985e-9,
            2.98023224e-8,
            1
          ]
        },
        "Visible": false,
        "Name": "Bone.001_Tail_Tail"
      }
    },
    {
      "id": "RBXD0AFAABB531E448F950FE63E6643E886",
      "parent": "RBX976AC3E392844A2691AA6CC0560B7638",
      "class": "Bone",
      "name": "Bone.002",
      "properties": {
        "CFrame": {
          "position": [
            0.00524902344,
            0.607849121,
            0.000244140625
          ],
          "rotation": [
            0.00728794187,
            0.9997527,
            -0.0210152362,
            -0.999973416,
            0.00728794141,
            -0.0000766741869,
            0.0000765025616,
            0.021015238,
            0.999779224
          ]
        },
        "Visible": false,
        "Name": "Bone.002"
      }
    },
    {
      "id": "RBX3ABC7A9DDAA946249AA85445D62F361F",
      "parent": "RBXD0AFAABB531E448F950FE63E6643E886",
      "class": "Bone",
      "name": "Bone.002_Tail",
      "properties": {
        "CFrame": {
          "position": [
            0.0611572266,
            0.6015625,
            0.0201416016
          ],
          "rotation": [
            0.997443974,
            0.0714435875,
            -0.00115882675,
            -0.0714480877,
            0.997054517,
            -0.0278824754,
            -0.000836610678,
            0.0278940033,
            0.999610484
          ]
        },
        "Visible": false,
        "Name": "Bone.002_Tail"
      }
    },
    {
      "id": "RBX02991C8362E947BEA5FB0DD5F25EFA89",
      "parent": "RBX3ABC7A9DDAA946249AA85445D62F361F",
      "class": "Bone",
      "name": "Bone.002_Tail_Tail",
      "properties": {
        "CFrame": {
          "position": [
            -0.0000610351562,
            0.608032227,
            0.000122070312
          ],
          "rotation": [
            1,
            1.21071935e-8,
            2.98023224e-8,
            -1.21071935e-8,
            1,
            -3.72528963e-9,
            -2.98023224e-8,
            3.72528919e-9,
            1
          ]
        },
        "Visible": false,
        "Name": "Bone.002_Tail_Tail"
      }
    },
    {
      "id": "RBX1BE767D4A95845D880496075E3932D9C",
      "parent": "RBX976AC3E392844A2691AA6CC0560B7638",
      "class": "Bone",
      "name": "Bone.003",
      "properties": {
        "CFrame": {
          "position": [
            0.00524902344,
            0.607849121,
            0.000244140625
          ],
          "rotation": [
            0.0040242821,
            -0.999794841,
            0.0198547207,
            0.999991953,
            0.0040242807,
            -0.0000400336685,
            -0.0000398755074,
            0.0198547207,
            0.999803007
          ]
        },
        "Visible": false,
        "Name": "Bone.003"
      }
    },
    {
      "id": "RBXB463F776766B46AA9BBA6100D94D0CDB",
      "parent": "RBX1BE767D4A95845D880496075E3932D9C",
      "class": "Bone",
      "name": "Bone.003_Tail",
      "properties": {
        "CFrame": {
          "position": [
            -0.0626220703,
            0.60736084,
            0.0340576172
          ],
          "rotation": [
            0.996835589,
            -0.0794731975,
            0.00170527794,
            0.0794782415,
            0.996048152,
            -0.0396390185,
            0.00145170093,
            0.039649114,
            0.999212623
          ]
        },
        "Visible": false,
        "Name": "Bone.003_Tail"
      }
    },
    {
      "id": "RBXBA0BB3979BC249A78322BCC9116514CD",
      "parent": "RBXB463F776766B46AA9BBA6100D94D0CDB",
      "class": "Bone",
      "name": "Bone.003_Tail_Tail",
      "properties": {
        "CFrame": {
          "position": [
            -0.0000610351562,
            0.608093262,
            -0.000122070312
          ],
          "rotation": [
            1,
            1.21071935e-8,
            -2.98023224e-8,
            -1.21071935e-8,
            1,
            3.72528963e-9,
            2.98023224e-8,
            -3.72528919e-9,
            1
          ]
        },
        "Visible": false,
        "Name": "Bone.003_Tail_Tail"
      }
    },
    {
      "id": "RBX05A2584D5D9B40B2A74186E037314867",
      "parent": "RBX976AC3E392844A2691AA6CC0560B7638",
      "class": "Bone",
      "name": "Bone.004",
      "properties": {
        "CFrame": {
          "position": [
            0.00524902344,
            0.607849121,
            0.000244140625
          ],
          "rotation": [
            0.999998569,
            -0.00170253625,
            -0.00000390413197,
            0.0000041937451,
            0.00475633098,
            -0.999988735,
            0.00170253566,
            0.999987245,
            0.00475633098
          ]
        },
        "Visible": false,
        "Name": "Bone.004"
      }
    },
    {
      "id": "RBX088F88BC082341AA8D9621F861F3E5CE",
      "parent": "RBX05A2584D5D9B40B2A74186E037314867",
      "class": "Bone",
      "name": "Bone.004_Tail",
      "properties": {
        "CFrame": {
          "position": [
            0.0208740234,
            0.607788086,
            0.0657958984
          ],
          "rotation": [
            0.999693871,
            0.0247169863,
            -0.00110826141,
            -0.0247265752,
            0.996503055,
            -0.0798144415,
            -0.000868386589,
            0.0798174143,
            0.996809185
          ]
        },
        "Visible": false,
        "Name": "Bone.004_Tail"
      }
    },
    {
      "id": "RBXBCFCD0DC2C94440582285AC60E2A69C1",
      "parent": "RBX088F88BC082341AA8D9621F861F3E5CE",
      "class": "Bone",
      "name": "Bone.004_Tail_Tail",
      "properties": {
        "CFrame": {
          "position": [
            0,
            0.608154297,
            0
          ],
          "rotation": [
            1,
            3.72528941e-9,
            1.21071917e-8,
            -3.72528985e-9,
            1,
            2.98023188e-8,
            -1.21071917e-8,
            -2.98023188e-8,
            1
          ]
        },
        "Visible": false,
        "Name": "Bone.004_Tail_Tail"
      }
    },
    {
      "id": "RBX6BD7204194BA4914B8741EBC8CE13353",
      "parent": "RBX976AC3E392844A2691AA6CC0560B7638",
      "class": "Bone",
      "name": "Bone.005",
      "properties": {
        "CFrame": {
          "position": [
            0.00524902344,
            0.607849121,
            0.000244140625
          ],
          "rotation": [
            0.999998689,
            -0.00166973134,
            0.00000446451213,
            0.00000465661242,
            0.00546258641,
            0.999985218,
            -0.00166973076,
            -0.999983728,
            0.00546258735
          ]
        },
        "Visible": false,
        "Name": "Bone.005"
      }
    },
    {
      "id": "RBX24D3C9E66EA94A61B66BF9E1FFCB4094",
      "parent": "RBX6BD7204194BA4914B8741EBC8CE13353",
      "class": "Bone",
      "name": "Bone.005_Tail",
      "properties": {
        "CFrame": {
          "position": [
            0.0180053711,
            0.601196289,
            -0.0578613281
          ],
          "rotation": [
            0.999259472,
            0.0384515449,
            0.00141674839,
            -0.0384587944,
            0.99694103,
            0.0680419058,
            0.0012039016,
            -0.0680460036,
            0.997681558
          ]
        },
        "Visible": false,
        "Name": "Bone.005_Tail"
      }
    },
    {
      "id": "RBX237AC307EA9E42109F267216BCAA9DFB",
      "parent": "RBX24D3C9E66EA94A61B66BF9E1FFCB4094",
      "class": "Bone",
      "name": "Bone.005_Tail_Tail",
      "properties": {
        "CFrame": {
          "position": [
            0.000122070312,
            0.608032227,
            0
          ],
          "rotation": [
            1,
            -3.72528941e-9,
            -1.21071917e-8,
            3.72528985e-9,
            1,
            2.98023188e-8,
            1.21071917e-8,
            -2.98023188e-8,
            1
          ]
        },
        "Visible": false,
        "Name": "Bone.005_Tail_Tail"
      }
    },
    {
      "id": "RBX21110998AEFC45138BCCCD98924C0F43",
      "parent": "RBXAAFB3A9DDBF342A281B4007EB2C2BA57",
      "class": "Decal",
      "name": "Decal",
      "properties": {
        "Color3": [
          1,
          1,
          1
        ],
        "Texture": "rbxassetid://7317286674",
        "Transparency": 0,
        "Face": 2,
        "Name": "Decal"
      }
    },
    {
      "id": "RBXAFD9E8B9AAFC48ABA1AFEC317E4DF8D9",
      "parent": "RBX984289344214431894B9EA1A3F6AD92F",
      "class": "Model",
      "name": "LowerR",
      "properties": {
        "PrimaryPart": null,
        "Name": "LowerR"
      }
    },
    {
      "id": "RBXA9EEF5896E494C499D3CD69C9613FE7B",
      "parent": "RBXAFD9E8B9AAFC48ABA1AFEC317E4DF8D9",
      "class": "Part",
      "name": "Middle",
      "properties": {
        "shape": 1,
        "Anchored": false,
        "CanCollide": false,
        "CanQuery": true,
        "CanTouch": true,
        "Color3uint8": [
          0.584314,
          0.568627,
          0.623529
        ],
        "Massless": false,
        "Material": 272,
        "PivotOffset": {
          "position": [
            0,
            0,
            0
          ],
          "rotation": [
            1,
            0,
            0,
            0,
            1,
            0,
            0,
            0,
            1
          ]
        },
        "Reflectance": 0,
        "Transparency": 1,
        "size": [
          0.200000003,
          0.200000003,
          0.200000003
        ],
        "Name": "Middle",
        "LocalCFrame": {
          "position": [
            0.499911,
            0,
            0.000287
          ],
          "rotation": [
            1,
            0,
            0,
            0,
            1,
            0,
            0,
            0,
            1
          ]
        }
      }
    },
    {
      "id": "RBX9001E93E3D43442C9B19A67EAB151E6C",
      "parent": "RBXA9EEF5896E494C499D3CD69C9613FE7B",
      "class": "SpecialMesh",
      "name": "Mesh",
      "properties": {
        "MeshType": 6,
        "MeshId": null,
        "TextureId": null,
        "Offset": [
          0,
          0,
          0
        ],
        "Scale": [
          0,
          0,
          0
        ],
        "VertexColor": [
          1,
          1,
          1
        ],
        "Name": "Mesh"
      }
    },
    {
      "id": "RBXFE994F3099434CBB994ADC2D933FDA59",
      "parent": "RBXA9EEF5896E494C499D3CD69C9613FE7B",
      "class": "Decal",
      "name": "Decal",
      "properties": {
        "Color3": [
          1,
          1,
          1
        ],
        "Texture": "rbxassetid://7317286674",
        "Transparency": 0,
        "Face": 5,
        "Name": "Decal"
      }
    },
    {
      "id": "RBXE5D2E5217EA34AA6887CCE4D0653D7CC",
      "parent": "RBXA9EEF5896E494C499D3CD69C9613FE7B",
      "class": "Weld",
      "name": "Weld",
      "properties": {
        "C0": {
          "position": [
            0,
            0,
            0
          ],
          "rotation": [
            -1,
            0,
            0,
            0,
            1,
            0,
            0,
            0,
            -1
          ]
        },
        "C1": {
          "position": [
            0,
            0,
            0
          ],
          "rotation": [
            -1,
            0,
            0,
            0,
            1,
            0,
            0,
            0,
            -1
          ]
        },
        "Enabled": true,
        "Part0": "RBXA9EEF5896E494C499D3CD69C9613FE7B",
        "Part1": "RBXA9EEF5896E494C499D3CD69C9613FE7B",
        "Name": "Weld"
      }
    },
    {
      "id": "RBXC1245DEFA754488190EB79DE7F1E2721",
      "parent": "RBXA9EEF5896E494C499D3CD69C9613FE7B",
      "class": "Weld",
      "name": "Weld",
      "properties": {
        "C0": {
          "position": [
            0,
            0,
            0
          ],
          "rotation": [
            -1,
            0,
            0,
            0,
            1,
            0,
            0,
            0,
            -1
          ]
        },
        "C1": {
          "position": [
            0.241266742,
            -0.0676220283,
            -0.0283009801
          ],
          "rotation": [
            0.965931654,
            -0.249973103,
            -0.0670033991,
            0.258797228,
            0.933025956,
            0.249973103,
            0.000029373914,
            -0.258797228,
            0.965931654
          ]
        },
        "Enabled": true,
        "Part0": "RBXA9EEF5896E494C499D3CD69C9613FE7B",
        "Part1": "RBX59F688612B0C4180B044328664DC0B5B",
        "Name": "Weld"
      }
    },
    {
      "id": "RBX59F688612B0C4180B044328664DC0B5B",
      "parent": "RBXAFD9E8B9AAFC48ABA1AFEC317E4DF8D9",
      "class": "MeshPart",
      "name": "color5",
      "properties": {
        "HasSkinnedMesh": true,
        "MeshId": "rbxassetid://17837346792",
        "RenderFidelity": 0,
        "TextureID": null,
        "Anchored": false,
        "CanCollide": false,
        "CanQuery": true,
        "CanTouch": true,
        "Color3uint8": [
          1,
          1,
          0.8
        ],
        "Massless": false,
        "Material": 272,
        "PivotOffset": {
          "position": [
            0.0257140063,
            -0.00177633984,
            -5.03061202e-8
          ],
          "rotation": [
            1,
            0,
            0,
            0,
            0,
            -1,
            0,
            1,
            0
          ]
        },
        "Reflectance": 0,
        "Transparency": 0,
        "size": [
          1.26927078,
          1.2023437,
          1.01194727
        ],
        "Name": "color5",
        "LocalCFrame": {
          "position": [
            0.715611,
            0.116089,
            -0.059983
          ],
          "rotation": [
            -0.965932,
            -0.258797,
            -0.000029,
            -0.249973,
            0.933026,
            -0.258797,
            0.067003,
            -0.249973,
            -0.965932
          ]
        }
      }
    },
    {
      "id": "RBX7D3EFD0E1F234B7DAE9C826BEEACAD05",
      "parent": "RBX59F688612B0C4180B044328664DC0B5B",
      "class": "Bone",
      "name": "Bone",
      "properties": {
        "CFrame": {
          "position": [
            0.0257140063,
            0.570583403,
            -5.03061273e-8
          ],
          "rotation": [
            -1,
            0,
            0,
            0,
            -1,
            0,
            0,
            0,
            1
          ]
        },
        "Visible": false,
        "Name": "Bone"
      }
    },
    {
      "id": "RBXB1FF3FDF9C144EF1BE3D1C216E7CBB13",
      "parent": "RBX7D3EFD0E1F234B7DAE9C826BEEACAD05",
      "class": "Bone",
      "name": "Bone.001",
      "properties": {
        "CFrame": {
          "position": [
            -0.0029296875,
            0.607940674,
            -0.00610351562
          ],
          "rotation": [
            0.999923825,
            -0.0123426793,
            -0.0000513281047,
            0.0123426784,
            0.999889255,
            0.00831964798,
            -0.0000513643099,
            -0.00831964705,
            0.999965429
          ]
        },
        "Visible": false,
        "Name": "Bone.001"
      }
    },
    {
      "id": "RBXF1687E44FC8C47CCA32B9E92776496E9",
      "parent": "RBXB1FF3FDF9C144EF1BE3D1C216E7CBB13",
      "class": "Bone",
      "name": "Bone.001_Tail",
      "properties": {
        "CFrame": {
          "position": [
            -0.03125,
            0.606994629,
            0.0239257812
          ],
          "rotation": [
            0.99846983,
            -0.0552933365,
            0.000854486017,
            0.0552805699,
            0.997591913,
            -0.0418857932,
            0.00146357715,
            0.0418689363,
            0.999122083
          ]
        },
        "Visible": false,
        "Name": "Bone.001_Tail"
      }
    },
    {
      "id": "RBXDDB08B3A5CF04605B42075F61C8BE6F9",
      "parent": "RBXF1687E44FC8C47CCA32B9E92776496E9",
      "class": "Bone",
      "name": "Bone.001_Tail_Tail",
      "properties": {
        "CFrame": {
          "position": [
            0,
            0.608123779,
            0.000122070312
          ],
          "rotation": [
            1,
            2.60770321e-8,
            3.88578006e-16,
            -2.60770321e-8,
            1,
            1.49011594e-8,
            0,
            -1.49011594e-8,
            1
          ]
        },
        "Visible": false,
        "Name": "Bone.001_Tail_Tail"
      }
    },
    {
      "id": "RBX83D542B313CC4CDAA4BAEC189F069F5D",
      "parent": "RBX7D3EFD0E1F234B7DAE9C826BEEACAD05",
      "class": "Bone",
      "name": "Bone.002",
      "properties": {
        "CFrame": {
          "position": [
            -0.0029296875,
            0.607971191,
            -0.00634765625
          ],
          "rotation": [
            -0.00541760772,
            0.99998194,
            -0.00262317038,
            -0.999985337,
            -0.00541760819,
            0.00000719299032,
            -0.00000701844692,
            0.00262317085,
            0.999996603
          ]
        },
        "Visible": false,
        "Name": "Bone.002"
      }
    },
    {
      "id": "RBXB0E749D334714D66B9973491815E494C",
      "parent": "RBX83D542B313CC4CDAA4BAEC189F069F5D",
      "class": "Bone",
      "name": "Bone.002_Tail",
      "properties": {
        "CFrame": {
          "position": [
            0.0663757324,
            0.601196289,
            0.00341796875
          ],
          "rotation": [
            0.995366871,
            0.0961487889,
            -0.000535434694,
            -0.096138075,
            0.995136321,
            -0.0214763284,
            -0.00153209246,
            0.0214283001,
            0.99976927
          ]
        },
        "Visible": false,
        "Name": "Bone.002_Tail"
      }
    },
    {
      "id": "RBXCA879CC038C84A1C90732558222118C6",
      "parent": "RBXB0E749D334714D66B9973491815E494C",
      "class": "Bone",
      "name": "Bone.002_Tail_Tail",
      "properties": {
        "CFrame": {
          "position": [
            -0.0000305175781,
            0.608032227,
            0
          ],
          "rotation": [
            1,
            -4.09781933e-8,
            -2.98023224e-8,
            4.09781933e-8,
            1,
            1.4901163e-8,
            2.98023224e-8,
            -1.49011647e-8,
            1
          ]
        },
        "Visible": false,
        "Name": "Bone.002_Tail_Tail"
      }
    },
    {
      "id": "RBX97FE688B8F0C452EBEF70D4779956E86",
      "parent": "RBX7D3EFD0E1F234B7DAE9C826BEEACAD05",
      "class": "Bone",
      "name": "Bone.003",
      "properties": {
        "CFrame": {
          "position": [
            -0.0029296875,
            0.607971191,
            -0.00634765625
          ],
          "rotation": [
            -0.00806219503,
            -0.999963164,
            0.00294898497,
            0.999967515,
            -0.00806219503,
            0.0000118398975,
            0.0000119358301,
            0.0029489845,
            0.999995708
          ]
        },
        "Visible": false,
        "Name": "Bone.003"
      }
    },
    {
      "id": "RBX7E4089A1215B475696D59FBD532C4538",
      "parent": "RBX97FE688B8F0C452EBEF70D4779956E86",
      "class": "Bone",
      "name": "Bone.003_Tail",
      "properties": {
        "CFrame": {
          "position": [
            -0.0799865723,
            0.60559082,
            0.00268554688
          ],
          "rotation": [
            0.993963599,
            -0.109709442,
            0.000483730226,
            0.109698072,
            0.993774951,
            -0.0194352418,
            0.00165151036,
            0.0193709861,
            0.999810994
          ]
        },
        "Visible": false,
        "Name": "Bone.003_Tail"
      }
    },
    {
      "id": "RBXE360B63FD0E8495D847F023F75336346",
      "parent": "RBX7E4089A1215B475696D59FBD532C4538",
      "class": "Bone",
      "name": "Bone.003_Tail_Tail",
      "properties": {
        "CFrame": {
          "position": [
            -0.0000915527344,
            0.607910156,
            0.000366210938
          ],
          "rotation": [
            1,
            -4.09781933e-8,
            2.98023224e-8,
            4.09781933e-8,
            1,
            -1.4901163e-8,
            -2.98023224e-8,
            1.49011647e-8,
            1
          ]
        },
        "Visible": false,
        "Name": "Bone.003_Tail_Tail"
      }
    },
    {
      "id": "RBX11211F29B6CD4DF2828FAA21B167EE52",
      "parent": "RBX7D3EFD0E1F234B7DAE9C826BEEACAD05",
      "class": "Bone",
      "name": "Bone.004",
      "properties": {
        "CFrame": {
          "position": [
            -0.0029296875,
            0.607971191,
            -0.00634765625
          ],
          "rotation": [
            0.999808729,
            -0.0195561517,
            0.0000665393236,
            -0.0000666901469,
            -0.00681193266,
            -0.999976814,
            0.0195561498,
            0.999785602,
            -0.00681193406
          ]
        },
        "Visible": false,
        "Name": "Bone.004"
      }
    },
    {
      "id": "RBXC7377443CC944B2798E77810B7F22232",
      "parent": "RBX11211F29B6CD4DF2828FAA21B167EE52",
      "class": "Bone",
      "name": "Bone.004_Tail",
      "properties": {
        "CFrame": {
          "position": [
            -0.00317382812,
            0.608886719,
            0.068572998
          ],
          "rotation": [
            0.999845862,
            -0.0175211634,
            0.00114674843,
            0.0175514985,
            0.995440722,
            -0.0937535986,
            0.000501152186,
            0.0937592685,
            0.9955948
          ]
        },
        "Visible": false,
        "Name": "Bone.004_Tail"
      }
    },
    {
      "id": "RBX057A723C21EA4CC1BFE842FC4BFCEEA5",
      "parent": "RBXC7377443CC944B2798E77810B7F22232",
      "class": "Bone",
      "name": "Bone.004_Tail_Tail",
      "properties": {
        "CFrame": {
          "position": [
            0.000122070312,
            0.608276367,
            0.0000305175781
          ],
          "rotation": [
            1,
            3.3306696e-16,
            -2.23517418e-8,
            0,
            1,
            1.4901163e-8,
            2.23517418e-8,
            -1.4901163e-8,
            1
          ]
        },
        "Visible": false,
        "Name": "Bone.004_Tail_Tail"
      }
    },
    {
      "id": "RBX7092B4A663934DD2956219D33037F2B3",
      "parent": "RBX7D3EFD0E1F234B7DAE9C826BEEACAD05",
      "class": "Bone",
      "name": "Bone.005",
      "properties": {
        "CFrame": {
          "position": [
            -0.0029296875,
            0.607971191,
            -0.00634765625
          ],
          "rotation": [
            0.999806106,
            -0.0196917243,
            -0.000067727502,
            -0.0000680163575,
            -0.00689269602,
            0.999976337,
            -0.0196917225,
            -0.999782383,
            -0.00689269882
          ]
        },
        "Visible": false,
        "Name": "Bone.005"
      }
    },
    {
      "id": "RBXAE1A76E917FE43E3AFC493613ED563A7",
      "parent": "RBX7092B4A663934DD2956219D33037F2B3",
      "class": "Bone",
      "name": "Bone.005_Tail",
      "properties": {
        "CFrame": {
          "position": [
            -0.0087890625,
            0.599609375,
            -0.0708312988
          ],
          "rotation": [
            0.999443173,
            -0.0333040766,
            -0.0020313086,
            0.0333382189,
            0.994277537,
            0.101492606,
            -0.00136043318,
            -0.101503819,
            0.994834185
          ]
        },
        "Visible": false,
        "Name": "Bone.005_Tail"
      }
    },
    {
      "id": "RBX56844D7BAB6248048024976577B701DA",
      "parent": "RBXAE1A76E917FE43E3AFC493613ED563A7",
      "class": "Bone",
      "name": "Bone.005_Tail_Tail",
      "properties": {
        "CFrame": {
          "position": [
            0,
            0.607788086,
            -0.0000610351562
          ],
          "rotation": [
            1,
            -3.3306696e-16,
            2.23517418e-8,
            0,
            1,
            1.4901163e-8,
            -2.23517418e-8,
            -1.4901163e-8,
            1
          ]
        },
        "Visible": false,
        "Name": "Bone.005_Tail_Tail"
      }
    },
    {
      "id": "RBX3DBE80F810C744DD8D9547B129BD248D",
      "parent": "RBX59F688612B0C4180B044328664DC0B5B",
      "class": "Decal",
      "name": "Decal",
      "properties": {
        "Color3": [
          1,
          1,
          1
        ],
        "Texture": "rbxassetid://7317286674",
        "Transparency": 0,
        "Face": 5,
        "Name": "Decal"
      }
    },
    {
      "id": "RBX7DF872F406954CE78A341FF53BFAEA25",
      "parent": "RBX984289344214431894B9EA1A3F6AD92F",
      "class": "Model",
      "name": "LowerStatic",
      "properties": {
        "PrimaryPart": "RBXA21AAABA63984486876D8AC48A62A0C7",
        "Name": "LowerStatic"
      }
    },
    {
      "id": "RBXA21AAABA63984486876D8AC48A62A0C7",
      "parent": "RBX7DF872F406954CE78A341FF53BFAEA25",
      "class": "Part",
      "name": "Middle",
      "properties": {
        "shape": 1,
        "Anchored": false,
        "CanCollide": false,
        "CanQuery": true,
        "CanTouch": true,
        "Color3uint8": [
          0.972549,
          0.972549,
          0.972549
        ],
        "Massless": false,
        "Material": 272,
        "PivotOffset": {
          "position": [
            0,
            0,
            0
          ],
          "rotation": [
            1,
            0,
            0,
            0,
            1,
            0,
            0,
            0,
            1
          ]
        },
        "Reflectance": 0,
        "Transparency": 1,
        "size": [
          2,
          2,
          1
        ],
        "Name": "Middle",
        "LocalCFrame": {
          "position": [
            0.250212,
            0.999939,
            -0.499529
          ],
          "rotation": [
            1,
            0,
            0,
            0,
            1,
            0,
            0,
            0,
            1
          ]
        }
      }
    },
    {
      "id": "RBXB5CE48490E2B4B13AA5696259E61B5E6",
      "parent": "RBXA21AAABA63984486876D8AC48A62A0C7",
      "class": "SpecialMesh",
      "name": "Mesh",
      "properties": {
        "MeshType": 5,
        "MeshId": "rbxassetid://12221758",
        "TextureId": null,
        "Offset": [
          0,
          0,
          0
        ],
        "Scale": [
          1,
          1,
          1
        ],
        "VertexColor": [
          1,
          1,
          1
        ],
        "Name": "Mesh"
      }
    },
    {
      "id": "RBX2D2D92859B1C446C93F99D31824168AB",
      "parent": "RBXA21AAABA63984486876D8AC48A62A0C7",
      "class": "Weld",
      "name": "Weld",
      "properties": {
        "C0": {
          "position": [
            0,
            0,
            0
          ],
          "rotation": [
            -1,
            0,
            0,
            0,
            1,
            0,
            0,
            0,
            -1
          ]
        },
        "C1": {
          "position": [
            0,
            0,
            0
          ],
          "rotation": [
            -1,
            0,
            0,
            0,
            1,
            0,
            0,
            0,
            -1
          ]
        },
        "Enabled": true,
        "Part0": "RBXA21AAABA63984486876D8AC48A62A0C7",
        "Part1": "RBXA21AAABA63984486876D8AC48A62A0C7",
        "Name": "Weld"
      }
    },
    {
      "id": "RBX079384EC399A4A72A704775A1D826DE8",
      "parent": "RBXA21AAABA63984486876D8AC48A62A0C7",
      "class": "Weld",
      "name": "Weld",
      "properties": {
        "C0": {
          "position": [
            0,
            0,
            0
          ],
          "rotation": [
            -1,
            0,
            0,
            0,
            1,
            0,
            0,
            0,
            -1
          ]
        },
        "C1": {
          "position": [
            -0.046875,
            0.870233059,
            0.410156369
          ],
          "rotation": [
            1,
            0,
            0,
            0,
            1,
            0,
            0,
            0,
            1
          ]
        },
        "Enabled": true,
        "Part0": "RBXA21AAABA63984486876D8AC48A62A0C7",
        "Part1": "RBX8BA4E73FC4EF431EB570F4A3D65081B0",
        "Name": "Weld"
      }
    },
    {
      "id": "RBX89FDAFCD6DA044369BC032201E5D5A96",
      "parent": "RBXA21AAABA63984486876D8AC48A62A0C7",
      "class": "Weld",
      "name": "Weld",
      "properties": {
        "C0": {
          "position": [
            0,
            0,
            0
          ],
          "rotation": [
            -1,
            0,
            0,
            0,
            1,
            0,
            0,
            0,
            -1
          ]
        },
        "C1": {
          "position": [
            -0.0477409363,
            0.16255343,
            0.855370045
          ],
          "rotation": [
            0.999999464,
            -0.00105301978,
            -0.0000376979588,
            0.00039585054,
            0.408594251,
            -0.912716031,
            0.000976511161,
            0.912715554,
            0.408594429
          ]
        },
        "Enabled": true,
        "Part0": "RBXA21AAABA63984486876D8AC48A62A0C7",
        "Part1": "RBX7C9C02B84A054885808817E798C757FB",
        "Name": "Weld"
      }
    },
    {
      "id": "RBX7C9C02B84A054885808817E798C757FB",
      "parent": "RBX7DF872F406954CE78A341FF53BFAEA25",
      "class": "UnionOperation",
      "name": "color5",
      "properties": {
        "UsePartColor": true,
        "Anchored": false,
        "CanCollide": false,
        "CanQuery": true,
        "CanTouch": true,
        "Color3uint8": [
          1,
          1,
          0.8
        ],
        "Massless": false,
        "Material": 272,
        "PivotOffset": {
          "position": [
            0,
