{
  "format": "overlay_json_v1",
  "kind": "morph_bundle",
  "version": 1,
  "asset_id": "morph_2107-bbc-2-cum",
  "name": "BBC 2 CUM",
  "source_file": "2107-bbc-2-cum.rbxmx",
  "anchor": "HumanoidRootPart",
  "anchor_candidates": [
    "HumanoidRootPart",
    "UpperTorso",
    "Torso",
    "Head"
  ],
  "jiggle": false,
  "root_cframe": {
    "position": [
      -3621.06689,
      31297.7637,
      -2012.32458
    ],
    "rotation": [
      1,
      0,
      0,
      0,
      1,
      0,
      0,
      0,
      1
    ]
  },
  "class_counts": {
    "Folder": 1,
    "Model": 3,
    "Part": 4,
    "UnionOperation": 16,
    "SpecialMesh": 1,
    "ParticleEmitter": 1,
    "Motor6D": 24,
    "MeshPart": 2
  },
  "nodes": [
    {
      "id": "RBX3E5AA4BD490749F6B9E079BFC1AF86FD",
      "parent": null,
      "class": "Folder",
      "name": "BBC 2 CUM",
      "properties": {
        "Name": "BBC 2 CUM"
      }
    },
    {
      "id": "RBXDD116C38E3AB43C39EE85C3E4A4A3FBC",
      "parent": "RBX3E5AA4BD490749F6B9E079BFC1AF86FD",
      "class": "Model",
      "name": "Orbs",
      "properties": {
        "PrimaryPart": null,
        "Name": "Orbs"
      }
    },
    {
      "id": "RBX2F24F1F775CD416F85E50F8DA87D4F7D",
      "parent": "RBXDD116C38E3AB43C39EE85C3E4A4A3FBC",
      "class": "Part",
      "name": "Middle",
      "properties": {
        "shape": 1,
        "Anchored": true,
        "CanCollide": false,
        "CanQuery": true,
        "CanTouch": true,
        "Color3uint8": [
          1,
          0,
          0
        ],
        "Massless": false,
        "Material": 256,
        "PivotOffset": {
          "position": [
            0,
            0,
            0
          ],
          "rotation": [
            1,
            0,
            0,
            0,
            1,
            0,
            0,
            0,
            1
          ]
        },
        "Reflectance": 0,
        "Transparency": 0,
        "size": [
          0.200000003,
          0.200000003,
          0.200000003
        ],
        "Name": "Middle",
        "LocalCFrame": {
          "position": [
            0,
            -0.8496,
            -0.5
          ],
          "rotation": [
            1,
            0,
            0,
            0,
            1,
            0,
            0,
            0,
            1
          ]
        }
      }
    },
    {
      "id": "RBX5A367214189B47EF980783FB5570C4A0",
      "parent": "RBXDD116C38E3AB43C39EE85C3E4A4A3FBC",
      "class": "UnionOperation",
      "name": "color5",
      "properties": {
        "UsePartColor": true,
        "Anchored": false,
        "CanCollide": true,
        "CanQuery": true,
        "CanTouch": true,
        "Color3uint8": [
          0.972549,
          0.972549,
          0.972549
        ],
        "Massless": false,
        "Material": 272,
        "PivotOffset": {
          "position": [
            0,
            0,
            0
          ],
          "rotation": [
            1,
            0,
            0,
            0,
            1,
            0,
            0,
            0,
            1
          ]
        },
        "Reflectance": 0,
        "Transparency": 0,
        "size": [
          0.934382975,
          0.48762092,
          0.819720864
        ],
        "Name": "color5",
        "LocalCFrame": {
          "position": [
            0.03979,
            -1.2539,
            -0.48743
          ],
          "rotation": [
            -0.342876,
            -0.001166,
            0.93938,
            -0.93938,
            0.001416,
            -0.342874,
            -0.00093,
            -0.999998,
            -0.001581
          ]
        }
      }
    },
    {
      "id": "RBXB94CCC052940416D879863B5A96397E2",
      "parent": "RBX3E5AA4BD490749F6B9E079BFC1AF86FD",
      "class": "Model",
      "name": "LowerStaticA",
      "properties": {
        "PrimaryPart": "RBX1197D4072EB54134B24A6D198B783D5F",
        "Name": "LowerStaticA"
      }
    },
    {
      "id": "RBX1197D4072EB54134B24A6D198B783D5F",
      "parent": "RBXB94CCC052940416D879863B5A96397E2",
      "class": "Part",
      "name": "Middle",
      "properties": {
        "shape": 1,
        "Anchored": true,
        "CanCollide": false,
        "CanQuery": true,
        "CanTouch": true,
        "Color3uint8": [
          0.972549,
          0.972549,
          0.972549
        ],
        "Massless": false,
        "Material": 272,
        "PivotOffset": {
          "position": [
            0,
            0,
            0
          ],
          "rotation": [
            1,
            0,
            0,
            0,
            1,
            0,
            0,
            0,
            1
          ]
        },
        "Reflectance": 0,
        "Transparency": 0,
        "size": [
          2,
          2,
          1
        ],
        "Name": "Middle",
        "LocalCFrame": {
          "position": [
            0,
            0,
            0
          ],
          "rotation": [
            1,
            0,
            0,
            0,
            1,
            0,
            0,
            0,
            1
          ]
        }
      }
    },
    {
      "id": "RBXF3CB0AD577F948018427E7B1A4211717",
      "parent": "RBX1197D4072EB54134B24A6D198B783D5F",
      "class": "SpecialMesh",
      "name": "Mesh",
      "properties": {
        "MeshType": 5,
        "MeshId": "rbxassetid://12221758",
        "TextureId": null,
        "Offset": [
          0,
          0,
          0
        ],
        "Scale": [
          1,
          1,
          1
        ],
        "VertexColor": [
          1,
          1,
          1
        ],
        "Name": "Mesh"
      }
    },
    {
      "id": "RBX07F63778799649A39F7F9D29C22C7F2C",
      "parent": "RBX3E5AA4BD490749F6B9E079BFC1AF86FD",
      "class": "Model",
      "name": "Rod",
      "properties": {
        "PrimaryPart": null,
        "Name": "Rod"
      }
    },
    {
      "id": "RBX6EF371EC4C6047A0BFACA8409DCED96A",
      "parent": "RBX07F63778799649A39F7F9D29C22C7F2C",
      "class": "Part",
      "name": "Middle",
      "properties": {
        "shape": 1,
        "Anchored": true,
        "CanCollide": false,
        "CanQuery": true,
        "CanTouch": true,
        "Color3uint8": [
          0.627451,
          0.372549,
          0.207843
        ],
        "Massless": false,
        "Material": 256,
        "PivotOffset": {
          "position": [
            0,
            0,
            0
          ],
          "rotation": [
            1,
            0,
            0,
            0,
            1,
            0,
            0,
            0,
            1
          ]
        },
        "Reflectance": 0,
        "Transparency": 0,
        "size": [
          0.20137006,
          0.20137006,
          0.20137006
        ],
        "Name": "Middle",
        "LocalCFrame": {
          "position": [
            0.00268,
            -0.8184,
            -0.51429
          ],
          "rotation": [
            1,
            0,
            0,
            0,
            1,
            0.000038,
            0,
            -0.000038,
            1
          ]
        }
      }
    },
    {
      "id": "RBX5F9170F598274B6EB9993D601BF9C7CC",
      "parent": "RBX07F63778799649A39F7F9D29C22C7F2C",
      "class": "Part",
      "name": "Particle1",
      "properties": {
        "shape": 1,
        "Anchored": true,
        "CanCollide": true,
        "CanQuery": true,
        "CanTouch": true,
        "Color3uint8": [
          1,
          0.580392,
          0.580392
        ],
        "Massless": false,
        "Material": 272,
        "PivotOffset": {
          "position": [
            0,
            0,
            0
          ],
          "rotation": [
            1,
            0,
            0,
            0,
            1,
            0,
            0,
            0,
            1
          ]
        },
        "Reflectance": 0,
        "Transparency": 1,
        "size": [
          0.155455127,
          0.155455127,
          0.155455127
        ],
        "Name": "Particle1",
        "LocalCFrame": {
          "position": [
            0.01269,
            -0.4004,
            -2.06812
          ],
          "rotation": [
            -0.999751,
            0.022197,
            0.002303,
            0.00367,
            0.265327,
            -0.964152,
            -0.022012,
            -0.963903,
            -0.265343
          ]
        }
      }
    },
    {
      "id": "RBX893B334960524892910C7866E9EAEFFF",
      "parent": "RBX5F9170F598274B6EB9993D601BF9C7CC",
      "class": "ParticleEmitter",
      "name": "Particles",
      "properties": {
        "Acceleration": [
          0,
          -15,
          0
        ],
        "Color": "0 1 1 1 0 1 1 1 1 0",
        "Drag": 0,
        "Enabled": false,
        "Lifetime": [
          1,
          1.5
        ],
        "LightEmission": 0,
        "LightInfluence": 1,
        "LockedToPart": false,
        "Rate": 25,
        "RotSpeed": [
          0,
          0
        ],
        "Rotation": [
          90,
          90
        ],
        "Size": "0 0.08 0 0.8 0.08 0 1 0 0",
        "Speed": [
          4,
          6
        ],
        "SpreadAngle": [
          10,
          10
        ],
        "Texture": "rbxassetid://3202767053",
        "TimeScale": 1,
        "Transparency": "0 0 0 0.9 0 0 1 1 0",
        "VelocityInheritance": 0,
        "ZOffset": 0,
        "Name": "Particles"
      }
    },
    {
      "id": "RBX4151B2B724D2491E9068FCBAA6E129A8",
      "parent": "RBX07F63778799649A39F7F9D29C22C7F2C",
      "class": "UnionOperation",
      "name": "color5",
      "properties": {
        "UsePartColor": true,
        "Anchored": false,
        "CanCollide": true,
        "CanQuery": true,
        "CanTouch": true,
        "Color3uint8": [
          0.627451,
          0.372549,
          0.207843
        ],
        "Massless": false,
        "Material": 272,
        "PivotOffset": {
          "position": [
            0,
            0,
            0
          ],
          "rotation": [
            1,
            0,
            0,
            0,
            1,
            0,
            0,
            0,
            1
          ]
        },
        "Reflectance": 0,
        "Transparency": 0,
        "size": [
          0.0672404617,
          0.74760133,
          0.094783783
        ],
        "Name": "color5",
        "LocalCFrame": {
          "position": [
            -0.12696,
            -0.9512,
            -0.76197
          ],
          "rotation": [
            0.666572,
            -0.173829,
            -0.72489,
            -0.719341,
            0.10507,
            -0.686666,
            0.195526,
            0.979155,
            -0.055006
          ]
        }
      }
    },
    {
      "id": "RBX9830151645004B0CB442DC2A098D658A",
      "parent": "RBX07F63778799649A39F7F9D29C22C7F2C",
      "class": "UnionOperation",
      "name": "color5",
      "properties": {
        "UsePartColor": true,
        "Anchored": false,
        "CanCollide": true,
        "CanQuery": true,
        "CanTouch": true,
        "Color3uint8": [
          0.627451,
          0.372549,
          0.207843
        ],
        "Massless": false,
        "Material": 272,
        "PivotOffset": {
          "position": [
            0,
            0,
            0
          ],
          "rotation": [
            1,
            0,
            0,
            0,
            1,
            0,
            0,
            0,
            1
          ]
        },
        "Reflectance": 0,
        "Transparency": 0,
        "size": [
          0.101011865,
          0.4268713,
          0.0498303063
        ],
        "Name": "color5",
        "LocalCFrame": {
          "position": [
            0.05615,
            -0.5313,
            -1.60413
          ],
          "rotation": [
            0.999438,
            -0.018992,
            -0.027642,
            -0.022939,
            0.214141,
            -0.976533,
            0.024465,
            0.976618,
            0.213585
          ]
        }
      }
    },
    {
      "id": "RBXD16A037060B94057AB5F2AAF2A891C42",
      "parent": "RBX07F63778799649A39F7F9D29C22C7F2C",
      "class": "UnionOperation",
      "name": "color5",
      "properties": {
        "UsePartColor": true,
        "Anchored": false,
        "CanCollide": true,
        "CanQuery": true,
        "CanTouch": true,
        "Color3uint8": [
          0.627451,
          0.372549,
          0.207843
        ],
        "Massless": false,
        "Material": 272,
        "PivotOffset": {
          "position": [
            0,
            0,
            0
          ],
          "rotation": [
            1,
            0,
            0,
            0,
            1,
            0,
            0,
            0,
            1
          ]
        },
        "Reflectance": 0,
        "Transparency": 0,
        "size": [
          0.193128511,
          0.958393097,
          0.129691765
        ],
        "Name": "color5",
        "LocalCFrame": {
          "position": [
            0.06396,
            -0.6387,
            -0.75977
          ],
          "rotation": [
            0.922327,
            -0.26777,
            0.278589,
            0.267696,
            -0.077142,
            -0.96041,
            0.27866,
            0.96039,
            0.000531
          ]
        }
      }
    },
    {
      "id": "RBX0893F8FC6AE0480B82F30E8F736C9C26",
      "parent": "RBX07F63778799649A39F7F9D29C22C7F2C",
      "class": "UnionOperation",
      "name": "color5",
      "properties": {
        "UsePartColor": true,
        "Anchored": false,
        "CanCollide": true,
        "CanQuery": true,
        "CanTouch": true,
        "Color3uint8": [
          0.627451,
          0.372549,
          0.207843
        ],
        "Massless": false,
        "Material": 272,
        "PivotOffset": {
          "position": [
            0,
            0,
            0
          ],
          "rotation": [
            1,
            0,
            0,
            0,
            1,
            0,
            0,
            0,
            1
          ]
        },
        "Reflectance": 0,
        "Transparency": 0,
        "size": [
          0.159674957,
          0.414373487,
          0.159429312
        ],
        "Name": "color5",
        "LocalCFrame": {
          "position": [
            0.2102,
            -0.6895,
            -1.50196
          ],
          "rotation": [
            0.303836,
            -0.314185,
            -0.899429,
            -0.838377,
            0.360272,
            -0.409061,
            0.452562,
            0.878351,
            -0.153942
          ]
        }
      }
    },
    {
      "id": "RBX97AB3F881883478A8002F4C445C1A187",
      "parent": "RBX07F63778799649A39F7F9D29C22C7F2C",
      "class": "UnionOperation",
      "name": "color5",
      "properties": {
        "UsePartColor": true,
        "Anchored": false,
        "CanCollide": true,
        "CanQuery": true,
        "CanTouch": true,
        "Color3uint8": [
          0.627451,
          0.372549,
          0.207843
        ],
        "Massless": false,
        "Material": 272,
        "PivotOffset": {
          "position": [
            0,
            0,
            0
          ],
          "rotation": [
            1,
            0,
            0,
            0,
            1,
            0,
            0,
            0,
            1
          ]
        },
        "Reflectance": 0,
        "Transparency": 0,
        "size": [
          0.231794223,
          0.372422874,
          0.230792791
        ],
        "Name": "color5",
        "LocalCFrame": {
          "position": [
            0.19018,
            -0.7481,
            -1.31446
          ],
          "rotation": [
            0.017931,
            0.249488,
            -0.968212,
            -0.466693,
            0.858493,
            0.212573,
            0.884237,
            0.448046,
            0.131828
          ]
        }
      }
    },
    {
      "id": "RBXE40AF27DD24944C4BCA7FAB702952644",
      "parent": "RBX07F63778799649A39F7F9D29C22C7F2C",
      "class": "UnionOperation",
      "name": "color5",
      "properties": {
        "UsePartColor": true,
        "Anchored": false,
        "CanCollide": true,
        "CanQuery": true,
        "CanTouch": true,
        "Color3uint8": [
          0.627451,
          0.372549,
          0.207843
        ],
        "Massless": false,
        "Material": 272,
        "PivotOffset": {
          "position": [
            0,
            0,
            0
          ],
          "rotation": [
            1,
            0,
            0,
            0,
            1,
            0,
            0,
            0,
            1
          ]
        },
        "Reflectance": 0,
        "Transparency": 0,
        "size": [
          0.209427893,
          0.871791184,
          0.223462313
        ],
        "Name": "color5",
        "LocalCFrame": {
          "position": [
            -0.13575,
            -0.9629,
            -0.91919
          ],
          "rotation": [
            0.685659,
            0.463745,
            0.561082,
            0.687674,
            -0.159909,
            -0.708191,
            -0.238698,
            0.871418,
            -0.428548
          ]
        }
      }
    },
    {
      "id": "RBXC6489D670B144B53BB826A95BCF98CA9",
      "parent": "RBX07F63778799649A39F7F9D29C22C7F2C",
      "class": "UnionOperation",
      "name": "color5",
      "properties": {
        "UsePartColor": true,
        "Anchored": false,
        "CanCollide": true,
        "CanQuery": true,
        "CanTouch": true,
        "Color3uint8": [
          0.627451,
          0.372549,
          0.207843
        ],
        "Massless": false,
        "Material": 272,
        "PivotOffset": {
          "position": [
            0,
            0,
            0
          ],
          "rotation": [
            1,
            0,
            0,
            0,
            1,
            0,
            0,
            0,
            1
          ]
        },
        "Reflectance": 0,
        "Transparency": 0,
        "size": [
          0.09340287,
          0.336072564,
          0.297804117
        ],
        "Name": "color5",
        "LocalCFrame": {
          "position": [
            -0.19117,
            -0.8321,
            -1.61854
          ],
          "rotation": [
            0.964944,
            0.18556,
            0.185611,
            0.245322,
            -0.88903,
            -0.38658,
            0.09328,
            0.418565,
            -0.90339
          ]
        }
      }
    },
    {
      "id": "RBXF415917445B8481B9D8C939AA6517B5F",
      "parent": "RBX07F63778799649A39F7F9D29C22C7F2C",
      "class": "UnionOperation",
      "name": "color5",
      "properties": {
        "UsePartColor": true,
        "Anchored": false,
        "CanCollide": true,
        "CanQuery": true,
        "CanTouch": true,
        "Color3uint8": [
          0.627451,
          0.372549,
          0.207843
        ],
        "Massless": false,
        "Material": 272,
        "PivotOffset": {
          "position": [
            0,
            0,
            0
          ],
          "rotation": [
            1,
            0,
            0,
            0,
            1,
            0,
            0,
            0,
            1
          ]
        },
        "Reflectance": 0,
        "Transparency": 0,
        "size": [
          0.157960832,
          0.723692298,
          0.23527348
        ],
        "Name": "color5",
        "LocalCFrame": {
          "position": [
            -0.17945,
            -0.8555,
            -1.48096
          ],
          "rotation": [
            0.94893,
            -0.0343,
            0.313617,
            0.3153,
            0.06889,
            -0.946488,
            0.01086,
            0.997034,
            0.076187
          ]
        }
      }
    },
    {
      "id": "RBX01C749348124491F9A60F4D455501A74",
      "parent": "RBX07F63778799649A39F7F9D29C22C7F2C",
      "class": "UnionOperation",
      "name": "color1",
      "properties": {
        "UsePartColor": true,
        "Anchored": false,
        "CanCollide": true,
        "CanQuery": true,
        "CanTouch": true,
        "Color3uint8": [
          0.627451,
          0.372549,
          0.207843
        ],
        "Massless": false,
        "Material": 272,
        "PivotOffset": {
          "position": [
            0,
            0,
            0
          ],
          "rotation": [
            1,
            0,
            0,
            0,
            1,
            0,
            0,
            0,
            1
          ]
        },
        "Reflectance": 0,
        "Transparency": 0,
        "size": [
          0.444578707,
          0.463351339,
          0.338040709
        ],
        "Name": "color1",
        "LocalCFrame": {
          "position": [
            0.01123,
            -0.4492,
            -1.89344
          ],
          "rotation": [
            -1,
            -0.000008,
            -0.000055,
            -0.000052,
            0.490333,
            0.871535,
            0.00002,
            0.871535,
            -0.490333
          ]
        }
      }
    },
    {
      "id": "RBX709787EC128D4B01BFEBF8C41AD750D4",
      "parent": "RBX07F63778799649A39F7F9D29C22C7F2C",
      "class": "UnionOperation",
      "name": "color5",
      "properties": {
        "UsePartColor": true,
        "Anchored": false,
        "CanCollide": true,
        "CanQuery": true,
        "CanTouch": true,
        "Color3uint8": [
          0.627451,
          0.372549,
          0.207843
        ],
        "Massless": false,
        "Material": 272,
        "PivotOffset": {
          "position": [
            0,
            0,
            0
          ],
          "rotation": [
            1,
            0,
            0,
            0,
            1,
            0,
            0,
            0,
            1
          ]
        },
        "Reflectance": 0,
        "Transparency": 0,
        "size": [
          0.239110559,
          1.65540743,
          0.673674107
        ],
        "Name": "color5",
        "LocalCFrame": {
          "position": [
            0.00561,
            -0.8184,
            -1.25416
          ],
          "rotation": [
            -1,
            0.000042,
            -0.000033,
            -0.000049,
            -0.47672,
            0.879055,
            0.000021,
            0.879055,
            0.476721
          ]
        }
      }
    },
    {
      "id": "RBXF5D2BED88ADF4E568A74297877F60118",
      "parent": "RBX07F63778799649A39F7F9D29C22C7F2C",
      "class": "UnionOperation",
      "name": "color5",
      "properties": {
        "UsePartColor": true,
        "Anchored": false,
        "CanCollide": true,
        "CanQuery": true,
        "CanTouch": true,
        "Color3uint8": [
          0.627451,
          0.372549,
          0.207843
        ],
        "Massless": false,
        "Material": 272,
        "PivotOffset": {
          "position": [
            0,
            0,
            0
          ],
          "rotation": [
            1,
            0,
            0,
            0,
            1,
            0,
            0,
            0,
            1
          ]
        },
        "Reflectance": 0,
        "Transparency": 0,
        "size": [
          0.564713299,
          1.92810857,
          0.60895431
        ],
        "Name": "color5",
        "LocalCFrame": {
          "position": [
            0.00537,
            -0.8047,
            -1.13074
          ],
          "rotation": [
            -1,
            0.000032,
            -0.000045,
            -0.00005,
            -0.207791,
            0.978173,
            0.000022,
            0.978173,
            0.207791
          ]
        }
      }
    },
    {
      "id": "RBX0020D05438C84838A754F38EEB11BCE9",
      "parent": "RBXF5D2BED88ADF4E568A74297877F60118",
      "class": "Motor6D",
      "name": "urethra",
      "properties": {
        "C0": {
          "position": [
            -0.000150749649,
            -0.117961615,
            -0.0386496186
          ],
          "rotation": [
            1,
            0.00000136332346,
            -3.03055458e-7,
            -0.00000122116944,
            0.95892626,
            0.283655882,
            6.73657382e-7,
            -0.283655852,
            0.95892626
          ]
        },
        "C1": {
          "position": [
            0,
            0,
            0
          ],
          "rotation": [
            1,
            0,
            0,
            0,
            1,
            0,
            0,
            0,
            1
          ]
        },
        "Enabled": true,
        "Part0": "RBXF5D2BED88ADF4E568A74297877F60118",
        "Part1": "RBX709787EC128D4B01BFEBF8C41AD750D4",
        "Name": "urethra"
      }
    },
    {
      "id": "RBX9E69F2E3C33047B4930662DB759ED8D7",
      "parent": "RBXF5D2BED88ADF4E568A74297877F60118",
      "class": "Motor6D",
      "name": "tip",
      "properties": {
        "C0": {
          "position": [
            -0.0059357672,
            -0.820115805,
            0.190118879
          ],
          "rotation": [
            1,
            0.00000207558151,
            9.18792466e-7,
            -9.50723916e-7,
            0.75062573,
            -0.660727739,
            -0.00000206473169,
            0.66072768,
            0.75062573
          ]
        },
        "C1": {
          "position": [
            0,
            0,
            0
          ],
          "rotation": [
            1,
            0,
            0,
            0,
            1,
            0,
            0,
            0,
            1
          ]
        },
        "Enabled": true,
        "Part0": "RBXF5D2BED88ADF4E568A74297877F60118",
        "Part1": "RBX01C749348124491F9A60F4D455501A74",
        "Name": "tip"
      }
    },
    {
      "id": "RBXFDFCC335EA814636A08390F0E4FAFA49",
      "parent": "RBXF5D2BED88ADF4E568A74297877F60118",
      "class": "Motor6D",
      "name": "Union",
      "properties": {
        "C0": {
          "position": [
            -0.204812229,
            -0.387238175,
            0.0362823829
          ],
          "rotation": [
            -0.303783685,
            0.31418559,
            0.899445951,
            0.616900623,
            0.784308553,
            -0.0656115264,
            -0.726053238,
            0.534935832,
            -0.432079792
          ]
        },
        "C1": {
          "position": [
            0,
            0,
            0
          ],
          "rotation": [
            1,
            0,
            0,
            0,
            1,
            0,
            0,
            0,
            1
          ]
        },
        "Enabled": true,
        "Part0": "RBXF5D2BED88ADF4E568A74297877F60118",
        "Part1": "RBX0893F8FC6AE0480B82F30E8F736C9C26",
        "Name": "Union"
      }
    },
    {
      "id": "RBX50CA85856D9D4216BA3A8645767944F1",
      "parent": "RBXF5D2BED88ADF4E568A74297877F60118",
      "class": "Motor6D",
      "name": "Union",
      "properties": {
        "C0": {
          "position": [
            0.184819087,
            -0.331913054,
            -0.122704335
          ],
          "rotation": [
            -0.948945522,
            0.0343185924,
            -0.313567549,
            -0.0548634455,
            0.960956752,
            0.271205038,
            0.310632259,
            0.27456221,
            -0.910012782
          ]
        },
        "C1": {
          "position": [
            0,
            0,
            0
          ],
          "rotation": [
            1,
            0,
            0,
            0,
            1,
            0,
            0,
            0,
            1
          ]
        },
        "Enabled": true,
        "Part0": "RBXF5D2BED88ADF4E568A74297877F60118",
        "Part1": "RBXF415917445B8481B9D8C939AA6517B5F",
        "Name": "Union"
      }
    },
    {
      "id": "RBXC1E006F69C254E5C9CAFDF7338888AB5",
      "parent": "RBXF5D2BED88ADF4E568A74297877F60118",
      "class": "Motor6D",
      "name": "Union",
      "properties": {
        "C0": {
          "position": [
            0.141214743,
            0.239767328,
            -0.110757418
          ],
          "rotation": [
            -0.685698569,
            -0.46371761,
            -0.561055541,
            -0.376358211,
            0.885640562,
            -0.272020817,
            0.623034537,
            0.0246336069,
            -0.781806469
          ]
        },
        "C1": {
          "position": [
            0,
            0,
            0
          ],
          "rotation": [
            1,
            0,
            0,
            0,
            1,
            0,
            0,
            0,
            1
          ]
        },
        "Enabled": true,
        "Part0": "RBXF5D2BED88ADF4E568A74297877F60118",
        "Part1": "RBXE40AF27DD24944C4BCA7FAB702952644",
        "Name": "Union"
      }
    },
    {
      "id": "RBX16D3480233A7435A9CA9E5423E769B10",
      "parent": "RBXF5D2BED88ADF4E568A74297877F60118",
      "class": "Motor6D",
      "name": "Union",
      "properties": {
        "C0": {
          "position": [
            -0.191847801,
            -0.192092732,
            0.0160147976
          ],
          "rotation": [
            -0.0178767499,
            -0.24951078,
            0.968206942,
            0.961916268,
            0.259879798,
            0.0847326368,
            -0.27275908,
            0.93284893,
            0.235362619
          ]
        },
        "C1": {
          "position": [
            0.0000610490824,
            0.0000152691355,
            -0.00716400193
          ],
          "rotation": [
            1,
            -0.00000938776429,
            -0.0000145582053,
            0.00000938760786,
            1,
            -0.000010739971,
            0.0000145583053,
            0.0000107398346,
            1
          ]
        },
        "Enabled": true,
        "Part0": "RBXF5D2BED88ADF4E568A74297877F60118",
        "Part1": "RBX97AB3F881883478A8002F4C445C1A187",
        "Name": "Union"
      }
    },
    {
      "id": "RBXCAD85905FA7B42C6876E1BE299B867BC",
      "parent": "RBXF5D2BED88ADF4E568A74297877F60118",
      "class": "Motor6D",
      "name": "Union",
      "properties": {
        "C0": {
          "position": [
            -0.0585097075,
            0.328332722,
            0.239867404
          ],
          "rotation": [
            -0.922334492,
            0.267795175,
            -0.278540492,
            0.216982558,
            0.955448329,
            0.200092822,
            0.319714934,
            0.124114089,
            -0.93934989
          ]
        },
        "C1": {
          "position": [
            0,
            0,
            0
          ],
          "rotation": [
            1,
            0,
            0,
            0,
            1,
            0,
            0,
            0,
            1
          ]
        },
        "Enabled": true,
        "Part0": "RBXF5D2BED88ADF4E568A74297877F60118",
        "Part1": "RBXD16A037060B94057AB5F2AAF2A891C42",
        "Name": "Union"
      }
    },
    {
      "id": "RBXD6196C3EEDF24ED99DE5A0855D0218A0",
      "parent": "RBXF5D2BED88ADF4E568A74297877F60118",
      "class": "Motor6D",
      "name": "Union",
      "properties": {
        "C0": {
          "position": [
            0.196577579,
            -0.471695662,
            -0.127200902
          ],
          "rotation": [
            -0.964953959,
            -0.185506433,
            -0.185611039,
            0.040298935,
            0.594166815,
            -0.803338349,
            0.259307563,
            -0.782660186,
            -0.565866709
          ]
        },
        "C1": {
          "position": [
            0,
            0,
            0
          ],
          "rotation": [
            1,
            0,
            0,
            0,
            1,
            0,
            0,
            0,
            1
          ]
        },
        "Enabled": true,
        "Part0": "RBXF5D2BED88ADF4E568A74297877F60118",
        "Part1": "RBXC6489D670B144B53BB826A95BCF98CA9",
        "Name": "Union"
      }
    },
    {
      "id": "RBXCE5D0CD401764F20A63FB0D36FE41743",
      "parent": "RBX07F63778799649A39F7F9D29C22C7F2C",
      "class": "UnionOperation",
      "name": "cum",
      "properties": {
        "UsePartColor": true,
        "Anchored": false,
        "CanCollide": true,
        "CanQuery": true,
        "CanTouch": true,
        "Color3uint8": [
          0.968627,
          0.972549,
          0.8
        ],
        "Massless": false,
        "Material": 1568,
        "PivotOffset": {
          "position": [
            0,
            0,
            0
          ],
          "rotation": [
            1,
            0,
            0,
            0,
            1,
            0,
            0,
            0,
            1
          ]
        },
        "Reflectance": 0,
        "Transparency": 0.100000001,
        "size": [
          0.564713299,
          1.45937252,
          0.522953331
        ],
        "Name": "cum",
        "LocalCFrame": {
          "position": [
            0.00537,
            -0.7715,
            -1.35108
          ],
          "rotation": [
            -1,
            0.000041,
            -0.00004,
            -0.000048,
            -0.207784,
            0.978175,
            0.000032,
            0.978175,
            0.207784
          ]
        }
      }
    },
    {
      "id": "RBX6A2393F4B27E42C3B4B40DE240FA3874",
      "parent": "RBXCE5D0CD401764F20A63FB0D36FE41743",
      "class": "Motor6D",
      "name": "urethra",
      "properties": {
        "C0": {
          "position": [
            -0.000165085788,
            0.104396038,
            -0.0248293094
          ],
          "rotation": [
            1,
            0.00000934723539,
            0.00000698651365,
            -0.0000109451003,
            0.958924294,
            0.2836622,
            -0.00000404807997,
            -0.28366217,
            0.958924353
          ]
        },
        "C1": {
          "position": [
            0,
            0,
            0
          ],
          "rotation": [
            1,
            0,
            0,
            0,
            1,
            0,
            0,
            0,
            1
          ]
        },
        "Enabled": true,
        "Part0": "RBXCE5D0CD401764F20A63FB0D36FE41743",
        "Part1": "RBX709787EC128D4B01BFEBF8C41AD750D4",
        "Name": "urethra"
      }
    },
    {
      "id": "RBX989F257E3BCF4446B8401A2E4F50C661",
      "parent": "RBXCE5D0CD401764F20A63FB0D36FE41743",
      "class": "Motor6D",
      "name": "tip",
      "properties": {
        "C0": {
          "position": [
            -0.00596585032,
            -0.597809017,
            0.203953698
          ],
          "rotation": [
            1,
            0.0000129505643,
            -0.00000115543344,
            -0.0000104851124,
            0.750682294,
            -0.660663366,
            -0.000007688599,
            0.660663307,
            0.750682294
          ]
        },
        "C1": {
          "position": [
            0,
            0,
            0
          ],
          "rotation": [
            1,
            0,
            0,
            0,
            1,
            0,
            0,
            0,
            1
          ]
        },
        "Enabled": true,
        "Part0": "RBXCE5D0CD401764F20A63FB0D36FE41743",
        "Part1": "RBX01C749348124491F9A60F4D455501A74",
        "Name": "tip"
      }
    },
    {
      "id": "RBX4C731A6D81454C18B12E9347FCC7CADE",
      "parent": "RBXCE5D0CD401764F20A63FB0D36FE41743",
      "class": "Motor6D",
      "name": "Union",
      "properties": {
        "C0": {
          "position": [
            -0.204837933,
            -0.164879829,
            0.05010508
          ],
          "rotation": [
            -0.303761035,
            0.314190626,
            0.899451792,
            0.616913497,
            0.784290612,
            -0.0656205118,
            -0.726048946,
            0.534951031,
            -0.432065278
          ]
        },
        "C1": {
          "position": [
            0,
            0,
            0
          ],
          "rotation": [
            1,
            0,
            0,
            0,
            1,
            0,
            0,
            0,
            1
          ]
        },
        "Enabled": true,
        "Part0": "RBXCE5D0CD401764F20A63FB0D36FE41743",
        "Part1": "RBX0893F8FC6AE0480B82F30E8F736C9C26",
        "Name": "Union"
      }
    },
    {
      "id": "RBX843D9E126A9D47939D2F1924ADCAE20C",
      "parent": "RBXCE5D0CD401764F20A63FB0D36FE41743",
      "class": "Motor6D",
      "name": "Union",
      "properties": {
        "C0": {
          "position": [
            0.18479532,
            -0.109559953,
            -0.108890168
          ],
          "rotation": [
            -0.948942065,
            0.0343265012,
            -0.313577503,
            -0.0548438206,
            0.960969985,
            0.271162122,
            0.310646623,
            0.274514914,
            -0.91002214
          ]
        },
        "C1": {
          "position": [
            0,
            0,
            0
          ],
          "rotation": [
            1,
            0,
            0,
            0,
            1,
            0,
            0,
            0,
            1
          ]
        },
        "Enabled": true,
        "Part0": "RBXCE5D0CD401764F20A63FB0D36FE41743",
        "Part1": "RBXF415917445B8481B9D8C939AA6517B5F",
        "Name": "Union"
      }
    },
    {
      "id": "RBXC7DA7D1042E541B0BC4935D84A8C8B2E",
      "parent": "RBXCE5D0CD401764F20A63FB0D36FE41743",
      "class": "Motor6D",
      "name": "Union",
      "properties": {
        "C0": {
          "position": [
            0.141197205,
            0.462198585,
            -0.0969533026
          ],
          "rotation": [
            -0.68568635,
            -0.463704348,
            -0.561081588,
            -0.376356721,
            0.88564682,
            -0.272002548,
            0.623048842,
            0.024658395,
            -0.78179419
          ]
        },
        "C1": {
          "position": [
            0,
            0,
            0
          ],
          "rotation": [
            1,
            0,
            0,
            0,
            1,
            0,
            0,
            0,
            1
          ]
        },
        "Enabled": true,
        "Part0": "RBXCE5D0CD401764F20A63FB0D36FE41743",
        "Part1": "RBXE40AF27DD24944C4BCA7FAB702952644",
        "Name": "Union"
      }
    },
    {
      "id": "RBX5373BD8BA4C345CAA1A3EC6D3B548EE1",
      "parent": "RBXCE5D0CD401764F20A63FB0D36FE41743",
      "class": "Motor6D",
      "name": "Union",
      "properties": {
        "C0": {
          "position": [
            -0.191871256,
            0.0302906409,
            0.0298331045
          ],
          "rotation": [
            -0.0178637225,
            -0.249495685,
            0.968211174,
            0.961917996,
            0.259879291,
            0.0847152025,
            -0.272754133,
            0.932852983,
            0.235351965
          ]
        },
        "C1": {
          "position": [
            0.0000610490824,
            0.0000152691355,
            -0.00716400193
          ],
          "rotation": [
            1,
            -0.00000938776429,
            -0.0000145582053,
            0.00000938760786,
            1,
            -0.000010739971,
            0.0000145583053,
