{
  "format": "overlay_json_v1",
  "kind": "morph_bundle",
  "version": 1,
  "asset_id": "morph_2484-chasity-locked",
  "name": "Chasity Locked",
  "source_file": "2484-chasity-locked.rbxmx",
  "anchor": "Head",
  "anchor_candidates": [
    "Head",
    "UpperTorso",
    "Torso",
    "HumanoidRootPart"
  ],
  "jiggle": false,
  "root_cframe": {
    "position": [
      4222.79785,
      7.42753506,
      3109.37305
    ],
    "rotation": [
      -0.991138995,
      -2.95620506e-8,
      0.132828817,
      -3.01345544e-8,
      1,
      -2.29982167e-9,
      -0.132828817,
      -6.28218011e-9,
      -0.991138995
    ]
  },
  "class_counts": {
    "Folder": 1,
    "Model": 3,
    "Part": 12,
    "Weld": 23,
    "UnionOperation": 3,
    "MeshPart": 8,
    "SpecialMesh": 3,
    "Attachment": 4,
    "ParticleEmitter": 8
  },
  "nodes": [
    {
      "id": "RBX005A648159184B3A8545713D756BB075",
      "parent": null,
      "class": "Folder",
      "name": "Chasity Locked",
      "properties": {
        "Name": "Chasity Locked"
      }
    },
    {
      "id": "RBXBE24F6BB9E3E40E1BA3D9A88314BE4D5",
      "parent": "RBX005A648159184B3A8545713D756BB075",
      "class": "Model",
      "name": "Orbs",
      "properties": {
        "PrimaryPart": null,
        "Name": "Orbs"
      }
    },
    {
      "id": "RBX0E5E79253421466EBEA6F41200067616",
      "parent": "RBXBE24F6BB9E3E40E1BA3D9A88314BE4D5",
      "class": "Part",
      "name": "M6DOrbs",
      "properties": {
        "shape": 1,
        "Anchored": false,
        "CanCollide": false,
        "CanQuery": true,
        "CanTouch": true,
        "Color3uint8": [
          1,
          0,
          0
        ],
        "Massless": false,
        "Material": 272,
        "PivotOffset": {
          "position": [
            0,
            0,
            0
          ],
          "rotation": [
            1,
            0,
            0,
            0,
            1,
            0,
            0,
            0,
            1
          ]
        },
        "Reflectance": 0,
        "Transparency": 1,
        "size": [
          0.200000003,
          0.200000003,
          0.200000003
        ],
        "Name": "M6DOrbs",
        "LocalCFrame": {
          "position": [
            0.000499,
            -1.000102,
            -0.499856
          ],
          "rotation": [
            1,
            0,
            0,
            0,
            1,
            0,
            0,
            0,
            1
          ]
        }
      }
    },
    {
      "id": "RBXE768EF01DCC741AD938AE5636BE313F2",
      "parent": "RBX0E5E79253421466EBEA6F41200067616",
      "class": "Weld",
      "name": "Weld",
      "properties": {
        "C0": {
          "position": [
            0,
            0,
            0
          ],
          "rotation": [
            1,
            0,
            0,
            0,
            1,
            0,
            0,
            0,
            1
          ]
        },
        "C1": {
          "position": [
            0,
            0,
            0
          ],
          "rotation": [
            1,
            0,
            0,
            0,
            1,
            0,
            0,
            0,
            1
          ]
        },
        "Enabled": true,
        "Part0": "RBX0E5E79253421466EBEA6F41200067616",
        "Part1": "RBX0E5E79253421466EBEA6F41200067616",
        "Name": "Weld"
      }
    },
    {
      "id": "RBX57293BA8590C42009E6DFCAEB4F24980",
      "parent": "RBX0E5E79253421466EBEA6F41200067616",
      "class": "Weld",
      "name": "Weld",
      "properties": {
        "C0": {
          "position": [
            0,
            0,
            0
          ],
          "rotation": [
            1,
            0,
            0,
            0,
            1,
            0,
            0,
            0,
            1
          ]
        },
        "C1": {
          "position": [
            0.00587138627,
            0.29799372,
            -0.00155828253
          ],
          "rotation": [
            -1,
            0,
            0,
            0,
            1,
            0,
            0,
            0,
            -1
          ]
        },
        "Enabled": true,
        "Part0": "RBX0E5E79253421466EBEA6F41200067616",
        "Part1": "RBX144095B5AC934EC6928AD44D6E4C3B8A",
        "Name": "Weld"
      }
    },
    {
      "id": "RBX144095B5AC934EC6928AD44D6E4C3B8A",
      "parent": "RBXBE24F6BB9E3E40E1BA3D9A88314BE4D5",
      "class": "UnionOperation",
      "name": "color5",
      "properties": {
        "UsePartColor": true,
        "Anchored": false,
        "CanCollide": false,
        "CanQuery": true,
        "CanTouch": true,
        "Color3uint8": [
          1,
          1,
          0.8
        ],
        "Massless": false,
        "Material": 272,
        "PivotOffset": {
          "position": [
            0,
            0,
            0
          ],
          "rotation": [
            1,
            0,
            0,
            0,
            1,
            0,
            0,
            0,
            1
          ]
        },
        "Reflectance": 0,
        "Transparency": 0,
        "size": [
          0.67846781,
          0.855896175,
          0.647535026
        ],
        "Name": "color5",
        "LocalCFrame": {
          "position": [
            0.00621,
            -1.298095,
            -0.501357
          ],
          "rotation": [
            -1,
            0,
            0,
            0,
            1,
            0,
            0,
            0,
            -1
          ]
        }
      }
    },
    {
      "id": "RBXA946A3FF28C34C43A04ECBAD21732E34",
      "parent": "RBX005A648159184B3A8545713D756BB075",
      "class": "Model",
      "name": "Rod",
      "properties": {
        "PrimaryPart": null,
        "Name": "Rod"
      }
    },
    {
      "id": "RBX1F66595C0A0243B3852603CF2114F7DA",
      "parent": "RBXA946A3FF28C34C43A04ECBAD21732E34",
      "class": "Part",
      "name": "M6DRod",
      "properties": {
        "shape": 1,
        "Anchored": false,
        "CanCollide": false,
        "CanQuery": true,
        "CanTouch": true,
        "Color3uint8": [
          1,
          0,
          0
        ],
        "Massless": false,
        "Material": 272,
        "PivotOffset": {
          "position": [
            0,
            0,
            0
          ],
          "rotation": [
            1,
            0,
            0,
            0,
            1,
            0,
            0,
            0,
            1
          ]
        },
        "Reflectance": 0,
        "Transparency": 1,
        "size": [
          0.177276984,
          0.177276984,
          0.177276984
        ],
        "Name": "M6DRod",
        "LocalCFrame": {
          "position": [
            0.000014,
            -0.999947,
            -0.49979
          ],
          "rotation": [
            1,
            0,
            0,
            0,
            1,
            0,
            0,
            0,
            1
          ]
        }
      }
    },
    {
      "id": "RBX13C967D9A2384155BD0930D6E686AFE5",
      "parent": "RBX1F66595C0A0243B3852603CF2114F7DA",
      "class": "Weld",
      "name": "Weld",
      "properties": {
        "C0": {
          "position": [
            0,
            0,
            0
          ],
          "rotation": [
            0.999778152,
            0.000370806665,
            0.0210588463,
            0.0000255530322,
            0.999822915,
            -0.0188181419,
            -0.0210620947,
            0.018814506,
            0.999601126
          ]
        },
        "C1": {
          "position": [
            0,
            0,
            0
          ],
          "rotation": [
            0.999778152,
            0.000370806665,
            0.0210588463,
            0.0000255530322,
            0.999822915,
            -0.0188181419,
            -0.0210620947,
            0.018814506,
            0.999601126
          ]
        },
        "Enabled": true,
        "Part0": "RBX1F66595C0A0243B3852603CF2114F7DA",
        "Part1": "RBX1F66595C0A0243B3852603CF2114F7DA",
        "Name": "Weld"
      }
    },
    {
      "id": "RBX680B28B75A7A48AE9BF90D0264BF8BF1",
      "parent": "RBX1F66595C0A0243B3852603CF2114F7DA",
      "class": "Weld",
      "name": "Weld",
      "properties": {
        "C0": {
          "position": [
            0,
            0,
            0
          ],
          "rotation": [
            0.999778152,
            0.000370806665,
            0.0210588463,
            0.0000255530322,
            0.999822915,
            -0.0188181419,
            -0.0210620947,
            0.018814506,
            0.999601126
          ]
        },
        "C1": {
          "position": [
            -0.00194449001,
            -0.130010068,
            -0.251109958
          ],
          "rotation": [
            -0.999696732,
            0.000336519442,
            -0.0246180445,
            0.0170143843,
            0.732163072,
            -0.680916846,
            0.0177952796,
            -0.681129277,
            -0.731946826
          ]
        },
        "Enabled": true,
        "Part0": "RBX1F66595C0A0243B3852603CF2114F7DA",
        "Part1": "RBX5863C91E0E474F668305CCB9222A1B88",
        "Name": "Weld"
      }
    },
    {
      "id": "RBX0EE803ECF6DB4E23A7870266042DC2E1",
      "parent": "RBX1F66595C0A0243B3852603CF2114F7DA",
      "class": "Weld",
      "name": "Weld",
      "properties": {
        "C0": {
          "position": [
            0,
            0,
            0
          ],
          "rotation": [
            0.999778152,
            0.000370806665,
            0.0210588463,
            0.0000255530322,
            0.999822915,
            -0.0188181419,
            -0.0210620947,
            0.018814506,
            0.999601126
          ]
        },
        "C1": {
          "position": [
            -0.00216601416,
            0.00831946358,
            -0.16048196
          ],
          "rotation": [
            -0.999696255,
            0.000179366441,
            -0.0246482678,
            0.00292315404,
            0.99377954,
            -0.111326903,
            0.0244749747,
            -0.111365125,
            -0.993478179
          ]
        },
        "Enabled": true,
        "Part0": "RBX1F66595C0A0243B3852603CF2114F7DA",
        "Part1": "RBXF4DBF050A069467B8A996BC8902CCD50",
        "Name": "Weld"
      }
    },
    {
      "id": "RBX61AFC0F8B9E24224A91EB1916546AE7E",
      "parent": "RBX1F66595C0A0243B3852603CF2114F7DA",
      "class": "Weld",
      "name": "Weld",
      "properties": {
        "C0": {
          "position": [
            0,
            0,
            0
          ],
          "rotation": [
            0.999778152,
            0.000370806665,
            0.0210588463,
            0.0000255530322,
            0.999822915,
            -0.0188181419,
            -0.0210620947,
            0.018814506,
            0.999601126
          ]
        },
        "C1": {
          "position": [
            -0.0885850564,
            -0.441719204,
            0.00628267182
          ],
          "rotation": [
            -0.0220010281,
            -0.927884698,
            0.372218311,
            0.0381492078,
            -0.372816563,
            -0.927120805,
            0.999030054,
            -0.00619763136,
            0.0436000824
          ]
        },
        "Enabled": true,
        "Part0": "RBX1F66595C0A0243B3852603CF2114F7DA",
        "Part1": "RBXEC600B091EAA4EF6A2A303CB75660289",
        "Name": "Weld"
      }
    },
    {
      "id": "RBX3D82FB381EC74FD7954909A3C4B44557",
      "parent": "RBX1F66595C0A0243B3852603CF2114F7DA",
      "class": "Weld",
      "name": "Weld",
      "properties": {
        "C0": {
          "position": [
            0,
            0,
            0
          ],
          "rotation": [
            0.999778152,
            0.000370806665,
            0.0210588463,
            0.0000255530322,
            0.999822915,
            -0.0188181419,
            -0.0210620947,
            0.018814506,
            0.999601126
          ]
        },
        "C1": {
          "position": [
            0.00731029781,
            -0.333270818,
            -0.315967321
          ],
          "rotation": [
            -1,
            0,
            0,
            0,
            0.148579061,
            -0.988900542,
            0,
            -0.988900542,
            -0.148579121
          ]
        },
        "Enabled": true,
        "Part0": "RBX1F66595C0A0243B3852603CF2114F7DA",
        "Part1": "RBXF167942FEEC148FD966AAA928ED1D024",
        "Name": "Weld"
      }
    },
    {
      "id": "RBX4DDCD9F84065407A87CF5123353BDBA5",
      "parent": "RBX1F66595C0A0243B3852603CF2114F7DA",
      "class": "Weld",
      "name": "Weld",
      "properties": {
        "C0": {
          "position": [
            0,
            0,
            0
          ],
          "rotation": [
            0.999778152,
            0.000370806665,
            0.0210588463,
            0.0000255530322,
            0.999822915,
            -0.0188181419,
            -0.0210620947,
            0.018814506,
            0.999601126
          ]
        },
        "C1": {
          "position": [
            -0.000898403581,
            0.0162174162,
            0.0644881502
          ],
          "rotation": [
            1,
            0,
            0,
            0,
            1,
            0,
            0,
            0,
            1
          ]
        },
        "Enabled": true,
        "Part0": "RBX1F66595C0A0243B3852603CF2114F7DA",
        "Part1": "RBX5CF58B0A345143239D3E429D0A8F6F31",
        "Name": "Weld"
      }
    },
    {
      "id": "RBX9AD0DF497B184284B2EF9A8398FC8E49",
      "parent": "RBX1F66595C0A0243B3852603CF2114F7DA",
      "class": "Weld",
      "name": "Weld",
      "properties": {
        "C0": {
          "position": [
            0,
            0,
            0
          ],
          "rotation": [
            0.999778152,
            0.000370806665,
            0.0210588463,
            0.0000255530322,
            0.999822915,
            -0.0188181419,
            -0.0210620947,
            0.018814506,
            0.999601126
          ]
        },
        "C1": {
          "position": [
            -0.00167373824,
            -0.00575962849,
            0.142907709
          ],
          "rotation": [
            1,
            0,
            0,
            0,
            0.984812498,
            -0.173621148,
            0,
            0.173621148,
            0.984812498
          ]
        },
        "Enabled": true,
        "Part0": "RBX1F66595C0A0243B3852603CF2114F7DA",
        "Part1": "RBX62F8DD9F1FEF4693A2C70A3810F45D6D",
        "Name": "Weld"
      }
    },
    {
      "id": "RBX7A350246C6394833826C0C921BB96F44",
      "parent": "RBX1F66595C0A0243B3852603CF2114F7DA",
      "class": "Weld",
      "name": "Weld",
      "properties": {
        "C0": {
          "position": [
            0,
            0,
            0
          ],
          "rotation": [
            0.999778152,
            0.000370806665,
            0.0210588463,
            0.0000255530322,
            0.999822915,
            -0.0188181419,
            -0.0210620947,
            0.018814506,
            0.999601126
          ]
        },
        "C1": {
          "position": [
            -0.00168604509,
            -0.0389390253,
            0.212909341
          ],
          "rotation": [
            1,
            0,
            0,
            0,
            0.939700544,
            -0.341998369,
            0,
            0.341998369,
            0.939700544
          ]
        },
        "Enabled": true,
        "Part0": "RBX1F66595C0A0243B3852603CF2114F7DA",
        "Part1": "RBXD9A2682D4DF94B13A3D63C187A026649",
        "Name": "Weld"
      }
    },
    {
      "id": "RBXF160B3868468446F980A74DF9A5548CA",
      "parent": "RBX1F66595C0A0243B3852603CF2114F7DA",
      "class": "Weld",
      "name": "Weld",
      "properties": {
        "C0": {
          "position": [
            0,
            0,
            0
          ],
          "rotation": [
            0.999778152,
            0.000370806665,
            0.0210588463,
            0.0000255530322,
            0.999822915,
            -0.0188181419,
            -0.0210620947,
            0.018814506,
            0.999601126
          ]
        },
        "C1": {
          "position": [
            -0.00168604509,
            -0.074358277,
            0.281237245
          ],
          "rotation": [
            1,
            0,
            0,
            0,
            0.866007268,
            -0.500031412,
            0,
            0.500031412,
            0.866007268
          ]
        },
        "Enabled": true,
        "Part0": "RBX1F66595C0A0243B3852603CF2114F7DA",
        "Part1": "RBXF3F197127EC44069B2813D7E1AE85FE2",
        "Name": "Weld"
      }
    },
    {
      "id": "RBX48371238F8E64CA7B5C1D0A6D1DD6ADE",
      "parent": "RBX1F66595C0A0243B3852603CF2114F7DA",
      "class": "Weld",
      "name": "Weld",
      "properties": {
        "C0": {
          "position": [
            0,
            0,
            0
          ],
          "rotation": [
            0.999778152,
            0.000370806665,
            0.0210588463,
            0.0000255530322,
            0.999822915,
            -0.0188181419,
            -0.0210620947,
            0.018814506,
            0.999601126
          ]
        },
        "C1": {
          "position": [
            -0.00167373824,
            -0.111155905,
            0.329234153
          ],
          "rotation": [
            1,
            0,
            0,
            0,
            0.763990164,
            -0.645227909,
            0,
            0.645227909,
            0.763990164
          ]
        },
        "Enabled": true,
        "Part0": "RBX1F66595C0A0243B3852603CF2114F7DA",
        "Part1": "RBX818CAAD97BE74631A67705A287357BD0",
        "Name": "Weld"
      }
    },
    {
      "id": "RBX0FBEE9478389469BA193A59EBC85077E",
      "parent": "RBX1F66595C0A0243B3852603CF2114F7DA",
      "class": "Weld",
      "name": "Weld",
      "properties": {
        "C0": {
          "position": [
            0,
            0,
            0
          ],
          "rotation": [
            0.999778152,
            0.000370806665,
            0.0210588463,
            0.0000255530322,
            0.999822915,
            -0.0188181419,
            -0.0210620947,
            0.018814506,
            0.999601126
          ]
        },
        "C1": {
          "position": [
            0.00103377947,
            -0.207691222,
            0.351337343
          ],
          "rotation": [
            1,
            0,
            0,
            0,
            0.536141217,
            -0.844128311,
            0,
            0.844128311,
            0.536141217
          ]
        },
        "Enabled": true,
        "Part0": "RBX1F66595C0A0243B3852603CF2114F7DA",
        "Part1": "RBX4955FAEF6B784B7AA24CC6DC36DFED83",
        "Name": "Weld"
      }
    },
    {
      "id": "RBX38E7E970B7C34ED3BCB8D6B25723497F",
      "parent": "RBX1F66595C0A0243B3852603CF2114F7DA",
      "class": "Weld",
      "name": "Weld",
      "properties": {
        "C0": {
          "position": [
            0,
            0,
            0
          ],
          "rotation": [
            0.999778152,
            0.000370806665,
            0.0210588463,
            0.0000255530322,
            0.999822915,
            -0.0188181419,
            -0.0210620947,
            0.018814506,
            0.999601126
          ]
        },
        "C1": {
          "position": [
            -0.00332286255,
            0.0301457476,
            -0.0229400583
          ],
          "rotation": [
            1,
            0,
            0,
            0,
            1,
            0,
            0,
            0,
            1
          ]
        },
        "Enabled": true,
        "Part0": "RBX1F66595C0A0243B3852603CF2114F7DA",
        "Part1": "RBX58A87CFBEEEB4C3498210FA11D47362E",
        "Name": "Weld"
      }
    },
    {
      "id": "RBXE4B5C54E884F4DDAB1D4C610F365E6CA",
      "parent": "RBX1F66595C0A0243B3852603CF2114F7DA",
      "class": "Weld",
      "name": "Weld",
      "properties": {
        "C0": {
          "position": [
            0,
            0,
            0
          ],
          "rotation": [
            0.999778152,
            0.000370806665,
            0.0210588463,
            0.0000255530322,
            0.999822915,
            -0.0188181419,
            -0.0210620947,
            0.018814506,
            0.999601126
          ]
        },
        "C1": {
          "position": [
            -0.0521320216,
            -0.0701000914,
            0.143744573
          ],
          "rotation": [
            -0.00133943558,
            -0.00354024861,
            -0.999992847,
            -0.00000237091444,
            0.999993742,
            -0.00354024861,
            0.999999166,
            -0.00000237091444,
            -0.00133943558
          ]
        },
        "Enabled": true,
        "Part0": "RBX1F66595C0A0243B3852603CF2114F7DA",
        "Part1": "RBX7C778D3F24AE4EF781A3FF5C333B2B12",
        "Name": "Weld"
      }
    },
    {
      "id": "RBX736A3F8F9B2E4853B25EDE8CB78920B6",
      "parent": "RBX1F66595C0A0243B3852603CF2114F7DA",
      "class": "Weld",
      "name": "Weld",
      "properties": {
        "C0": {
          "position": [
            0,
            0,
            0
          ],
          "rotation": [
            0.999778152,
            0.000370806665,
            0.0210588463,
            0.0000255530322,
            0.999822915,
            -0.0188181419,
            -0.0210620947,
            0.018814506,
            0.999601126
          ]
        },
        "C1": {
          "position": [
            0.0520827956,
            -0.0701062456,
            0.158057496
          ],
          "rotation": [
            0.00133937597,
            0.00354024861,
            0.999992847,
            -0.00000237091444,
            0.999993742,
            -0.00354024861,
            -0.999999166,
            0.00000237091444,
            0.00133937597
          ]
        },
        "Enabled": true,
        "Part0": "RBX1F66595C0A0243B3852603CF2114F7DA",
        "Part1": "RBX56CB285E1CE6457081C656CBB7D5D779",
        "Name": "Weld"
      }
    },
    {
      "id": "RBXE24597DD63C843FC8D30E4BC2C72FF3F",
      "parent": "RBX1F66595C0A0243B3852603CF2114F7DA",
      "class": "Weld",
      "name": "Weld",
      "properties": {
        "C0": {
          "position": [
            0,
            0,
            0
          ],
          "rotation": [
            0.999778152,
            0.000370806665,
            0.0210588463,
            0.0000255530322,
            0.999822915,
            -0.0188181419,
            -0.0210620947,
            0.018814506,
            0.999601126
          ]
        },
        "C1": {
          "position": [
            -0.0528212078,
            0.081623964,
            0.18032068
          ],
          "rotation": [
            -0.00134432316,
            -0.00353269279,
            -0.999992788,
            0.372006416,
            0.928222477,
            -0.0037792325,
            0.928229153,
            -0.37200886,
            0.0000663995743
          ]
        },
        "Enabled": true,
        "Part0": "RBX1F66595C0A0243B3852603CF2114F7DA",
        "Part1": "RBXE1EE7E94441A4ACA92ACFA010AE08B81",
        "Name": "Weld"
      }
    },
    {
      "id": "RBXA72643AEADA84206A324945B18B65246",
      "parent": "RBX1F66595C0A0243B3852603CF2114F7DA",
      "class": "Weld",
      "name": "Weld",
      "properties": {
        "C0": {
          "position": [
            0,
            0,
            0
          ],
          "rotation": [
            0.999778152,
            0.000370806665,
            0.0210588463,
            0.0000255530322,
            0.999822915,
            -0.0188181419,
            -0.0210620947,
            0.018814506,
            0.999601126
          ]
        },
        "C1": {
          "position": [
            0.181502134,
            0.0210524891,
            0.0532642566
          ],
          "rotation": [
            0.928229511,
            -0.372008055,
            0.0000250778394,
            0.372005492,
            0.928222835,
            -0.00377545087,
            0.00138121995,
            0.00351381395,
            0.999992847
          ]
        },
        "Enabled": true,
        "Part0": "RBX1F66595C0A0243B3852603CF2114F7DA",
        "Part1": "RBXC63CBE9021D443B88AAC228E39BB20F6",
        "Name": "Weld"
      }
    },
    {
      "id": "RBXD0F0CEBE924443F88EF822C4D26D0A47",
      "parent": "RBX1F66595C0A0243B3852603CF2114F7DA",
      "class": "Weld",
      "name": "Weld",
      "properties": {
        "C0": {
          "position": [
            0,
            0,
            0
          ],
          "rotation": [
            0.999778152,
            0.000370806665,
            0.0210588463,
            0.0000255530322,
            0.999822915,
            -0.0188181419,
            -0.0210620947,
            0.018814506,
            0.999601126
          ]
        },
        "C1": {
          "position": [
            0.00323671428,
            -0.337578237,
            0.366991699
          ],
          "rotation": [
            -0.9996984,
            0.00343248434,
            -0.0243317299,
            -0.00330010103,
            -0.999979854,
            -0.00547883287,
            -0.0243500397,
            -0.00539688114,
            0.999688923
          ]
        },
        "Enabled": true,
        "Part0": "RBX1F66595C0A0243B3852603CF2114F7DA",
        "Part1": "RBXD98C81E913824A77BE69128B415C03E4",
        "Name": "Weld"
      }
    },
    {
      "id": "RBXC51D98D52D364DC29F778A20E0C5B56C",
      "parent": "RBX1F66595C0A0243B3852603CF2114F7DA",
      "class": "Weld",
      "name": "Weld",
      "properties": {
        "C0": {
          "position": [
            0,
            0,
            0
          ],
          "rotation": [
            0.999778152,
            0.000370806665,
            0.0210588463,
            0.0000255530322,
            0.999822915,
            -0.0188181419,
            -0.0210620947,
            0.018814506,
            0.999601126
          ]
        },
        "C1": {
          "position": [
            0.00285520055,
            -0.338144332,
            0.367090166
          ],
          "rotation": [
            -0.9996984,
            0.00343248434,
            -0.0243317299,
            -0.00330010103,
            -0.999979854,
            -0.00547883287,
            -0.0243500397,
            -0.00539688114,
            0.999688923
          ]
        },
        "Enabled": true,
        "Part0": "RBX1F66595C0A0243B3852603CF2114F7DA",
        "Part1": "RBX843BCEFC38EB4E6CA12B1196275A4F55",
        "Name": "Weld"
      }
    },
    {
      "id": "RBXA8DE0413C4AF474DAB2ECF7A5C74EE88",
      "parent": "RBX1F66595C0A0243B3852603CF2114F7DA",
      "class": "Weld",
      "name": "Weld",
      "properties": {
        "C0": {
          "position": [
            0,
            0,
            0
          ],
          "rotation": [
            0.999778152,
            0.000370806665,
            0.0210588463,
            0.0000255530322,
            0.999822915,
            -0.0188181419,
            -0.0210620947,
            0.018814506,
            0.999601126
          ]
        },
        "C1": {
          "position": [
            0.00391359394,
            -0.165943146,
            0.294971734
          ],
          "rotation": [
            -0.9996984,
            0.00343248434,
            -0.0243317299,
            -0.00330010103,
            -0.999979854,
            -0.00547883287,
            -0.0243500397,
            -0.00539688114,
            0.999688923
          ]
        },
        "Enabled": true,
        "Part0": "RBX1F66595C0A0243B3852603CF2114F7DA",
        "Part1": "RBX39FD0F7D4FDC4A68ABB01AA8C982C3EF",
        "Name": "Weld"
      }
    },
    {
      "id": "RBX65FDEA542641466B9A9CFF3E137B30A0",
      "parent": "RBX1F66595C0A0243B3852603CF2114F7DA",
      "class": "Weld",
      "name": "Weld",
      "properties": {
        "C0": {
          "position": [
            0,
            0,
            0
          ],
          "rotation": [
            0.999778152,
            0.000370806665,
            0.0210588463,
            0.0000255530322,
            0.999822915,
            -0.0188181419,
            -0.0210620947,
            0.018814506,
            0.999601126
          ]
        },
        "C1": {
          "position": [
            0.00392590044,
            -0.165604696,
            0.29447946
          ],
          "rotation": [
            -0.9996984,
            0.00343248434,
            -0.0243317299,
            -0.00330010103,
            -0.999979854,
            -0.00547883287,
            -0.0243500397,
            -0.00539688114,
            0.999688923
          ]
        },
        "Enabled": true,
        "Part0": "RBX1F66595C0A0243B3852603CF2114F7DA",
        "Part1": "RBXFC8D429317E349BF9CC5C0EBC5C96FF6",
        "Name": "Weld"
      }
    },
    {
      "id": "RBX7C778D3F24AE4EF781A3FF5C333B2B12",
      "parent": "RBXA946A3FF28C34C43A04ECBAD21732E34",
      "class": "Part",
      "name": "smollock",
      "properties": {
        "shape": 2,
        "Anchored": false,
        "CanCollide": false,
        "CanQuery": true,
        "CanTouch": true,
        "Color3uint8": [
          0.501961,
          0.498039,
          0.509804
        ],
        "Massless": false,
        "Material": 1088,
        "PivotOffset": {
          "position": [
            0,
            0,
            0
          ],
          "rotation": [
            1,
            0,
            0,
            0,
            1,
            0,
            0,
            0,
            1
          ]
        },
        "Reflectance": 0,
        "Transparency": 0,
        "size": [
          0.136476874,
          0.059872292,
          0.059872292
        ],
        "Name": "smollock",
        "LocalCFrame": {
          "position": [
            -0.144824,
            -0.929066,
            -0.547626
          ],
          "rotation": [
            -0.022399,
            0.000294,
            0.999749,
            0.015278,
            0.999883,
            0.000048,
            -0.999632,
            0.015276,
            -0.022401
          ]
        }
      }
    },
    {
      "id": "RBXE1EE7E94441A4ACA92ACFA010AE08B81",
      "parent": "RBXA946A3FF28C34C43A04ECBAD21732E34",
      "class": "Part",
      "name": "smollock",
      "properties": {
        "shape": 1,
        "Anchored": false,
        "CanCollide": false,
        "CanQuery": true,
        "CanTouch": true,
        "Color3uint8": [
          0.972549,
          0.85098,
          0.427451
        ],
        "Massless": false,
        "Material": 1088,
        "PivotOffset": {
          "position": [
            0,
            0,
            0
          ],
          "rotation": [
            1,
            0,
            0,
            0,
            1,
            0,
            0,
            0,
            1
          ]
        },
        "Reflectance": 0,
        "Transparency": 0,
        "size": [
          0.105455592,
          0.103904851,
          0.0527278855
        ],
        "Name": "smollock",
        "LocalCFrame": {
          "position": [
            -0.199095,
            -1.007833,
            -0.548232
          ],
          "rotation": [
            -0.022404,
            0.372188,
            0.927887,
            0.015286,
            0.928139,
            -0.371921,
            -0.999632,
            0.005851,
            -0.026483
          ]
        }
      }
    },
    {
      "id": "RBX56CB285E1CE6457081C656CBB7D5D779",
      "parent": "RBXA946A3FF28C34C43A04ECBAD21732E34",
      "class": "Part",
      "name": "smollock",
      "properties": {
        "shape": 2,
        "Anchored": false,
        "CanCollide": false,
        "CanQuery": true,
        "CanTouch": true,
        "Color3uint8": [
          0.501961,
          0.498039,
          0.509804
        ],
        "Massless": false,
        "Material": 1088,
        "PivotOffset": {
          "position": [
            0,
            0,
            0
          ],
          "rotation": [
            1,
            0,
            0,
            0,
            1,
            0,
            0,
            0,
            1
          ]
        },
        "Reflectance": 0,
        "Transparency": 0,
        "size": [
          0.136476874,
          0.059872292,
          0.059872292
        ],
        "Name": "smollock",
        "LocalCFrame": {
          "position": [
            0.156763,
            -0.929046,
            -0.554294
          ],
          "rotation": [
            0.022399,
            0.000294,
            -0.999749,
            -0.015278,
            0.999883,
            -0.000048,
            0.999632,
            0.015276,
            0.022401
          ]
        }
      }
    },
    {
      "id": "RBXEC600B091EAA4EF6A2A303CB75660289",
      "parent": "RBXA946A3FF28C34C43A04ECBAD21732E34",
      "class": "MeshPart",
      "name": "color1",
      "properties": {
        "HasSkinnedMesh": false,
        "MeshId": "rbxassetid://7628766135",
        "RenderFidelity": 1,
        "TextureID": null,
        "Anchored": false,
        "CanCollide": false,
        "CanQuery": true,
        "CanTouch": true,
        "Color3uint8": [
          1,
          0.580392,
          0.580392
        ],
        "Massless": false,
        "Material": 272,
        "PivotOffset": {
          "position": [
            0,
            0,
            0
          ],
          "rotation": [
            1,
            0,
            0,
            0,
            1,
            0,
            0,
            0,
            1
          ]
        },
        "Reflectance": 0,
        "Transparency": 0,
        "size": [
          0.363765568,
          0.278489888,
          0.318811893
        ],
        "Name": "color1",
        "LocalCFrame": {
          "position": [
            0.000629,
            -1.23965,
            -0.881182
          ],
          "rotation": [
            -0.014502,
            0.018478,
            0.999724,
            -0.934725,
            -0.355303,
            -0.006991,
            0.355076,
            -0.934569,
            0.022424
          ]
        }
      }
    },
    {
      "id": "RBXC63CBE9021D443B88AAC228E39BB20F6",
      "parent": "RBXA946A3FF28C34C43A04ECBAD21732E34",
      "class": "UnionOperation",
      "name": "smollock",
      "properties": {
        "UsePartColor": true,
        "Anchored": false,
        "CanCollide": false,
        "CanQuery": true,
        "CanTouch": true,
        "Color3uint8": [
          0.972549,
          0.85098,
          0.427451
        ],
        "Massless": false,
        "Material": 1088,
        "PivotOffset": {
          "position": [
            0,
            0,
            0
          ],
          "rotation": [
            1,
            0,
            0,
            0,
            1,
            0,
            0,
            0,
            1
          ]
        },
        "Reflectance": 0,
        "Transparency": 0,
        "size": [
          0.0294682924,
          0.0946000069,
          0.0946000069
        ],
        "Name": "smollock",
        "LocalCFrame": {
          "position": [
            -0.17745,
            -0.951168,
            -0.548429
          ],
          "rotation": [
            0.927886,
            0.372188,
            0.022441,
            -0.371919,
            0.928139,
            -0.015305,
            -0.026525,
            0.005855,
            0.999631
          ]
        }
      }
    },
    {
      "id": "RBXD9A2682D4DF94B13A3D63C187A026649",
      "parent": "RBXA946A3FF28C34C43A04ECBAD21732E34",
      "class": "MeshPart",
      "name": "ring",
      "properties": {
        "HasSkinnedMesh": false,
        "MeshId": "rbxassetid://81268232626405",
        "RenderFidelity": 2,
        "TextureID": null,
        "Anchored": false,
        "CanCollide": false,
        "CanQuery": true,
        "CanTouch": true,
        "Color3uint8": [
          0.501961,
          0.498039,
          0.509804
        ],
        "Massless": false,
        "Material": 1088,
        "PivotOffset": {
          "position": [
            0,
            -0.19740881,
            0
          ],
          "rotation": [
            1,
            0,
            0,
            0,
            1,
            0,
            0,
            0,
            1
          ]
        },
        "Reflectance": 0,
        "Transparency": 0,
        "size": [
          0.394817621,
          0.394817621,
          0.0544575937
        ],
        "Name": "ring",
        "LocalCFrame": {
          "position": [
            -0.003024,
            -1.032149,
            -0.713682
          ],
          "rotation": [
            0.999778,
            -0.006854,
            0.019916,
            0.000026,
            0.94597,
            0.324254,
            -0.021062,
            -0.324182,
            0.94576
          ]
        }
      }
    },
    {
      "id": "RBXF3F197127EC44069B2813D7E1AE85FE2",
      "parent": "RBXA946A3FF28C34C43A04ECBAD21732E34",
      "class": "MeshPart",
      "name": "ring",
      "properties": {
        "HasSkinnedMesh": false,
        "MeshId": "rbxassetid://81268232626405",
        "RenderFidelity": 2,
        "TextureID": null,
        "Anchored": false,
        "CanCollide": false,
        "CanQuery": true,
        "CanTouch": true,
        "Color3uint8": [
          0.501961,
          0.498039,
          0.509804
        ],
        "Massless": false,
        "Material": 1088,
        "PivotOffset": {
          "position": [
            0,
            -0.19740881,
            0
          ],
          "rotation": [
            1,
            0,
            0,
            0,
            1,
            0,
            0,
            0,
            1
          ]
        },
        "Reflectance": 0,
        "Transparency": 0,
        "size": [
          0.394817621,
          0.394817621,
          0.0544575937
        ],
        "Name": "ring",
        "LocalCFrame": {
          "position": [
            -0.004299,
            -1.070883,
            -0.781988
          ],
          "rotation": [
            0.999778,
            -0.010209,
            0.018423,
            0.000026,
            0.875264,
            0.483646,
            -0.021062,
            -0.483538,
            0.87507
          ]
        }
      }
    },
    {
      "id": "RBX818CAAD97BE74631A67705A287357BD0",
      "parent": "RBXA946A3FF28C34C43A04ECBAD21732E34",
      "class": "MeshPart",
      "name": "ring",
      "properties": {
        "HasSkinnedMesh": false,
        "MeshId": "rbxassetid://81268232626405",
        "RenderFidelity": 2,
        "TextureID": null,
        "Anchored": false,
        "CanCollide": false,
        "CanQuery": true,
        "CanTouch": true,
        "Color3uint8": [
          0.501961,
          0.498039,
          0.509804
        ],
        "Massless": false,
        "Material": 1088,
        "PivotOffset": {
          "position": [
            0,
            -0.19740881,
            0
          ],
          "rotation": [
            1,
            0,
            0,
            0,
            1,
            0,
            0,
            0,
            1
          ]
        },
        "Reflectance": 0,
        "Transparency": 0,
        "size": [
