{
  "format": "overlay_json_v1",
  "kind": "morph_bundle",
  "version": 1,
  "asset_id": "morph_2446-condom",
  "name": "Condom",
  "source_file": "2446-condom.rbxmx",
  "anchor": "HumanoidRootPart",
  "anchor_candidates": [
    "HumanoidRootPart",
    "UpperTorso",
    "Torso",
    "Head"
  ],
  "jiggle": false,
  "root_cframe": {
    "position": [
      13.975708,
      -106.417679,
      -2461.88428
    ],
    "rotation": [
      -1.00000012,
      1.39698209e-9,
      1.49011612e-7,
      1.39698397e-9,
      1,
      2.98025462e-8,
      -1.49011612e-7,
      2.98025427e-8,
      -1.00000012
    ]
  },
  "class_counts": {
    "Folder": 1,
    "Model": 3,
    "Part": 4,
    "UnionOperation": 14,
    "ParticleEmitter": 1,
    "Motor6D": 8,
    "SpecialMesh": 1
  },
  "nodes": [
    {
      "id": "RBX926EA5F9B43D44FD89B46B7764D2AFBA",
      "parent": null,
      "class": "Folder",
      "name": "Condom",
      "properties": {
        "Name": "Condom"
      }
    },
    {
      "id": "RBX794EF3464B384411A9F9EB5C5D9CD800",
      "parent": "RBX926EA5F9B43D44FD89B46B7764D2AFBA",
      "class": "Model",
      "name": "Orbs",
      "properties": {
        "PrimaryPart": null,
        "Name": "Orbs"
      }
    },
    {
      "id": "RBXD89FC4A737AE4EC0942D32117FC4B083",
      "parent": "RBX794EF3464B384411A9F9EB5C5D9CD800",
      "class": "Part",
      "name": "Middle",
      "properties": {
        "shape": 1,
        "Anchored": true,
        "CanCollide": false,
        "CanQuery": true,
        "CanTouch": true,
        "Color3uint8": [
          1,
          0,
          0
        ],
        "Massless": false,
        "Material": 256,
        "PivotOffset": {
          "position": [
            0,
            0,
            0
          ],
          "rotation": [
            1,
            0,
            0,
            0,
            1,
            0,
            0,
            0,
            1
          ]
        },
        "Reflectance": 0,
        "Transparency": 0,
        "size": [
          0.199967623,
          0.199967623,
          0.199967623
        ],
        "Name": "Middle",
        "LocalCFrame": {
          "position": [
            -0.000244,
            -0.849937,
            -0.5
          ],
          "rotation": [
            1,
            0,
            0,
            0,
            1,
            0,
            0,
            0,
            1
          ]
        }
      }
    },
    {
      "id": "RBXE286F12976A242AAAEB7D38AA33EAC01",
      "parent": "RBX794EF3464B384411A9F9EB5C5D9CD800",
      "class": "UnionOperation",
      "name": "color5",
      "properties": {
        "UsePartColor": true,
        "Anchored": false,
        "CanCollide": true,
        "CanQuery": true,
        "CanTouch": true,
        "Color3uint8": [
          0.972549,
          0.972549,
          0.972549
        ],
        "Massless": false,
        "Material": 272,
        "PivotOffset": {
          "position": [
            0,
            0,
            0
          ],
          "rotation": [
            1,
            0,
            0,
            0,
            1,
            0,
            0,
            0,
            1
          ]
        },
        "Reflectance": 0,
        "Transparency": 0,
        "size": [
          0.934231699,
          0.487541974,
          0.819588184
        ],
        "Name": "color5",
        "LocalCFrame": {
          "position": [
            0.039552,
            -1.253815,
            -0.48731
          ],
          "rotation": [
            -0.342876,
            -0.001166,
            0.93938,
            -0.93938,
            0.001416,
            -0.342874,
            -0.00093,
            -0.999998,
            -0.001581
          ]
        }
      }
    },
    {
      "id": "RBX48B9176BB97C4B3DB59B68652A99C130",
      "parent": "RBX926EA5F9B43D44FD89B46B7764D2AFBA",
      "class": "Model",
      "name": "Rod",
      "properties": {
        "PrimaryPart": null,
        "Name": "Rod"
      }
    },
    {
      "id": "RBXA7D36EBABEE847E69B60EDA6BD7E7DEE",
      "parent": "RBX48B9176BB97C4B3DB59B68652A99C130",
      "class": "Part",
      "name": "Middle",
      "properties": {
        "shape": 1,
        "Anchored": true,
        "CanCollide": false,
        "CanQuery": true,
        "CanTouch": true,
        "Color3uint8": [
          1,
          0,
          0
        ],
        "Massless": false,
        "Material": 256,
        "PivotOffset": {
          "position": [
            0,
            0,
            0
          ],
          "rotation": [
            1,
            0,
            0,
            0,
            1,
            0,
            0,
            0,
            1
          ]
        },
        "Reflectance": 0,
        "Transparency": 0,
        "size": [
          0.201337457,
          0.201337457,
          0.201337457
        ],
        "Name": "Middle",
        "LocalCFrame": {
          "position": [
            0.002442,
            -0.817917,
            -0.51416
          ],
          "rotation": [
            1,
            0,
            0,
            0,
            1,
            0.000038,
            0,
            -0.000038,
            1
          ]
        }
      }
    },
    {
      "id": "RBX72DBBA73200E4C1EA3B42D568420AEFB",
      "parent": "RBX48B9176BB97C4B3DB59B68652A99C130",
      "class": "Part",
      "name": "Particle1",
      "properties": {
        "shape": 1,
        "Anchored": true,
        "CanCollide": true,
        "CanQuery": true,
        "CanTouch": true,
        "Color3uint8": [
          1,
          0.580392,
          0.580392
        ],
        "Massless": false,
        "Material": 272,
        "PivotOffset": {
          "position": [
            0,
            0,
            0
          ],
          "rotation": [
            1,
            0,
            0,
            0,
            1,
            0,
            0,
            0,
            1
          ]
        },
        "Reflectance": 0,
        "Transparency": 1,
        "size": [
          0.155429959,
          0.155429959,
          0.155429959
        ],
        "Name": "Particle1",
        "LocalCFrame": {
          "position": [
            0.012696,
            -0.399437,
            -2.06787
          ],
          "rotation": [
            -0.999752,
            0.022197,
            0.002303,
            0.00367,
            0.265327,
            -0.964152,
            -0.022012,
            -0.963903,
            -0.265343
          ]
        }
      }
    },
    {
      "id": "RBX7CCAA95699D64D028091452AE423043D",
      "parent": "RBX72DBBA73200E4C1EA3B42D568420AEFB",
      "class": "ParticleEmitter",
      "name": "Particles",
      "properties": {
        "Acceleration": [
          0,
          -14.9975719,
          0
        ],
        "Color": "0 1 1 1 0 1 1 1 1 0",
        "Drag": 0,
        "Enabled": false,
        "Lifetime": [
          1,
          1.5
        ],
        "LightEmission": 0,
        "LightInfluence": 1,
        "LockedToPart": false,
        "Rate": 25,
        "RotSpeed": [
          0,
          0
        ],
        "Rotation": [
          90,
          90
        ],
        "Size": "0 0.079987 0 0.8 0.079987 0 1 0 0",
        "Speed": [
          3.99935,
          5.99903
        ],
        "SpreadAngle": [
          10,
          10
        ],
        "Texture": "rbxassetid://3202767053",
        "TimeScale": 1,
        "Transparency": "0 0 0 0.9 0 0 1 1 0",
        "VelocityInheritance": 0,
        "ZOffset": 0,
        "Name": "Particles"
      }
    },
    {
      "id": "RBXF59872CC469645A68A2F989A46B35BDA",
      "parent": "RBX48B9176BB97C4B3DB59B68652A99C130",
      "class": "UnionOperation",
      "name": "color5",
      "properties": {
        "UsePartColor": true,
        "Anchored": false,
        "CanCollide": true,
        "CanQuery": true,
        "CanTouch": true,
        "Color3uint8": [
          0.972549,
          0.972549,
          0.972549
        ],
        "Massless": false,
        "Material": 272,
        "PivotOffset": {
          "position": [
            0,
            0,
            0
          ],
          "rotation": [
            1,
            0,
            0,
            0,
            1,
            0,
            0,
            0,
            1
          ]
        },
        "Reflectance": 0,
        "Transparency": 0,
        "size": [
          0.0672295764,
          0.747480333,
          0.0947684422
        ],
        "Name": "color5",
        "LocalCFrame": {
          "position": [
            -0.127196,
            -0.950821,
            -0.76172
          ],
          "rotation": [
            0.666573,
            -0.173829,
            -0.72489,
            -0.719341,
            0.10507,
            -0.686666,
            0.195526,
            0.979155,
            -0.055006
          ]
        }
      }
    },
    {
      "id": "RBX1CB12F283A104CEBBF0514EED9C81A30",
      "parent": "RBX48B9176BB97C4B3DB59B68652A99C130",
      "class": "UnionOperation",
      "name": "color5",
      "properties": {
        "UsePartColor": true,
        "Anchored": false,
        "CanCollide": true,
        "CanQuery": true,
        "CanTouch": true,
        "Color3uint8": [
          0.972549,
          0.972549,
          0.972549
        ],
        "Massless": false,
        "Material": 272,
        "PivotOffset": {
          "position": [
            0,
            0,
            0
          ],
          "rotation": [
            1,
            0,
            0,
            0,
            1,
            0,
            0,
            0,
            1
          ]
        },
        "Reflectance": 0,
        "Transparency": 0,
        "size": [
          0.100995511,
          0.426802188,
          0.0498222411
        ],
        "Name": "color5",
        "LocalCFrame": {
          "position": [
            0.055908,
            -0.531395,
            -1.60401
          ],
          "rotation": [
            0.999438,
            -0.018992,
            -0.027642,
            -0.022939,
            0.214141,
            -0.976533,
            0.024465,
            0.976619,
            0.213585
          ]
        }
      }
    },
    {
      "id": "RBXE61D0941275C476F915DD45775AAB9C3",
      "parent": "RBX48B9176BB97C4B3DB59B68652A99C130",
      "class": "UnionOperation",
      "name": "color5",
      "properties": {
        "UsePartColor": true,
        "Anchored": false,
        "CanCollide": true,
        "CanQuery": true,
        "CanTouch": true,
        "Color3uint8": [
          0.972549,
          0.972549,
          0.972549
        ],
        "Massless": false,
        "Material": 272,
        "PivotOffset": {
          "position": [
            0,
            0,
            0
          ],
          "rotation": [
            1,
            0,
            0,
            0,
            1,
            0,
            0,
            0,
            1
          ]
        },
        "Reflectance": 0,
        "Transparency": 0,
        "size": [
          0.193097249,
          0.958237946,
          0.129670769
        ],
        "Name": "color5",
        "LocalCFrame": {
          "position": [
            0.063872,
            -0.638527,
            -0.76001
          ],
          "rotation": [
            0.922328,
            -0.267771,
            0.278588,
            0.267695,
            -0.077145,
            -0.960411,
            0.278662,
            0.960391,
            0.000528
          ]
        }
      }
    },
    {
      "id": "RBX3E2EB50166E44E4FA9B104E1A6FCA421",
      "parent": "RBX48B9176BB97C4B3DB59B68652A99C130",
      "class": "UnionOperation",
      "name": "color5",
      "properties": {
        "UsePartColor": true,
        "Anchored": false,
        "CanCollide": true,
        "CanQuery": true,
        "CanTouch": true,
        "Color3uint8": [
          0.972549,
          0.972549,
          0.972549
        ],
        "Massless": false,
        "Material": 272,
        "PivotOffset": {
          "position": [
            0,
            0,
            0
          ],
          "rotation": [
            1,
            0,
            0,
            0,
            1,
            0,
            0,
            0,
            1
          ]
        },
        "Reflectance": 0,
        "Transparency": 0,
        "size": [
          0.159649104,
          0.414306402,
          0.159403503
        ],
        "Name": "color5",
        "LocalCFrame": {
          "position": [
            0.210137,
            -0.688965,
            -1.50196
          ],
          "rotation": [
            0.303835,
            -0.314184,
            -0.899429,
            -0.838376,
            0.360272,
            -0.409059,
            0.452559,
            0.878347,
            -0.153942
          ]
        }
      }
    },
    {
      "id": "RBX31F64473637A4B2A97590235DC77F70B",
      "parent": "RBX48B9176BB97C4B3DB59B68652A99C130",
      "class": "UnionOperation",
      "name": "color5",
      "properties": {
        "UsePartColor": true,
        "Anchored": false,
        "CanCollide": true,
        "CanQuery": true,
        "CanTouch": true,
        "Color3uint8": [
          0.972549,
          0.972549,
          0.972549
        ],
        "Massless": false,
        "Material": 272,
        "PivotOffset": {
          "position": [
            0,
            0,
            0
          ],
          "rotation": [
            1,
            0,
            0,
            0,
            1,
            0,
            0,
            0,
            1
          ]
        },
        "Reflectance": 0,
        "Transparency": 0,
        "size": [
          0.231756702,
          0.372362584,
          0.230755433
        ],
        "Name": "color5",
        "LocalCFrame": {
          "position": [
            0.197182,
            -0.749328,
            -1.31543
          ],
          "rotation": [
            0.017919,
            0.249478,
            -0.968216,
            -0.466685,
            0.858499,
            0.21257,
            0.884244,
            0.448043,
            0.131811
          ]
        }
      }
    },
    {
      "id": "RBXF765B96EDB4D4F888C7A13DB1B8960BF",
      "parent": "RBX48B9176BB97C4B3DB59B68652A99C130",
      "class": "UnionOperation",
      "name": "color5",
      "properties": {
        "UsePartColor": true,
        "Anchored": false,
        "CanCollide": true,
        "CanQuery": true,
        "CanTouch": true,
        "Color3uint8": [
          0.972549,
          0.972549,
          0.972549
        ],
        "Massless": false,
        "Material": 272,
        "PivotOffset": {
          "position": [
            0,
            0,
            0
          ],
          "rotation": [
            1,
            0,
            0,
            0,
            1,
            0,
            0,
            0,
            1
          ]
        },
        "Reflectance": 0,
        "Transparency": 0,
        "size": [
          0.209393993,
          0.87165004,
          0.223426133
        ],
        "Name": "color5",
        "LocalCFrame": {
          "position": [
            -0.135808,
            -0.963051,
            -0.91944
          ],
          "rotation": [
            0.68566,
            0.463745,
            0.561082,
            0.687675,
            -0.159912,
            -0.70819,
            -0.238696,
            0.87142,
            -0.428551
          ]
        }
      }
    },
    {
      "id": "RBXB086A37BFC66479E9101CA3D8497F447",
      "parent": "RBX48B9176BB97C4B3DB59B68652A99C130",
      "class": "UnionOperation",
      "name": "color5",
      "properties": {
        "UsePartColor": true,
        "Anchored": false,
        "CanCollide": true,
        "CanQuery": true,
        "CanTouch": true,
        "Color3uint8": [
          0.972549,
          0.972549,
          0.972549
        ],
        "Massless": false,
        "Material": 272,
        "PivotOffset": {
          "position": [
            0,
            0,
            0
          ],
          "rotation": [
            1,
            0,
            0,
            0,
            1,
            0,
            0,
            0,
            1
          ]
        },
        "Reflectance": 0,
        "Transparency": 0,
        "size": [
          0.0933877528,
          0.336018145,
          0.297755897
        ],
        "Name": "color5",
        "LocalCFrame": {
          "position": [
            -0.191183,
            -0.831322,
            -1.61866
          ],
          "rotation": [
            0.964944,
            0.18556,
            0.185612,
            0.245322,
            -0.88903,
            -0.386579,
            0.093281,
            0.418562,
            -0.903385
          ]
        }
      }
    },
    {
      "id": "RBX14BD73F26B504816A8D60A4CE5F90AAA",
      "parent": "RBX48B9176BB97C4B3DB59B68652A99C130",
      "class": "UnionOperation",
      "name": "color5",
      "properties": {
        "UsePartColor": true,
        "Anchored": false,
        "CanCollide": true,
        "CanQuery": true,
        "CanTouch": true,
        "Color3uint8": [
          0.972549,
          0.972549,
          0.972549
        ],
        "Massless": false,
        "Material": 272,
        "PivotOffset": {
          "position": [
            0,
            0,
            0
          ],
          "rotation": [
            1,
            0,
            0,
            0,
            1,
            0,
            0,
            0,
            1
          ]
        },
        "Reflectance": 0,
        "Transparency": 0,
        "size": [
          0.157935262,
          0.723575115,
          0.235235393
        ],
        "Name": "color5",
        "LocalCFrame": {
          "position": [
            -0.179423,
            -0.855964,
            -1.48096
          ],
          "rotation": [
            0.948931,
            -0.0343,
            0.313617,
            0.3153,
            0.068887,
            -0.94649,
            0.010861,
            0.997036,
            0.076184
          ]
        }
      }
    },
    {
      "id": "RBX5E8BC855DE6440ABA5C5B5E7BD925394",
      "parent": "RBX48B9176BB97C4B3DB59B68652A99C130",
      "class": "UnionOperation",
      "name": "color1",
      "properties": {
        "UsePartColor": true,
        "Anchored": false,
        "CanCollide": true,
        "CanQuery": true,
        "CanTouch": true,
        "Color3uint8": [
          0.972549,
          0.972549,
          0.972549
        ],
        "Massless": false,
        "Material": 272,
        "PivotOffset": {
          "position": [
            0,
            0,
            0
          ],
          "rotation": [
            1,
            0,
            0,
            0,
            1,
            0,
            0,
            0,
            1
          ]
        },
        "Reflectance": 0,
        "Transparency": 0,
        "size": [
          0.444506735,
          0.463276327,
          0.337985992
        ],
        "Name": "color1",
        "LocalCFrame": {
          "position": [
            0.011272,
            -0.448585,
            -1.89356
          ],
          "rotation": [
            -1.000001,
            -0.000007,
            -0.000055,
            -0.000052,
            0.490331,
            0.871537,
            0.00002,
            0.871538,
            -0.490332
          ]
        }
      }
    },
    {
      "id": "RBX542A9BBFC10543F981BCA75137249D43",
      "parent": "RBX48B9176BB97C4B3DB59B68652A99C130",
      "class": "UnionOperation",
      "name": "color5",
      "properties": {
        "UsePartColor": true,
        "Anchored": false,
        "CanCollide": true,
        "CanQuery": true,
        "CanTouch": true,
        "Color3uint8": [
          0.972549,
          0.972549,
          0.972549
        ],
        "Massless": false,
        "Material": 272,
        "PivotOffset": {
          "position": [
            0,
            0,
            0
          ],
          "rotation": [
            1,
            0,
            0,
            0,
            1,
            0,
            0,
            0,
            1
          ]
        },
        "Reflectance": 0,
        "Transparency": 0,
        "size": [
          0.239071846,
          1.65513945,
          0.67356503
        ],
        "Name": "color5",
        "LocalCFrame": {
          "position": [
            0.005521,
            -0.818199,
            -1.25415
          ],
          "rotation": [
            -1.000001,
            0.000041,
            -0.000033,
            -0.000049,
            -0.476724,
            0.879054,
            0.000021,
            0.879055,
            0.476724
          ]
        }
      }
    },
    {
      "id": "RBX6EEAC5880EAF435BA9A253D6B5104E42",
      "parent": "RBX48B9176BB97C4B3DB59B68652A99C130",
      "class": "UnionOperation",
      "name": "color5",
      "properties": {
        "UsePartColor": true,
        "Anchored": false,
        "CanCollide": true,
        "CanQuery": true,
        "CanTouch": true,
        "Color3uint8": [
          0.972549,
          0.972549,
          0.972549
        ],
        "Massless": false,
        "Material": 272,
        "PivotOffset": {
          "position": [
            0,
            0,
            0
          ],
          "rotation": [
            1,
            0,
            0,
            0,
            1,
            0,
            0,
            0,
            1
          ]
        },
        "Reflectance": 0,
        "Transparency": 0,
        "size": [
          0.564621866,
          1.92779648,
          0.608855724
        ],
        "Name": "color5",
        "LocalCFrame": {
          "position": [
            0.005372,
            -0.804909,
            -1.13086
          ],
          "rotation": [
            -1.000001,
            0.000032,
            -0.000044,
            -0.00005,
            -0.207794,
            0.978174,
            0.000022,
            0.978174,
            0.207794
          ]
        }
      }
    },
    {
      "id": "RBXC5FE05BE06024D478A36B104EE40848A",
      "parent": "RBX6EEAC5880EAF435BA9A253D6B5104E42",
      "class": "Motor6D",
      "name": "urethra",
      "properties": {
        "C0": {
          "position": [
            -0.000150725245,
            -0.117942519,
            -0.0386433601
          ],
          "rotation": [
            1,
            0.00000136332346,
            -3.03055458e-7,
            -0.00000122116944,
            0.95892626,
            0.283655882,
            6.73657382e-7,
            -0.283655852,
            0.95892626
          ]
        },
        "C1": {
          "position": [
            0,
            0,
            0
          ],
          "rotation": [
            1,
            0,
            0,
            0,
            1,
            0,
            0,
            0,
            1
          ]
        },
        "Enabled": true,
        "Part0": "RBX6EEAC5880EAF435BA9A253D6B5104E42",
        "Part1": "RBX542A9BBFC10543F981BCA75137249D43",
        "Name": "urethra"
      }
    },
    {
      "id": "RBX4F269C38E84D49A7A1866D51ADF14CE9",
      "parent": "RBX6EEAC5880EAF435BA9A253D6B5104E42",
      "class": "Motor6D",
      "name": "tip",
      "properties": {
        "C0": {
          "position": [
            -0.00593480607,
            -0.819983065,
            0.190088108
          ],
          "rotation": [
            1,
            0.00000207558151,
            9.18792466e-7,
            -9.50723916e-7,
            0.75062573,
            -0.660727739,
            -0.00000206473169,
            0.66072768,
            0.75062573
          ]
        },
        "C1": {
          "position": [
            0,
            0,
            0
          ],
          "rotation": [
            1,
            0,
            0,
            0,
            1,
            0,
            0,
            0,
            1
          ]
        },
        "Enabled": true,
        "Part0": "RBX6EEAC5880EAF435BA9A253D6B5104E42",
        "Part1": "RBX5E8BC855DE6440ABA5C5B5E7BD925394",
        "Name": "tip"
      }
    },
    {
      "id": "RBX0BEAEA071A264E3D935DDCC48D21B544",
      "parent": "RBX6EEAC5880EAF435BA9A253D6B5104E42",
      "class": "Motor6D",
      "name": "Union",
      "properties": {
        "C0": {
          "position": [
            -0.204779074,
            -0.3871755,
            0.0362765081
          ],
          "rotation": [
            -0.303783685,
            0.31418559,
            0.899445951,
            0.616900623,
            0.784308553,
            -0.0656115264,
            -0.726053238,
            0.534935832,
            -0.432079792
          ]
        },
        "C1": {
          "position": [
            0,
            0,
            0
          ],
          "rotation": [
            1,
            0,
            0,
            0,
            1,
            0,
            0,
            0,
            1
          ]
        },
        "Enabled": true,
        "Part0": "RBX6EEAC5880EAF435BA9A253D6B5104E42",
        "Part1": "RBX3E2EB50166E44E4FA9B104E1A6FCA421",
        "Name": "Union"
      }
    },
    {
      "id": "RBX36A09C552C4C4046ABA1BE22075078F0",
      "parent": "RBX6EEAC5880EAF435BA9A253D6B5104E42",
      "class": "Motor6D",
      "name": "Union",
      "properties": {
        "C0": {
          "position": [
            0.184789166,
            -0.33185932,
            -0.122684471
          ],
          "rotation": [
            -0.948945522,
            0.0343185924,
            -0.313567549,
            -0.0548634455,
            0.960956752,
            0.271205038,
            0.310632259,
            0.27456221,
            -0.910012782
          ]
        },
        "C1": {
          "position": [
            0,
            0,
            0
          ],
          "rotation": [
            1,
            0,
            0,
            0,
            1,
            0,
            0,
            0,
            1
          ]
        },
        "Enabled": true,
        "Part0": "RBX6EEAC5880EAF435BA9A253D6B5104E42",
        "Part1": "RBX14BD73F26B504816A8D60A4CE5F90AAA",
        "Name": "Union"
      }
    },
    {
      "id": "RBX0D7BC2D3EEA8444A97C5EF21ECB784AA",
      "parent": "RBX6EEAC5880EAF435BA9A253D6B5104E42",
      "class": "Motor6D",
      "name": "Union",
      "properties": {
        "C0": {
          "position": [
            0.141191885,
            0.23972851,
            -0.110739484
          ],
          "rotation": [
            -0.685698569,
            -0.46371761,
            -0.561055541,
            -0.376358211,
            0.885640562,
            -0.272020817,
            0.623034537,
            0.0246336069,
            -0.781806469
          ]
        },
        "C1": {
          "position": [
            0,
            0,
            0
          ],
          "rotation": [
            1,
            0,
            0,
            0,
            1,
            0,
            0,
            0,
            1
          ]
        },
        "Enabled": true,
        "Part0": "RBX6EEAC5880EAF435BA9A253D6B5104E42",
        "Part1": "RBXF765B96EDB4D4F888C7A13DB1B8960BF",
        "Name": "Union"
      }
    },
    {
      "id": "RBX2E81249C336B4C46AEB0A1BB0068A1EF",
      "parent": "RBX6EEAC5880EAF435BA9A253D6B5104E42",
      "class": "Motor6D",
      "name": "Union",
      "properties": {
        "C0": {
          "position": [
            -0.191816747,
            -0.192061633,
            0.0160122048
          ],
          "rotation": [
            -0.0178767499,
            -0.24951078,
            0.968206942,
            0.961916268,
            0.259879798,
            0.0847326368,
            -0.27275908,
            0.93284893,
            0.235362619
          ]
        },
        "C1": {
          "position": [
            0,
            0,
            0
          ],
          "rotation": [
            1,
            0,
            0,
            0,
            1,
            0,
            0,
            0,
            1
          ]
        },
        "Enabled": true,
        "Part0": "RBX6EEAC5880EAF435BA9A253D6B5104E42",
        "Part1": "RBX31F64473637A4B2A97590235DC77F70B",
        "Name": "Union"
      }
    },
    {
      "id": "RBX97FC903F7183458DB854CA82AD2721EA",
      "parent": "RBX6EEAC5880EAF435BA9A253D6B5104E42",
      "class": "Motor6D",
      "name": "Union",
      "properties": {
        "C0": {
          "position": [
            -0.058500234,
            0.328279555,
            0.239828572
          ],
          "rotation": [
            -0.922334492,
            0.267795175,
            -0.278540492,
            0.216982558,
            0.955448329,
            0.200092822,
            0.319714934,
            0.124114089,
            -0.93934989
          ]
        },
        "C1": {
          "position": [
            0,
            0,
            0
          ],
          "rotation": [
            1,
            0,
            0,
            0,
            1,
            0,
            0,
            0,
            1
          ]
        },
        "Enabled": true,
        "Part0": "RBX6EEAC5880EAF435BA9A253D6B5104E42",
        "Part1": "RBXE61D0941275C476F915DD45775AAB9C3",
        "Name": "Union"
      }
    },
    {
      "id": "RBXB94A6AAF3D2D406295D12891F7B81BB2",
      "parent": "RBX6EEAC5880EAF435BA9A253D6B5104E42",
      "class": "Motor6D",
      "name": "Union",
      "properties": {
        "C0": {
          "position": [
            0.19654575,
            -0.471619308,
            -0.127180308
          ],
          "rotation": [
            -0.964953959,
            -0.185506433,
            -0.185611039,
            0.040298935,
            0.594166815,
            -0.803338349,
            0.259307563,
            -0.782660186,
            -0.565866709
          ]
        },
        "C1": {
          "position": [
            0,
            0,
            0
          ],
          "rotation": [
            1,
            0,
            0,
            0,
            1,
            0,
            0,
            0,
            1
          ]
        },
        "Enabled": true,
        "Part0": "RBX6EEAC5880EAF435BA9A253D6B5104E42",
        "Part1": "RBXB086A37BFC66479E9101CA3D8497F447",
        "Name": "Union"
      }
    },
    {
      "id": "RBXEBA6582729034DFCA272ED5CF54795BA",
      "parent": "RBX48B9176BB97C4B3DB59B68652A99C130",
      "class": "UnionOperation",
      "name": "Union",
      "properties": {
        "UsePartColor": false,
        "Anchored": true,
        "CanCollide": true,
        "CanQuery": true,
        "CanTouch": true,
        "Color3uint8": [
          1,
          0,
          0.74902
        ],
        "Massless": false,
        "Material": 272,
        "PivotOffset": {
          "position": [
            0,
            0,
            0
          ],
          "rotation": [
            1,
            0,
            0,
            0,
            1,
            0,
            0,
            0,
            1
          ]
        },
        "Reflectance": 0,
        "Transparency": 0.600000024,
        "size": [
          0.698605061,
          1.5861851,
          0.5909639
        ],
        "Name": "Union",
        "LocalCFrame": {
          "position": [
            0.006104,
            -0.694603,
            -1.45801
          ],
          "rotation": [
            0,
            0,
            1.000001,
            -0.933581,
            0.358368,
            0,
            -0.358368,
            -0.933581,
            0
          ]
        }
      }
    },
    {
      "id": "RBX1A60AAAC8C81496C9C6AF91D08DC9628",
      "parent": "RBX48B9176BB97C4B3DB59B68652A99C130",
      "class": "UnionOperation",
      "name": "Union",
      "properties": {
        "UsePartColor": true,
        "Anchored": true,
        "CanCollide": true,
        "CanQuery": true,
        "CanTouch": true,
        "Color3uint8": [
          1,
          0.45098,
          0.623529
        ],
        "Massless": false,
        "Material": 272,
        "PivotOffset": {
          "position": [
            0,
            0,
            0
          ],
          "rotation": [
            1,
            0,
            0,
            0,
            1,
            0,
            0,
            0,
            1
          ]
        },
        "Reflectance": 0,
        "Transparency": 0,
        "size": [
          0.1344551,
          0.584526002,
          0.556502342
        ],
        "Name": "Union",
        "LocalCFrame": {
          "position": [
            0.010498,
            -0.850159,
            -0.78418
          ],
          "rotation": [
            0,
            0,
            1.000001,
            -0.057952,
            0.998319,
            0,
            -0.99832,
            -0.057952,
            0
          ]
        }
      }
    },
    {
      "id": "RBXDD251FD8EDA14B7D8EBAC082A41A9762",
      "parent": "RBX926EA5F9B43D44FD89B46B7764D2AFBA",
      "class": "Model",
      "name": "LowerStaticA",
      "properties": {
        "PrimaryPart": "RBX40B3A63F20C24BC3860F3EBB33DC312E",
        "Name": "LowerStaticA"
      }
    },
    {
      "id": "RBX40B3A63F20C24BC3860F3EBB33DC312E",
      "parent": "RBXDD251FD8EDA14B7D8EBAC082A41A9762",
      "class": "Part",
      "name": "Middle",
      "properties": {
        "shape": 1,
        "Anchored": true,
        "CanCollide": false,
        "CanQuery": true,
        "CanTouch": true,
        "Color3uint8": [
          0.972549,
          0.972549,
          0.972549
        ],
        "Massless": false,
        "Material": 272,
        "PivotOffset": {
          "position": [
            0,
            0,
            0
          ],
          "rotation": [
            1,
            0,
            0,
            0,
            1,
            0,
            0,
            0,
            1
          ]
        },
        "Reflectance": 0,
        "Transparency": 0,
        "size": [
          1.99967623,
          1.99967623,
          0.999838114
        ],
        "Name": "Middle",
        "LocalCFrame": {
          "position": [
            0,
            0,
            0
          ],
          "rotation": [
            1,
            0,
            0,
            0,
            1,
            0,
            0,
            0,
            1
          ]
        }
      }
    },
    {
      "id": "RBX015C6E9A54684F7290E246DA6D15DB96",
      "parent": "RBX40B3A63F20C24BC3860F3EBB33DC312E",
      "class": "SpecialMesh",
      "name": "Mesh",
      "properties": {
        "MeshType": 5,
        "MeshId": "rbxassetid://12221758",
        "TextureId": null,
        "Offset": [
          0,
          0,
          0
        ],
        "Scale": [
          0.999838114,
          0.999838114,
          0.999838114
        ],
        "VertexColor": [
          1,
          1,
          1
        ],
        "Name": "Mesh"
      }
    }
  ]
}
