{
  "format": "overlay_json_v1",
  "kind": "morph_bundle",
  "version": 1,
  "asset_id": "morph_2106-bbc-2",
  "name": "BBC 2",
  "source_file": "2106-bbc-2.rbxmx",
  "anchor": "HumanoidRootPart",
  "anchor_candidates": [
    "HumanoidRootPart",
    "UpperTorso",
    "Torso",
    "Head"
  ],
  "jiggle": false,
  "root_cframe": {
    "position": [
      -3903.79224,
      31379.0137,
      -1998.92456
    ],
    "rotation": [
      1,
      0,
      0,
      0,
      1,
      0,
      0,
      0,
      1
    ]
  },
  "class_counts": {
    "Folder": 1,
    "Model": 3,
    "Part": 4,
    "UnionOperation": 12,
    "SpecialMesh": 1,
    "ParticleEmitter": 1,
    "Motor6D": 8
  },
  "nodes": [
    {
      "id": "RBX61EFA386BDF64020BF3A4C5A463B4047",
      "parent": null,
      "class": "Folder",
      "name": "BBC 2",
      "properties": {
        "Name": "BBC 2"
      }
    },
    {
      "id": "RBX1ECBC771FEC3457BB855BE1F770AAE0B",
      "parent": "RBX61EFA386BDF64020BF3A4C5A463B4047",
      "class": "Model",
      "name": "Orbs",
      "properties": {
        "PrimaryPart": null,
        "Name": "Orbs"
      }
    },
    {
      "id": "RBXDB3EA18CDAC8422D806148DB1C030C3C",
      "parent": "RBX1ECBC771FEC3457BB855BE1F770AAE0B",
      "class": "Part",
      "name": "Middle",
      "properties": {
        "shape": 1,
        "Anchored": true,
        "CanCollide": false,
        "CanQuery": true,
        "CanTouch": true,
        "Color3uint8": [
          1,
          0,
          0
        ],
        "Massless": false,
        "Material": 256,
        "PivotOffset": {
          "position": [
            0,
            0,
            0
          ],
          "rotation": [
            1,
            0,
            0,
            0,
            1,
            0,
            0,
            0,
            1
          ]
        },
        "Reflectance": 0,
        "Transparency": 1,
        "size": [
          0.200000003,
          0.200000003,
          0.200000003
        ],
        "Name": "Middle",
        "LocalCFrame": {
          "position": [
            -0.00024,
            -0.8496,
            -0.5
          ],
          "rotation": [
            1,
            0,
            0,
            0,
            1,
            0,
            0,
            0,
            1
          ]
        }
      }
    },
    {
      "id": "RBXB0F0E4FC19F64DA7BA5C9EDE62E68F40",
      "parent": "RBX1ECBC771FEC3457BB855BE1F770AAE0B",
      "class": "UnionOperation",
      "name": "color5",
      "properties": {
        "UsePartColor": true,
        "Anchored": false,
        "CanCollide": true,
        "CanQuery": true,
        "CanTouch": true,
        "Color3uint8": [
          0.972549,
          0.972549,
          0.972549
        ],
        "Massless": false,
        "Material": 272,
        "PivotOffset": {
          "position": [
            0,
            0,
            0
          ],
          "rotation": [
            1,
            0,
            0,
            0,
            1,
            0,
            0,
            0,
            1
          ]
        },
        "Reflectance": 0,
        "Transparency": 1,
        "size": [
          0.934382975,
          0.48762092,
          0.819720864
        ],
        "Name": "color5",
        "LocalCFrame": {
          "position": [
            0.0398,
            -1.2539,
            -0.48743
          ],
          "rotation": [
            -0.342874,
            -0.001166,
            0.939381,
            -0.939381,
            0.001416,
            -0.342872,
            -0.00093,
            -0.999998,
            -0.001581
          ]
        }
      }
    },
    {
      "id": "RBX5BA0CEEDD597447A87F75036D19929A4",
      "parent": "RBX61EFA386BDF64020BF3A4C5A463B4047",
      "class": "Model",
      "name": "LowerStaticA",
      "properties": {
        "PrimaryPart": "RBXDDE3080EE3594475A01320A2D07D4904",
        "Name": "LowerStaticA"
      }
    },
    {
      "id": "RBXDDE3080EE3594475A01320A2D07D4904",
      "parent": "RBX5BA0CEEDD597447A87F75036D19929A4",
      "class": "Part",
      "name": "Middle",
      "properties": {
        "shape": 1,
        "Anchored": true,
        "CanCollide": false,
        "CanQuery": true,
        "CanTouch": true,
        "Color3uint8": [
          0.972549,
          0.972549,
          0.972549
        ],
        "Massless": false,
        "Material": 272,
        "PivotOffset": {
          "position": [
            0,
            0,
            0
          ],
          "rotation": [
            1,
            0,
            0,
            0,
            1,
            0,
            0,
            0,
            1
          ]
        },
        "Reflectance": 0,
        "Transparency": 1,
        "size": [
          2,
          2,
          1
        ],
        "Name": "Middle",
        "LocalCFrame": {
          "position": [
            0,
            0,
            0
          ],
          "rotation": [
            1,
            0,
            0,
            0,
            1,
            0,
            0,
            0,
            1
          ]
        }
      }
    },
    {
      "id": "RBXEC9CAA80AC064EBBAF833136024F9D67",
      "parent": "RBXDDE3080EE3594475A01320A2D07D4904",
      "class": "SpecialMesh",
      "name": "Mesh",
      "properties": {
        "MeshType": 5,
        "MeshId": "rbxassetid://12221758",
        "TextureId": null,
        "Offset": [
          0,
          0,
          0
        ],
        "Scale": [
          1,
          1,
          1
        ],
        "VertexColor": [
          1,
          1,
          1
        ],
        "Name": "Mesh"
      }
    },
    {
      "id": "RBX672476BD2362471DB5218DC500E68E79",
      "parent": "RBX61EFA386BDF64020BF3A4C5A463B4047",
      "class": "Model",
      "name": "Rod",
      "properties": {
        "PrimaryPart": null,
        "Name": "Rod"
      }
    },
    {
      "id": "RBXFF2F9D85881240D8A94EE7CC721EE290",
      "parent": "RBX672476BD2362471DB5218DC500E68E79",
      "class": "Part",
      "name": "Middle",
      "properties": {
        "shape": 1,
        "Anchored": true,
        "CanCollide": false,
        "CanQuery": true,
        "CanTouch": true,
        "Color3uint8": [
          1,
          0,
          0
        ],
        "Massless": false,
        "Material": 256,
        "PivotOffset": {
          "position": [
            0,
            0,
            0
          ],
          "rotation": [
            1,
            0,
            0,
            0,
            1,
            0,
            0,
            0,
            1
          ]
        },
        "Reflectance": 0,
        "Transparency": 1,
        "size": [
          0.20137006,
          0.20137006,
          0.20137006
        ],
        "Name": "Middle",
        "LocalCFrame": {
          "position": [
            0.00245,
            -0.8184,
            -0.5144
          ],
          "rotation": [
            1,
            0,
            0,
            0,
            1,
            0.000038,
            0,
            -0.000038,
            1
          ]
        }
      }
    },
    {
      "id": "RBX6B73C1ED76154EFD8058AA6A41002F30",
      "parent": "RBX672476BD2362471DB5218DC500E68E79",
      "class": "Part",
      "name": "Particle1",
      "properties": {
        "shape": 1,
        "Anchored": true,
        "CanCollide": true,
        "CanQuery": true,
        "CanTouch": true,
        "Color3uint8": [
          1,
          0.580392,
          0.580392
        ],
        "Massless": false,
        "Material": 272,
        "PivotOffset": {
          "position": [
            0,
            0,
            0
          ],
          "rotation": [
            1,
            0,
            0,
            0,
            1,
            0,
            0,
            0,
            1
          ]
        },
        "Reflectance": 0,
        "Transparency": 1,
        "size": [
          0.155455127,
          0.155455127,
          0.155455127
        ],
        "Name": "Particle1",
        "LocalCFrame": {
          "position": [
            0.0127,
            -0.3985,
            -2.06812
          ],
          "rotation": [
            -0.999751,
            0.022197,
            0.002303,
            0.00367,
            0.265327,
            -0.964151,
            -0.022012,
            -0.963903,
            -0.265343
          ]
        }
      }
    },
    {
      "id": "RBXA8415B959A714B01B4B0D57C26C16889",
      "parent": "RBX6B73C1ED76154EFD8058AA6A41002F30",
      "class": "ParticleEmitter",
      "name": "Particles",
      "properties": {
        "Acceleration": [
          0,
          -15,
          0
        ],
        "Color": "0 1 1 1 0 1 1 1 1 0",
        "Drag": 0,
        "Enabled": false,
        "Lifetime": [
          1,
          1.5
        ],
        "LightEmission": 0,
        "LightInfluence": 1,
        "LockedToPart": false,
        "Rate": 25,
        "RotSpeed": [
          0,
          0
        ],
        "Rotation": [
          90,
          90
        ],
        "Size": "0 0.08 0 0.8 0.08 0 1 0 0",
        "Speed": [
          4,
          6
        ],
        "SpreadAngle": [
          10,
          10
        ],
        "Texture": "rbxassetid://3202767053",
        "TimeScale": 1,
        "Transparency": "0 0 0 0.9 0 0 1 1 0",
        "VelocityInheritance": 0,
        "ZOffset": 0,
        "Name": "Particles"
      }
    },
    {
      "id": "RBXA839E2F699344E00B46DE51DDD2F9038",
      "parent": "RBX672476BD2362471DB5218DC500E68E79",
      "class": "UnionOperation",
      "name": "color5",
      "properties": {
        "UsePartColor": true,
        "Anchored": false,
        "CanCollide": true,
        "CanQuery": true,
        "CanTouch": true,
        "Color3uint8": [
          0.972549,
          0.972549,
          0.972549
        ],
        "Massless": false,
        "Material": 272,
        "PivotOffset": {
          "position": [
            0,
            0,
            0
          ],
          "rotation": [
            1,
            0,
            0,
            0,
            1,
            0,
            0,
            0,
            1
          ]
        },
        "Reflectance": 0,
        "Transparency": 1,
        "size": [
          0.0672404617,
          0.74760133,
          0.094783783
        ],
        "Name": "color5",
        "LocalCFrame": {
          "position": [
            -0.12719,
            -0.9512,
            -0.76196
          ],
          "rotation": [
            0.666572,
            -0.173829,
            -0.72489,
            -0.719341,
            0.10507,
            -0.686665,
            0.195526,
            0.979155,
            -0.055006
          ]
        }
      }
    },
    {
      "id": "RBX641006F88A3A435BB9C61820FCB748F6",
      "parent": "RBX672476BD2362471DB5218DC500E68E79",
      "class": "UnionOperation",
      "name": "color5",
      "properties": {
        "UsePartColor": true,
        "Anchored": false,
        "CanCollide": true,
        "CanQuery": true,
        "CanTouch": true,
        "Color3uint8": [
          0.972549,
          0.972549,
          0.972549
        ],
        "Massless": false,
        "Material": 272,
        "PivotOffset": {
          "position": [
            0,
            0,
            0
          ],
          "rotation": [
            1,
            0,
            0,
            0,
            1,
            0,
            0,
            0,
            1
          ]
        },
        "Reflectance": 0,
        "Transparency": 1,
        "size": [
          0.101011865,
          0.4268713,
          0.0498303063
        ],
        "Name": "color5",
        "LocalCFrame": {
          "position": [
            0.05591,
            -0.5313,
            -1.60413
          ],
          "rotation": [
            0.999438,
            -0.018992,
            -0.027642,
            -0.022939,
            0.214141,
            -0.976533,
            0.024465,
            0.976618,
            0.213585
          ]
        }
      }
    },
    {
      "id": "RBXFCE3BA3ABB2A4D3AA1093158942D2B6E",
      "parent": "RBX672476BD2362471DB5218DC500E68E79",
      "class": "UnionOperation",
      "name": "color5",
      "properties": {
        "UsePartColor": true,
        "Anchored": false,
        "CanCollide": true,
        "CanQuery": true,
        "CanTouch": true,
        "Color3uint8": [
          0.972549,
          0.972549,
          0.972549
        ],
        "Massless": false,
        "Material": 272,
        "PivotOffset": {
          "position": [
            0,
            0,
            0
          ],
          "rotation": [
            1,
            0,
            0,
            0,
            1,
            0,
            0,
            0,
            1
          ]
        },
        "Reflectance": 0,
        "Transparency": 1,
        "size": [
          0.193128511,
          0.958393097,
          0.129691765
        ],
        "Name": "color5",
        "LocalCFrame": {
          "position": [
            0.06397,
            -0.6387,
            -0.75977
          ],
          "rotation": [
            0.922327,
            -0.267771,
            0.278588,
            0.267695,
            -0.077144,
            -0.960411,
            0.278661,
            0.960389,
            0.000528
          ]
        }
      }
    },
    {
      "id": "RBXEDA0A1ABFA1445A1ACF49DE15AB75C00",
      "parent": "RBX672476BD2362471DB5218DC500E68E79",
      "class": "UnionOperation",
      "name": "color5",
      "properties": {
        "UsePartColor": true,
        "Anchored": false,
        "CanCollide": true,
        "CanQuery": true,
        "CanTouch": true,
        "Color3uint8": [
          0.972549,
          0.972549,
          0.972549
        ],
        "Massless": false,
        "Material": 272,
        "PivotOffset": {
          "position": [
            0,
            0,
            0
          ],
          "rotation": [
            1,
            0,
            0,
            0,
            1,
            0,
            0,
            0,
            1
          ]
        },
        "Reflectance": 0,
        "Transparency": 1,
        "size": [
          0.159674957,
          0.414373487,
          0.159429312
        ],
        "Name": "color5",
        "LocalCFrame": {
          "position": [
            0.21021,
            -0.6895,
            -1.50195
          ],
          "rotation": [
            0.303835,
            -0.314185,
            -0.899429,
            -0.838378,
            0.36027,
            -0.40906,
            0.45256,
            0.878352,
            -0.153943
          ]
        }
      }
    },
    {
      "id": "RBXB56ADF2B7FF440789A22EF5F569B53B3",
      "parent": "RBX672476BD2362471DB5218DC500E68E79",
      "class": "UnionOperation",
      "name": "color5",
      "properties": {
        "UsePartColor": true,
        "Anchored": false,
        "CanCollide": true,
        "CanQuery": true,
        "CanTouch": true,
        "Color3uint8": [
          0.972549,
          0.972549,
          0.972549
        ],
        "Massless": false,
        "Material": 272,
        "PivotOffset": {
          "position": [
            0,
            0,
            0
          ],
          "rotation": [
            1,
            0,
            0,
            0,
            1,
            0,
            0,
            0,
            1
          ]
        },
        "Reflectance": 0,
        "Transparency": 1,
        "size": [
          0.231794223,
          0.372422874,
          0.230792791
        ],
        "Name": "color5",
        "LocalCFrame": {
          "position": [
            0.19727,
            -0.75,
            -1.31531
          ],
          "rotation": [
            0.017919,
            0.249478,
            -0.968215,
            -0.466685,
            0.858498,
            0.21257,
            0.884242,
            0.448042,
            0.131811
          ]
        }
      }
    },
    {
      "id": "RBXC6DEB3918D0E4828B13F25F18CBF5E86",
      "parent": "RBX672476BD2362471DB5218DC500E68E79",
      "class": "UnionOperation",
      "name": "color5",
      "properties": {
        "UsePartColor": true,
        "Anchored": false,
        "CanCollide": true,
        "CanQuery": true,
        "CanTouch": true,
        "Color3uint8": [
          0.972549,
          0.972549,
          0.972549
        ],
        "Massless": false,
        "Material": 272,
        "PivotOffset": {
          "position": [
            0,
            0,
            0
          ],
          "rotation": [
            1,
            0,
            0,
            0,
            1,
            0,
            0,
            0,
            1
          ]
        },
        "Reflectance": 0,
        "Transparency": 1,
        "size": [
          0.209427893,
          0.871791184,
          0.223462313
        ],
        "Name": "color5",
        "LocalCFrame": {
          "position": [
            -0.13574,
            -0.9629,
            -0.91919
          ],
          "rotation": [
            0.685659,
            0.463744,
            0.561081,
            0.687674,
            -0.159912,
            -0.70819,
            -0.238696,
            0.871418,
            -0.42855
          ]
        }
      }
    },
    {
      "id": "RBX11ECA8853BF34D5F8202919553D3D3A1",
      "parent": "RBX672476BD2362471DB5218DC500E68E79",
      "class": "UnionOperation",
      "name": "color5",
      "properties": {
        "UsePartColor": true,
        "Anchored": false,
        "CanCollide": true,
        "CanQuery": true,
        "CanTouch": true,
        "Color3uint8": [
          0.972549,
          0.972549,
          0.972549
        ],
        "Massless": false,
        "Material": 272,
        "PivotOffset": {
          "position": [
            0,
            0,
            0
          ],
          "rotation": [
            1,
            0,
            0,
            0,
            1,
            0,
            0,
            0,
            1
          ]
        },
        "Reflectance": 0,
        "Transparency": 1,
        "size": [
          0.09340287,
          0.336072564,
          0.297804117
        ],
        "Name": "color5",
        "LocalCFrame": {
          "position": [
            -0.19116,
            -0.8321,
            -1.61853
          ],
          "rotation": [
            0.964944,
            0.18556,
            0.185611,
            0.245322,
            -0.889032,
            -0.386577,
            0.093281,
            0.418562,
            -0.903391
          ]
        }
      }
    },
    {
      "id": "RBX670AE002181149318D2707E3701770AF",
      "parent": "RBX672476BD2362471DB5218DC500E68E79",
      "class": "UnionOperation",
      "name": "color5",
      "properties": {
        "UsePartColor": true,
        "Anchored": false,
        "CanCollide": true,
        "CanQuery": true,
        "CanTouch": true,
        "Color3uint8": [
          0.972549,
          0.972549,
          0.972549
        ],
        "Massless": false,
        "Material": 272,
        "PivotOffset": {
          "position": [
            0,
            0,
            0
          ],
          "rotation": [
            1,
            0,
            0,
            0,
            1,
            0,
            0,
            0,
            1
          ]
        },
        "Reflectance": 0,
        "Transparency": 1,
        "size": [
          0.157960832,
          0.723692298,
          0.23527348
        ],
        "Name": "color5",
        "LocalCFrame": {
          "position": [
            -0.17944,
            -0.8555,
            -1.48096
          ],
          "rotation": [
            0.94893,
            -0.0343,
            0.313616,
            0.315299,
            0.068887,
            -0.946489,
            0.010861,
            0.997035,
            0.076184
          ]
        }
      }
    },
    {
      "id": "RBX3FD3B63360174F00AD85A5E3D0ECB93E",
      "parent": "RBX672476BD2362471DB5218DC500E68E79",
      "class": "UnionOperation",
      "name": "color1",
      "properties": {
        "UsePartColor": true,
        "Anchored": false,
        "CanCollide": true,
        "CanQuery": true,
        "CanTouch": true,
        "Color3uint8": [
          0.972549,
          0.972549,
          0.972549
        ],
        "Massless": false,
        "Material": 272,
        "PivotOffset": {
          "position": [
            0,
            0,
            0
          ],
          "rotation": [
            1,
            0,
            0,
            0,
            1,
            0,
            0,
            0,
            1
          ]
        },
        "Reflectance": 0,
        "Transparency": 1,
        "size": [
          0.444578707,
          0.463351339,
          0.338040709
        ],
        "Name": "color1",
        "LocalCFrame": {
          "position": [
            0.01123,
            -0.4492,
            -1.89343
          ],
          "rotation": [
            -1,
            -0.000008,
            -0.000055,
            -0.000052,
            0.49033,
            0.871537,
            0.00002,
            0.871537,
            -0.490331
          ]
        }
      }
    },
    {
      "id": "RBX60F5DE86347F43C68467DF26825D39ED",
      "parent": "RBX672476BD2362471DB5218DC500E68E79",
      "class": "UnionOperation",
      "name": "color5",
      "properties": {
        "UsePartColor": true,
        "Anchored": false,
        "CanCollide": true,
        "CanQuery": true,
        "CanTouch": true,
        "Color3uint8": [
          0.972549,
          0.972549,
          0.972549
        ],
        "Massless": false,
        "Material": 272,
        "PivotOffset": {
          "position": [
            0,
            0,
            0
          ],
          "rotation": [
            1,
            0,
            0,
            0,
            1,
            0,
            0,
            0,
            1
          ]
        },
        "Reflectance": 0,
        "Transparency": 1,
        "size": [
          0.239110559,
          1.65540743,
          0.673674107
        ],
        "Name": "color5",
        "LocalCFrame": {
          "position": [
            0.00562,
            -0.8184,
            -1.25415
          ],
          "rotation": [
            -1,
            0.000041,
            -0.000033,
            -0.000049,
            -0.476723,
            0.879054,
            0.000021,
            0.879054,
            0.476723
          ]
        }
      }
    },
    {
      "id": "RBX89A7C65DABA240A0AD0038B011F415BD",
      "parent": "RBX672476BD2362471DB5218DC500E68E79",
      "class": "UnionOperation",
      "name": "color5",
      "properties": {
        "UsePartColor": true,
        "Anchored": false,
        "CanCollide": true,
        "CanQuery": true,
        "CanTouch": true,
        "Color3uint8": [
          0.972549,
          0.972549,
          0.972549
        ],
        "Massless": false,
        "Material": 272,
        "PivotOffset": {
          "position": [
            0,
            0,
            0
          ],
          "rotation": [
            1,
            0,
            0,
            0,
            1,
            0,
            0,
            0,
            1
          ]
        },
        "Reflectance": 0,
        "Transparency": 1,
        "size": [
          0.564713299,
          1.92810857,
          0.60895431
        ],
        "Name": "color5",
        "LocalCFrame": {
          "position": [
            0.00537,
            -0.8047,
            -1.13074
          ],
          "rotation": [
            -1,
            0.000031,
            -0.000044,
            -0.00005,
            -0.207794,
            0.978173,
            0.000022,
            0.978173,
            0.207794
          ]
        }
      }
    },
    {
      "id": "RBXCDB89C05B8864F698E5720D6CE0A2B99",
      "parent": "RBX89A7C65DABA240A0AD0038B011F415BD",
      "class": "Motor6D",
      "name": "urethra",
      "properties": {
        "C0": {
          "position": [
            -0.000150749649,
            -0.117961615,
            -0.0386496186
          ],
          "rotation": [
            1,
            0.00000136332346,
            -3.03055458e-7,
            -0.00000122116944,
            0.95892626,
            0.283655882,
            6.73657382e-7,
            -0.283655852,
            0.95892626
          ]
        },
        "C1": {
          "position": [
            0,
            0,
            0
          ],
          "rotation": [
            1,
            0,
            0,
            0,
            1,
            0,
            0,
            0,
            1
          ]
        },
        "Enabled": true,
        "Part0": "RBX89A7C65DABA240A0AD0038B011F415BD",
        "Part1": "RBX60F5DE86347F43C68467DF26825D39ED",
        "Name": "urethra"
      }
    },
    {
      "id": "RBX443DA15F4DC343A5A93CDA216D618F95",
      "parent": "RBX89A7C65DABA240A0AD0038B011F415BD",
      "class": "Motor6D",
      "name": "tip",
      "properties": {
        "C0": {
          "position": [
            -0.0059357672,
            -0.820115805,
            0.190118879
          ],
          "rotation": [
            1,
            0.00000207558151,
            9.18792466e-7,
            -9.50723916e-7,
            0.75062573,
            -0.660727739,
            -0.00000206473169,
            0.66072768,
            0.75062573
          ]
        },
        "C1": {
          "position": [
            0,
            0,
            0
          ],
          "rotation": [
            1,
            0,
            0,
            0,
            1,
            0,
            0,
            0,
            1
          ]
        },
        "Enabled": true,
        "Part0": "RBX89A7C65DABA240A0AD0038B011F415BD",
        "Part1": "RBX3FD3B63360174F00AD85A5E3D0ECB93E",
        "Name": "tip"
      }
    },
    {
      "id": "RBX2AF6315883FE45BD809AD8F3616E65C6",
      "parent": "RBX89A7C65DABA240A0AD0038B011F415BD",
      "class": "Motor6D",
      "name": "Union",
      "properties": {
        "C0": {
          "position": [
            -0.204812229,
            -0.387238175,
            0.0362823829
          ],
          "rotation": [
            -0.303783685,
            0.31418559,
            0.899445951,
            0.616900623,
            0.784308553,
            -0.0656115264,
            -0.726053238,
            0.534935832,
            -0.432079792
          ]
        },
        "C1": {
          "position": [
            0,
            0,
            0
          ],
          "rotation": [
            1,
            0,
            0,
            0,
            1,
            0,
            0,
            0,
            1
          ]
        },
        "Enabled": true,
        "Part0": "RBX89A7C65DABA240A0AD0038B011F415BD",
        "Part1": "RBXEDA0A1ABFA1445A1ACF49DE15AB75C00",
        "Name": "Union"
      }
    },
    {
      "id": "RBX75ED600A462C4422810069D724181EEF",
      "parent": "RBX89A7C65DABA240A0AD0038B011F415BD",
      "class": "Motor6D",
      "name": "Union",
      "properties": {
        "C0": {
          "position": [
            0.184819087,
            -0.331913054,
            -0.122704335
          ],
          "rotation": [
            -0.948945522,
            0.0343185924,
            -0.313567549,
            -0.0548634455,
            0.960956752,
            0.271205038,
            0.310632259,
            0.27456221,
            -0.910012782
          ]
        },
        "C1": {
          "position": [
            0,
            0,
            0
          ],
          "rotation": [
            1,
            0,
            0,
            0,
            1,
            0,
            0,
            0,
            1
          ]
        },
        "Enabled": true,
        "Part0": "RBX89A7C65DABA240A0AD0038B011F415BD",
        "Part1": "RBX670AE002181149318D2707E3701770AF",
        "Name": "Union"
      }
    },
    {
      "id": "RBX440D4E888BE94C6A8ACA38FB61FC6844",
      "parent": "RBX89A7C65DABA240A0AD0038B011F415BD",
      "class": "Motor6D",
      "name": "Union",
      "properties": {
        "C0": {
          "position": [
            0.141214743,
            0.239767328,
            -0.110757418
          ],
          "rotation": [
            -0.685698569,
            -0.46371761,
            -0.561055541,
            -0.376358211,
            0.885640562,
            -0.272020817,
            0.623034537,
            0.0246336069,
            -0.781806469
          ]
        },
        "C1": {
          "position": [
            0,
            0,
            0
          ],
          "rotation": [
            1,
            0,
            0,
            0,
            1,
            0,
            0,
            0,
            1
          ]
        },
        "Enabled": true,
        "Part0": "RBX89A7C65DABA240A0AD0038B011F415BD",
        "Part1": "RBXC6DEB3918D0E4828B13F25F18CBF5E86",
        "Name": "Union"
      }
    },
    {
      "id": "RBX215E0CE0B7D84AD4AED3C222CA309D97",
      "parent": "RBX89A7C65DABA240A0AD0038B011F415BD",
      "class": "Motor6D",
      "name": "Union",
      "properties": {
        "C0": {
          "position": [
            -0.191847801,
            -0.192092732,
            0.0160147976
          ],
          "rotation": [
            -0.0178767499,
            -0.24951078,
            0.968206942,
            0.961916268,
            0.259879798,
            0.0847326368,
            -0.27275908,
            0.93284893,
            0.235362619
          ]
        },
        "C1": {
          "position": [
            0,
            0,
            0
          ],
          "rotation": [
            1,
            0,
            0,
            0,
            1,
            0,
            0,
            0,
            1
          ]
        },
        "Enabled": true,
        "Part0": "RBX89A7C65DABA240A0AD0038B011F415BD",
        "Part1": "RBXB56ADF2B7FF440789A22EF5F569B53B3",
        "Name": "Union"
      }
    },
    {
      "id": "RBXCC5B8F3B25B440B0920C8162B95C814C",
      "parent": "RBX89A7C65DABA240A0AD0038B011F415BD",
      "class": "Motor6D",
      "name": "Union",
      "properties": {
        "C0": {
          "position": [
            -0.0585097075,
            0.328332722,
            0.239867404
          ],
          "rotation": [
            -0.922334492,
            0.267795175,
            -0.278540492,
            0.216982558,
            0.955448329,
            0.200092822,
            0.319714934,
            0.124114089,
            -0.93934989
          ]
        },
        "C1": {
          "position": [
            0,
            0,
            0
          ],
          "rotation": [
            1,
            0,
            0,
            0,
            1,
            0,
            0,
            0,
            1
          ]
        },
        "Enabled": true,
        "Part0": "RBX89A7C65DABA240A0AD0038B011F415BD",
        "Part1": "RBXFCE3BA3ABB2A4D3AA1093158942D2B6E",
        "Name": "Union"
      }
    },
    {
      "id": "RBX67601E8DF0114354A81DE5ED99746F85",
      "parent": "RBX89A7C65DABA240A0AD0038B011F415BD",
      "class": "Motor6D",
      "name": "Union",
      "properties": {
        "C0": {
          "position": [
            0.196577579,
            -0.471695662,
            -0.127200902
          ],
          "rotation": [
            -0.964953959,
            -0.185506433,
            -0.185611039,
            0.040298935,
            0.594166815,
            -0.803338349,
            0.259307563,
            -0.782660186,
            -0.565866709
          ]
        },
        "C1": {
          "position": [
            0,
            0,
            0
          ],
          "rotation": [
            1,
            0,
            0,
            0,
            1,
            0,
            0,
            0,
            1
          ]
        },
        "Enabled": true,
        "Part0": "RBX89A7C65DABA240A0AD0038B011F415BD",
        "Part1": "RBX11ECA8853BF34D5F8202919553D3D3A1",
        "Name": "Union"
      }
    }
  ]
}
