{
  "format": "overlay_json_v1",
  "kind": "morph_bundle",
  "version": 1,
  "asset_id": "morph_2099-pocket-watch",
  "name": "Pocket Watch",
  "source_file": "2099-pocket-watch.rbxmx",
  "anchor": "Head",
  "anchor_candidates": [
    "Head",
    "UpperTorso",
    "Torso",
    "HumanoidRootPart"
  ],
  "jiggle": false,
  "root_cframe": {
    "position": [
      53.9775429,
      33.2477684,
      0.0569280013
    ],
    "rotation": [
      1,
      -0.0000140000002,
      0,
      0.0000140000002,
      1,
      0,
      0,
      0,
      1
    ]
  },
  "class_counts": {
    "Folder": 2,
    "Model": 5,
    "Part": 5,
    "SpecialMesh": 1,
    "Attachment": 2,
    "Weld": 21,
    "MeshPart": 15,
    "UnionOperation": 2
  },
  "nodes": [
    {
      "id": "RBX377E3F729C874D8CB2B0F3A9C9945CFD",
      "parent": null,
      "class": "Folder",
      "name": "Pocket Watch",
      "properties": {
        "Name": "Pocket Watch"
      }
    },
    {
      "id": "RBX525406E091B34381955A90D4DDF479E0",
      "parent": "RBX377E3F729C874D8CB2B0F3A9C9945CFD",
      "class": "Model",
      "name": "UpperStatic",
      "properties": {
        "PrimaryPart": "RBX18A08BFB8E5C40D38AB80F0DE4679197",
        "Name": "UpperStatic"
      }
    },
    {
      "id": "RBX18A08BFB8E5C40D38AB80F0DE4679197",
      "parent": "RBX525406E091B34381955A90D4DDF479E0",
      "class": "Part",
      "name": "Middle",
      "properties": {
        "shape": 1,
        "Anchored": true,
        "CanCollide": false,
        "CanQuery": true,
        "CanTouch": true,
        "Color3uint8": [
          0.972549,
          0.972549,
          0.972549
        ],
        "Massless": false,
        "Material": 272,
        "PivotOffset": {
          "position": [
            0,
            0,
            0
          ],
          "rotation": [
            1,
            0,
            0,
            0,
            1,
            0,
            0,
            0,
            1
          ]
        },
        "Reflectance": 0,
        "Transparency": 1,
        "size": [
          2,
          2,
          1
        ],
        "Name": "Middle",
        "LocalCFrame": {
          "position": [
            0,
            0,
            0
          ],
          "rotation": [
            1,
            0,
            0,
            0,
            1,
            0,
            0,
            0,
            1
          ]
        }
      }
    },
    {
      "id": "RBX0B141F227B244408A1115104B1597C09",
      "parent": "RBX18A08BFB8E5C40D38AB80F0DE4679197",
      "class": "SpecialMesh",
      "name": "MaleMesh",
      "properties": {
        "MeshType": 5,
        "MeshId": "rbxassetid://12221758",
        "TextureId": null,
        "Offset": [
          0,
          0,
          0
        ],
        "Scale": [
          1,
          1,
          1
        ],
        "VertexColor": [
          1,
          1,
          1
        ],
        "Name": "MaleMesh"
      }
    },
    {
      "id": "RBX4125B31DC6294AB8A55DF3285B4FFC13",
      "parent": "RBX18A08BFB8E5C40D38AB80F0DE4679197",
      "class": "Attachment",
      "name": "Attachment",
      "properties": {
        "CFrame": {
          "position": [
            0.219986856,
            -0.919999838,
            -0.540003538
          ],
          "rotation": [
            0.819152296,
            0.573576093,
            0.0000029653047,
            -0.573576093,
            0.819152355,
            0.00000141541807,
            -0.00000161718594,
            -0.0000028602708,
            1.00000012
          ]
        },
        "Name": "Attachment"
      }
    },
    {
      "id": "RBX17CFDFEDA431412FBF11F605D0C0748A",
      "parent": "RBX18A08BFB8E5C40D38AB80F0DE4679197",
      "class": "Folder",
      "name": "Welds",
      "properties": {
        "Name": "Welds"
      }
    },
    {
      "id": "RBX85BC85A3F1654A20BA6154814E8E18A7",
      "parent": "RBX17CFDFEDA431412FBF11F605D0C0748A",
      "class": "Weld",
      "name": "Part",
      "properties": {
        "C0": {
          "position": [
            1.02129233,
            -1.17750406,
            -0.235466897
          ],
          "rotation": [
            1,
            0.00000947670651,
            0.00000880521657,
            -0.0000126878585,
            0.829039991,
            0.559189498,
            -0.00000196976202,
            -0.559189677,
            0.829039812
          ]
        },
        "C1": {
          "position": [
            0,
            0,
            0
          ],
          "rotation": [
            1,
            0,
            0,
            0,
            1,
            0,
            0,
            0,
            1
          ]
        },
        "Enabled": true,
        "Part0": "RBX18A08BFB8E5C40D38AB80F0DE4679197",
        "Part1": "RBXBC75553DE4394B74B38F87BF4E4BDCAD",
        "Name": "Part"
      }
    },
    {
      "id": "RBX037BBC25AC2B4680B9A42D69914F45DF",
      "parent": "RBX17CFDFEDA431412FBF11F605D0C0748A",
      "class": "Weld",
      "name": "Union",
      "properties": {
        "C0": {
          "position": [
            0.978355587,
            -1.17894506,
            -0.235878438
          ],
          "rotation": [
            -0.00000537211963,
            1,
            -0.0000117677591,
            -0.269601017,
            -0.0000126878585,
            -0.962972224,
            -0.962972045,
            -0.00000196976202,
            0.269601226
          ]
        },
        "C1": {
          "position": [
            0,
            0,
            0
          ],
          "rotation": [
            1,
            0,
            0,
            0,
            1,
            0,
            0,
            0,
            1
          ]
        },
        "Enabled": true,
        "Part0": "RBX18A08BFB8E5C40D38AB80F0DE4679197",
        "Part1": "RBX4E3D850EB16E4CF89C25D96215162941",
        "Name": "Union"
      }
    },
    {
      "id": "RBX1CCAC2DD175D49F895ADD0C6B1DF7994",
      "parent": "RBX17CFDFEDA431412FBF11F605D0C0748A",
      "class": "Weld",
      "name": "Union",
      "properties": {
        "C0": {
          "position": [
            1.00321937,
            -1.17737818,
            -0.235435098
          ],
          "rotation": [
            1,
            0.00000947670651,
            0.00000880521657,
            -0.0000126878585,
            0.829039991,
            0.559189498,
            -0.00000196976202,
            -0.559189677,
            0.829039812
          ]
        },
        "C1": {
          "position": [
            0,
            0,
            0
          ],
          "rotation": [
            1,
            0,
            0,
            0,
            1,
            0,
            0,
            0,
            1
          ]
        },
        "Enabled": true,
        "Part0": "RBX18A08BFB8E5C40D38AB80F0DE4679197",
        "Part1": "RBX9DD7AE6BE6024C379ACEE7D27F076167",
        "Name": "Union"
      }
    },
    {
      "id": "RBX7E3BDBE32FCA4BCC80E6A2F78230C237",
      "parent": "RBX17CFDFEDA431412FBF11F605D0C0748A",
      "class": "Weld",
      "name": "Meshes/ring",
      "properties": {
        "C0": {
          "position": [
            1.03123569,
            -1.10358357,
            -0.491039962
          ],
          "rotation": [
            1.00000381,
            -0.0000128468891,
            0.0000015160897,
            -0.0000126879067,
            -0.963039517,
            0.269378096,
            -0.00000196976953,
            -0.269371241,
            -0.963038743
          ]
        },
        "C1": {
          "position": [
            0,
            0,
            0
          ],
          "rotation": [
            1,
            0,
            0,
            0,
            1,
            0,
            0,
            0,
            1
          ]
        },
        "Enabled": true,
        "Part0": "RBX18A08BFB8E5C40D38AB80F0DE4679197",
        "Part1": "RBX47245089DEC9438BAE8BB033799B49DE",
        "Name": "Meshes/ring"
      }
    },
    {
      "id": "RBXF7A9A229AEBD43E18080B3384AEB994A",
      "parent": "RBX17CFDFEDA431412FBF11F605D0C0748A",
      "class": "Weld",
      "name": "Meshes/ring",
      "properties": {
        "C0": {
          "position": [
            1.03123569,
            -1.11390233,
            -0.45426476
          ],
          "rotation": [
            1.00000381,
            -0.0000128468891,
            0.0000015160897,
            -0.0000126879067,
            -0.963039517,
            0.269378096,
            -0.00000196976953,
            -0.269371241,
            -0.963038743
          ]
        },
        "C1": {
          "position": [
            0,
            0,
            0
          ],
          "rotation": [
            1,
            0,
            0,
            0,
            1,
            0,
            0,
            0,
            1
          ]
        },
        "Enabled": true,
        "Part0": "RBX18A08BFB8E5C40D38AB80F0DE4679197",
        "Part1": "RBX1BE732E758A14AF5A9418C85AB5AE4CE",
        "Name": "Meshes/ring"
      }
    },
    {
      "id": "RBXAA9904A7DA264452BA01129CB8A038A6",
      "parent": "RBX17CFDFEDA431412FBF11F605D0C0748A",
      "class": "Weld",
      "name": "HEAD",
      "properties": {
        "C0": {
          "position": [
            1.03128719,
            -0.876811743,
            -0.442552745
          ],
          "rotation": [
            1,
            0.00000947670651,
            0.00000880521657,
            -0.0000126878585,
            0.829039991,
            0.559189498,
            -0.00000196976202,
            -0.559189677,
            0.829039812
          ]
        },
        "C1": {
          "position": [
            0,
            0,
            0
          ],
          "rotation": [
            1,
            0,
            0,
            0,
            1,
            0,
            0,
            0,
            1
          ]
        },
        "Enabled": true,
        "Part0": "RBX18A08BFB8E5C40D38AB80F0DE4679197",
        "Part1": "RBX27C6EB818C1F40A895C127524BFACB07",
        "Name": "HEAD"
      }
    },
    {
      "id": "RBXB642F19EE2754ECDAA63E7F5A428CCA8",
      "parent": "RBX17CFDFEDA431412FBF11F605D0C0748A",
      "class": "Weld",
      "name": "HEAD",
      "properties": {
        "C0": {
          "position": [
            1.03128636,
            -0.95588994,
            -0.389214396
          ],
          "rotation": [
            1,
            0.00000947670651,
            0.00000880521657,
            -0.0000126878585,
            0.829039991,
            0.559189498,
            -0.00000196976202,
            -0.559189677,
            0.829039812
          ]
        },
        "C1": {
          "position": [
            0,
            0,
            0
          ],
          "rotation": [
            1,
            0,
            0,
            0,
            1,
            0,
            0,
            0,
            1
          ]
        },
        "Enabled": true,
        "Part0": "RBX18A08BFB8E5C40D38AB80F0DE4679197",
        "Part1": "RBX6AD7DC090F7B422C85128B9E6CF8B1B5",
        "Name": "HEAD"
      }
    },
    {
      "id": "RBXAD8C9C76ABE04489A8F9E2F4BA110D9E",
      "parent": "RBX17CFDFEDA431412FBF11F605D0C0748A",
      "class": "Weld",
      "name": "Meshes/ring",
      "properties": {
        "C0": {
          "position": [
            1.03128707,
            -0.888822317,
            -0.434451401
          ],
          "rotation": [
            -1,
            -0.00000947670651,
            0.00000880521657,
            0.0000126878585,
            -0.829039991,
            0.559189498,
            0.00000196976202,
            0.559189677,
            0.829039812
          ]
        },
        "C1": {
          "position": [
            0,
            0,
            0
          ],
          "rotation": [
            1,
            0,
            0,
            0,
            1,
            0,
            0,
            0,
            1
          ]
        },
        "Enabled": true,
        "Part0": "RBX18A08BFB8E5C40D38AB80F0DE4679197",
        "Part1": "RBXF5765E6F06E34A7780A98B28E7EED85C",
        "Name": "Meshes/ring"
      }
    },
    {
      "id": "RBX64243955ED0E425B8CFAF298C33BE75C",
      "parent": "RBX17CFDFEDA431412FBF11F605D0C0748A",
      "class": "Weld",
      "name": "Meshes/ring",
      "properties": {
        "C0": {
          "position": [
            1.03123808,
            -0.933877945,
            -0.404117972
          ],
          "rotation": [
            1,
            -0.00000880521657,
            0.00000947670651,
            -0.0000126878585,
            -0.559189498,
            0.829039991,
            -0.00000196976202,
            -0.829039812,
            -0.559189677
          ]
        },
        "C1": {
          "position": [
            0,
            0,
            0
          ],
          "rotation": [
            1,
            0,
            0,
            0,
            1,
            0,
            0,
            0,
            1
          ]
        },
        "Enabled": true,
        "Part0": "RBX18A08BFB8E5C40D38AB80F0DE4679197",
        "Part1": "RBX8D673366113443A7997998D239171382",
        "Name": "Meshes/ring"
      }
    },
    {
      "id": "RBX9C25EF62011C404F85AF1FC3EB8B8C7B",
      "parent": "RBX17CFDFEDA431412FBF11F605D0C0748A",
      "class": "Weld",
      "name": "Meshes/ring",
      "properties": {
        "C0": {
          "position": [
            1.0312382,
            -0.920082569,
            -0.413423002
          ],
          "rotation": [
            1,
            -0.00000880521657,
            0.00000947670651,
            -0.0000126878585,
            -0.559189498,
            0.829039991,
            -0.00000196976202,
            -0.829039812,
            -0.559189677
          ]
        },
        "C1": {
          "position": [
            0,
            0,
            0
          ],
          "rotation": [
            1,
            0,
            0,
            0,
            1,
            0,
            0,
            0,
            1
          ]
        },
        "Enabled": true,
        "Part0": "RBX18A08BFB8E5C40D38AB80F0DE4679197",
        "Part1": "RBX75B15BA5EB384E7394B9F756118F9913",
        "Name": "Meshes/ring"
      }
    },
    {
      "id": "RBX378DAD4895CC4545ABE20CBE260B0E8E",
      "parent": "RBX17CFDFEDA431412FBF11F605D0C0748A",
      "class": "Weld",
      "name": "Meshes/ring",
      "properties": {
        "C0": {
          "position": [
            1.03123748,
            -0.986239433,
            -0.368800044
          ],
          "rotation": [
            1,
            -0.00000880521657,
            0.00000947670651,
            -0.0000126878585,
            -0.559189498,
            0.829039991,
            -0.00000196976202,
            -0.829039812,
            -0.559189677
          ]
        },
        "C1": {
          "position": [
            0,
            0,
            0
          ],
          "rotation": [
            1,
            0,
            0,
            0,
            1,
            0,
            0,
            0,
            1
          ]
        },
        "Enabled": true,
        "Part0": "RBX18A08BFB8E5C40D38AB80F0DE4679197",
        "Part1": "RBX9A85B8157BE9475B868C22F5E7297D6C",
        "Name": "Meshes/ring"
      }
    },
    {
      "id": "RBX7A37A6655DA84D6FB1084E80EAFD93EB",
      "parent": "RBX17CFDFEDA431412FBF11F605D0C0748A",
      "class": "Weld",
      "name": "Ring 3",
      "properties": {
        "C0": {
          "position": [
            1.03128672,
            -0.916489601,
            -0.415789783
          ],
          "rotation": [
            0.00000880521657,
            -1,
            -0.00000947670651,
            0.559189498,
            0.0000126878585,
            -0.829039991,
            0.829039812,
            0.00000196976202,
            0.559189677
          ]
        },
        "C1": {
          "position": [
            0,
            0,
            0
          ],
          "rotation": [
            1,
            0,
            0,
            0,
            1,
            0,
            0,
            0,
            1
          ]
        },
        "Enabled": true,
        "Part0": "RBX18A08BFB8E5C40D38AB80F0DE4679197",
        "Part1": "RBX6F5A9F1334484DE1812E67ACB5099A9F",
        "Name": "Ring 3"
      }
    },
    {
      "id": "RBX9BAAED8643D148EDA86230A18CBBC13F",
      "parent": "RBX17CFDFEDA431412FBF11F605D0C0748A",
      "class": "Weld",
      "name": "Base",
      "properties": {
        "C0": {
          "position": [
            0.966401637,
            -1.17707157,
            -0.235238895
          ],
          "rotation": [
            -1,
            0.000012274998,
            0.00000408218057,
            0.0000126878585,
            0.888682663,
            0.458522707,
            0.00000196976202,
            0.458522499,
            -0.888682842
          ]
        },
        "C1": {
          "position": [
            0,
            0,
            0
          ],
          "rotation": [
            1,
            0,
            0,
            0,
            1,
            0,
            0,
            0,
            1
          ]
        },
        "Enabled": true,
        "Part0": "RBX18A08BFB8E5C40D38AB80F0DE4679197",
        "Part1": "RBX8A7A32996ADE4E8AA9BBE1586DE84092",
        "Name": "Base"
      }
    },
    {
      "id": "RBXBA54A4926C8B4CEBAAC925DC50CFA1BC",
      "parent": "RBX17CFDFEDA431412FBF11F605D0C0748A",
      "class": "Weld",
      "name": "Hours",
      "properties": {
        "C0": {
          "position": [
            0.979551256,
            -1.16332579,
            -0.263253778
          ],
          "rotation": [
            0.00000408232017,
            -1,
            0.0000122749525,
            0.45853278,
            0.0000126878585,
            0.888677537,
            -0.888677597,
            0.00000196976202,
            0.458532631
          ]
        },
        "C1": {
          "position": [
            0,
            0,
            0
          ],
          "rotation": [
            1,
            0,
            0,
            0,
            1,
            0,
            0,
            0,
            1
          ]
        },
        "Enabled": true,
        "Part0": "RBX18A08BFB8E5C40D38AB80F0DE4679197",
        "Part1": "RBX942C6917BF9E4408955FA28C76B0F305",
        "Name": "Hours"
      }
    },
    {
      "id": "RBX08EA0263CD1D4C0E9F3DE15BF6EAD74F",
      "parent": "RBX17CFDFEDA431412FBF11F605D0C0748A",
      "class": "Weld",
      "name": "Minutes",
      "properties": {
        "C0": {
          "position": [
            0.979551554,
            -1.14938998,
            -0.19710353
          ],
          "rotation": [
            0.00000925887434,
            -1,
            -0.00000903399359,
            0.599129796,
            0.0000126878585,
            -0.800651968,
            0.800651789,
            0.00000196976202,
            0.599129975
          ]
        },
        "C1": {
          "position": [
            0,
            0,
            0
          ],
          "rotation": [
            1,
            0,
            0,
            0,
            1,
            0,
            0,
            0,
            1
          ]
        },
        "Enabled": true,
        "Part0": "RBX18A08BFB8E5C40D38AB80F0DE4679197",
        "Part1": "RBXD61817547750462EACDEEE801F08F7C1",
        "Name": "Minutes"
      }
    },
    {
      "id": "RBX6A81B7D873F447D791FB8F35C2DAE69D",
      "parent": "RBX17CFDFEDA431412FBF11F605D0C0748A",
      "class": "Weld",
      "name": "Flat Ring Shape Thin",
      "properties": {
        "C0": {
          "position": [
            1.02068233,
            -1.17710781,
            -0.235698104
          ],
          "rotation": [
            -0.00000947670651,
            -1,
            -0.00000880521657,
            -0.829039991,
            0.0000126878585,
            -0.559189498,
            0.559189677,
            0.00000196976202,
            -0.829039812
          ]
        },
        "C1": {
          "position": [
            0,
            0,
            0
          ],
          "rotation": [
            1,
            0,
            0,
            0,
            1,
            0,
            0,
            0,
            1
          ]
        },
        "Enabled": true,
        "Part0": "RBX18A08BFB8E5C40D38AB80F0DE4679197",
        "Part1": "RBX094AACF1609E47D2A48572F490766C07",
        "Name": "Flat Ring Shape Thin"
      }
    },
    {
      "id": "RBX90EF7CD9D030401684D851EE191503E9",
      "parent": "RBX17CFDFEDA431412FBF11F605D0C0748A",
      "class": "Weld",
      "name": "HEAD",
      "properties": {
        "C0": {
          "position": [
            1.04137218,
            -1.17627001,
            -0.23652868
          ],
          "rotation": [
            0.00000880521657,
            -1,
            -0.00000947670651,
            0.559189498,
            0.0000126878585,
            -0.829039991,
            0.829039812,
            0.00000196976202,
            0.559189677
          ]
        },
        "C1": {
          "position": [
            0,
            0,
            0
          ],
          "rotation": [
            1,
            0,
            0,
            0,
            1,
            0,
            0,
            0,
            1
          ]
        },
        "Enabled": true,
        "Part0": "RBX18A08BFB8E5C40D38AB80F0DE4679197",
        "Part1": "RBXBF87487A94EC4C71B14914A23443F7A1",
        "Name": "HEAD"
      }
    },
    {
      "id": "RBX895CB3D2A19A46B7BFCA6E74610D3270",
      "parent": "RBX17CFDFEDA431412FBF11F605D0C0748A",
      "class": "Weld",
      "name": "HEAD",
      "properties": {
        "C0": {
          "position": [
            1.01973534,
            -1.17666936,
            -0.236029983
          ],
          "rotation": [
            0.00000880521657,
            -1,
            -0.00000947670651,
            0.559189498,
            0.0000126878585,
            -0.829039991,
            0.829039812,
            0.00000196976202,
            0.559189677
          ]
        },
        "C1": {
          "position": [
            0,
            0,
            0
          ],
          "rotation": [
            1,
            0,
            0,
            0,
            1,
            0,
            0,
            0,
            1
          ]
        },
        "Enabled": true,
        "Part0": "RBX18A08BFB8E5C40D38AB80F0DE4679197",
        "Part1": "RBXB159835B268446C9B516E94E3ECFD484",
        "Name": "HEAD"
      }
    },
    {
      "id": "RBX412BE04FCF824816AC0EFD181E45686D",
      "parent": "RBX17CFDFEDA431412FBF11F605D0C0748A",
      "class": "Weld",
      "name": "Ring 1",
      "properties": {
        "C0": {
          "position": [
            1.02368069,
            -1.17743182,
            -0.235514387
          ],
          "rotation": [
            -0.00000947670651,
            1,
            0.00000880521657,
            -0.829039991,
            -0.0000126878585,
            0.559189498,
            0.559189677,
            -0.00000196976202,
            0.829039812
          ]
        },
        "C1": {
          "position": [
            0,
            0,
            0
          ],
          "rotation": [
            1,
            0,
            0,
            0,
            1,
            0,
            0,
            0,
            1
          ]
        },
        "Enabled": true,
        "Part0": "RBX18A08BFB8E5C40D38AB80F0DE4679197",
        "Part1": "RBX2186E6706AFE47D79408922281EEE271",
        "Name": "Ring 1"
      }
    },
    {
      "id": "RBX878CAF19D20A4A97A72A8D3AEE3DDB36",
      "parent": "RBX17CFDFEDA431412FBF11F605D0C0748A",
      "class": "Weld",
      "name": "Ring 3",
      "properties": {
        "C0": {
          "position": [
            0.982897639,
            -1.17743134,
            -0.235514313
          ],
          "rotation": [
            -0.00000880521657,
            1,
            -0.00000947670651,
            -0.559189498,
            -0.0000126878585,
            -0.829039991,
            -0.829039812,
            -0.00000196976202,
            0.559189677
          ]
        },
        "C1": {
          "position": [
            0,
            0,
            0
          ],
          "rotation": [
            1,
            0,
            0,
            0,
            1,
            0,
            0,
            0,
            1
          ]
        },
        "Enabled": true,
        "Part0": "RBX18A08BFB8E5C40D38AB80F0DE4679197",
        "Part1": "RBXD6A56B2A45A64C36A089CC9A11C853B7",
        "Name": "Ring 3"
      }
    },
    {
      "id": "RBX3A599267EFBC4FCB9C11B784CAE13701",
      "parent": "RBX17CFDFEDA431412FBF11F605D0C0748A",
      "class": "Weld",
      "name": "HEAD",
      "properties": {
        "C0": {
          "position": [
            1.03128421,
            -1.10911298,
            -0.471105427
          ],
          "rotation": [
            1.00000381,
            0.00000151618974,
            0.0000128468755,
            -0.0000126879067,
            0.269385576,
            0.963037312,
            -0.00000196976953,
            -0.963036656,
            0.269378722
          ]
        },
        "C1": {
          "position": [
            0,
            0,
            0
          ],
          "rotation": [
            1,
            0,
            0,
            0,
            1,
            0,
            0,
            0,
            1
          ]
        },
        "Enabled": true,
        "Part0": "RBX18A08BFB8E5C40D38AB80F0DE4679197",
        "Part1": "RBXAAEB4301E2A548ECA142EB8620D9BB99",
        "Name": "HEAD"
      }
    },
    {
      "id": "RBX3FCD73F8B46645129F612F9A066801D3",
      "parent": "RBX525406E091B34381955A90D4DDF479E0",
      "class": "Model",
      "name": "Watch",
      "properties": {
        "PrimaryPart": null,
        "Name": "Watch"
      }
    },
    {
      "id": "RBXB159835B268446C9B516E94E3ECFD484",
      "parent": "RBX3FCD73F8B46645129F612F9A066801D3",
      "class": "MeshPart",
      "name": "HEAD",
      "properties": {
        "HasSkinnedMesh": false,
        "MeshId": "rbxassetid://539723444",
        "RenderFidelity": 1,
        "TextureID": null,
        "Anchored": false,
        "CanCollide": false,
        "CanQuery": false,
        "CanTouch": false,
        "Color3uint8": [
          0.905882,
          0.905882,
          0.92549
        ],
        "Massless": true,
        "Material": 1568,
        "PivotOffset": {
          "position": [
            0,
            0,
            0
          ],
          "rotation": [
            1,
            0,
            0,
            0,
            1,
            0,
            0,
            0,
            1
          ]
        },
        "Reflectance": 0,
        "Transparency": 0.649999976,
        "size": [
          0.414695084,
          0.0993752778,
          0.415829688
        ],
        "Name": "HEAD",
        "LocalCFrame": {
          "position": [
            1.019736,
            -1.176669,
            -0.23603
          ],
          "rotation": [
            0.000009,
            -1,
            -0.000009,
            0.559189,
            0.000013,
            -0.82904,
            0.82904,
            0.000002,
            0.55919
          ]
        }
      }
    },
    {
      "id": "RBX094AACF1609E47D2A48572F490766C07",
      "parent": "RBX3FCD73F8B46645129F612F9A066801D3",
      "class": "MeshPart",
      "name": "Flat Ring Shape Thin",
      "properties": {
        "HasSkinnedMesh": false,
        "MeshId": "rbxassetid://1236145839",
        "RenderFidelity": 1,
        "TextureID": null,
        "Anchored": false,
        "CanCollide": false,
        "CanQuery": false,
        "CanTouch": false,
        "Color3uint8": [
          0.972549,
          0.85098,
          0.427451
        ],
        "Massless": true,
        "Material": 1088,
        "PivotOffset": {
          "position": [
            0,
            0,
            0
          ],
          "rotation": [
            1,
            0,
            0,
            0,
            1,
            0,
            0,
            0,
            1
          ]
        },
        "Reflectance": 0,
        "Transparency": 0,
        "size": [
          0.439728737,
          0.0853374675,
          0.439728737
        ],
        "Name": "Flat Ring Shape Thin",
        "LocalCFrame": {
          "position": [
            1.020682,
            -1.177108,
            -0.235698
          ],
          "rotation": [
            -0.000009,
            -1,
            -0.000009,
            -0.82904,
            0.000013,
            -0.559189,
            0.55919,
            0.000002,
            -0.82904
          ]
        }
      }
    },
    {
      "id": "RBXD6A56B2A45A64C36A089CC9A11C853B7",
      "parent": "RBX3FCD73F8B46645129F612F9A066801D3",
      "class": "MeshPart",
      "name": "Ring 3",
      "properties": {
        "HasSkinnedMesh": false,
        "MeshId": "rbxassetid://471124075",
        "RenderFidelity": 1,
        "TextureID": null,
        "Anchored": false,
        "CanCollide": false,
        "CanQuery": false,
        "CanTouch": false,
        "Color3uint8": [
          0.972549,
          0.85098,
          0.427451
        ],
        "Massless": true,
        "Material": 1088,
        "PivotOffset": {
          "position": [
            0,
            0,
            0
          ],
          "rotation": [
            1,
            0,
            0,
            0,
            1,
            0,
            0,
            0,
            1
          ]
        },
        "Reflectance": 0,
        "Transparency": 0,
        "size": [
          0.402643859,
          0.0235006139,
          0.402643859
        ],
        "Name": "Ring 3",
        "LocalCFrame": {
          "position": [
            0.982897,
            -1.177432,
            -0.235514
          ],
          "rotation": [
            -0.000009,
            1,
            -0.000009,
            -0.559189,
            -0.000013,
            -0.82904,
            -0.82904,
            -0.000002,
            0.55919
          ]
        }
      }
    },
    {
      "id": "RBX2186E6706AFE47D79408922281EEE271",
      "parent": "RBX3FCD73F8B46645129F612F9A066801D3",
      "class": "MeshPart",
      "name": "Ring 1",
      "properties": {
        "HasSkinnedMesh": false,
        "MeshId": "rbxassetid://1851169338",
        "RenderFidelity": 1,
        "TextureID": null,
        "Anchored": false,
        "CanCollide": false,
        "CanQuery": false,
        "CanTouch": false,
        "Color3uint8": [
          0.972549,
          0.85098,
          0.427451
        ],
        "Massless": true,
        "Material": 1088,
        "PivotOffset": {
          "position": [
            0,
            0,
            0
          ],
          "rotation": [
            1,
            0,
            0,
            0,
            1,
            0,
            0,
            0,
            1
          ]
        },
        "Reflectance": 0,
        "Transparency": 0,
        "size": [
          0.457904339,
          0.0970239639,
          0.458860606
        ],
        "Name": "Ring 1",
        "LocalCFrame": {
          "position": [
            1.02368,
            -1.177432,
            -0.235514
          ],
          "rotation": [
            -0.000009,
            1,
            0.000009,
            -0.82904,
            -0.000013,
            0.559189,
            0.55919,
            -0.000002,
            0.82904
          ]
        }
      }
    },
    {
      "id": "RBXBF87487A94EC4C71B14914A23443F7A1",
      "parent": "RBX3FCD73F8B46645129F612F9A066801D3",
      "class": "MeshPart",
      "name": "HEAD",
      "properties": {
        "HasSkinnedMesh": false,
        "MeshId": "rbxassetid://539723444",
        "RenderFidelity": 1,
        "TextureID": null,
        "Anchored": false,
        "CanCollide": false,
        "CanQuery": false,
        "CanTouch": false,
        "Color3uint8": [
          0.972549,
          0.85098,
          0.427451
        ],
        "Massless": true,
        "Material": 1088,
        "PivotOffset": {
          "position": [
            0,
            0,
            0
          ],
          "rotation": [
            1,
            0,
            0,
            0,
            1,
            0,
            0,
            0,
            1
          ]
        },
        "Reflectance": 0,
        "Transparency": 0,
        "size": [
          0.436774045,
          0.103507854,
          0.438678145
        ],
        "Name": "HEAD",
        "LocalCFrame": {
          "position": [
            1.041373,
            -1.176269,
            -0.236529
          ],
          "rotation": [
            0.000009,
            -1,
            -0.000009,
            0.559189,
            0.000013,
            -0.82904,
            0.82904,
            0.000002,
            0.55919
          ]
        }
      }
    },
    {
      "id": "RBXFE09A1B23E734243BBDAA49C6C3744A4",
      "parent": "RBX3FCD73F8B46645129F612F9A066801D3",
      "class": "Model",
      "name": "Top part",
      "properties": {
        "PrimaryPart": null,
        "Name": "Top part"
      }
    },
    {
      "id": "RBX6AD7DC090F7B422C85128B9E6CF8B1B5",
      "parent": "RBXFE09A1B23E734243BBDAA49C6C3744A4",
      "class": "MeshPart",
      "name": "HEAD",
      "properties": {
        "HasSkinnedMesh": false,
        "MeshId": "rbxassetid://539723444",
        "RenderFidelity": 1,
        "TextureID": null,
        "Anchored": false,
        "CanCollide": false,
        "CanQuery": false,
        "CanTouch": false,
        "Color3uint8": [
          0.972549,
          0.85098,
          0.427451
        ],
        "Massless": true,
        "Material": 1088,
        "PivotOffset": {
          "position": [
            0,
            0,
            0
          ],
          "rotation": [
            1,
            0,
            0,
            0,
            1,
            0,
            0,
            0,
            1
          ]
        },
        "Reflectance": 0,
        "Transparency": 0,
        "size": [
          0.0936095491,
          0.102826096,
          0.0938656554
        ],
        "Name": "HEAD",
        "LocalCFrame": {
          "position": [
            1.031286,
            -0.95589,
            -0.389214
          ],
          "rotation": [
            1,
            0.000009,
            0.000009,
            -0.000013,
            0.82904,
            0.559189,
            -0.000002,
            -0.55919,
            0.82904
          ]
        }
      }
    },
    {
      "id": "RBX75B15BA5EB384E7394B9F756118F9913",
      "parent": "RBXFE09A1B23E734243BBDAA49C6C3744A4",
      "class": "MeshPart",
      "name": "Meshes/ring",
      "properties": {
        "HasSkinnedMesh": false,
        "MeshId": "rbxassetid://2913878791",
        "RenderFidelity": 1,
        "TextureID": null,
        "Anchored": false,
        "CanCollide": false,
        "CanQuery": false,
        "CanTouch": false,
        "Color3uint8": [
          0.972549,
          0.85098,
          0.427451
        ],
        "Massless": true,
        "Material": 1088,
        "PivotOffset": {
          "position": [
            0,
            0,
            0
          ],
          "rotation": [
            1,
            0,
            0,
            0,
            1,
            0,
            0,
            0,
            1
          ]
        },
        "Reflectance": 0,
        "Transparency": 0,
        "size": [
          0.0988906175,
          0.0986900181,
          0.0164523683
        ],
        "Name": "Meshes/ring",
        "LocalCFrame": {
          "position": [
            1.031237,
            -0.920081,
            -0.413423
          ],
          "rotation": [
            1,
            -0.000009,
            0.000009,
            -0.000013,
            -0.559189,
            0.82904,
            -0.000002,
            -0.82904,
            -0.55919
          ]
        }
      }
    },
    {
      "id": "RBX6F5A9F1334484DE1812E67ACB5099A9F",
      "parent": "RBXFE09A1B23E734243BBDAA49C6C3744A4",
      "class": "MeshPart",
      "name": "Ring 3",
      "properties": {
        "HasSkinnedMesh": false,
        "MeshId": "rbxassetid://471124075",
        "RenderFidelity": 1,
        "TextureID": null,
        "Anchored": false,
        "CanCollide": false,
        "CanQuery": false,
        "CanTouch": false,
        "Color3uint8": [
          0.972549,
          0.85098,
          0.427451
        ],
        "Massless": true,
        "Material": 1088,
        "PivotOffset": {
          "position": [
            0,
            0,
            0
          ],
          "rotation": [
            1,
            0,
            0,
            0,
            1,
            0,
            0,
            0,
            1
          ]
        },
        "Reflectance": 0,
        "Transparency": 0,
        "size": [
          0.142423466,
          0.00972694531,
          0.0723072067
        ],
        "Name": "Ring 3",
        "LocalCFrame": {
          "position": [
            1.031287,
            -0.916488,
            -0.41579
          ],
          "rotation": [
            0.000009,
            -1,
            -0.000009,
            0.559189,
            0.000013,
            -0.82904,
            0.82904,
            0.000002,
            0.55919
          ]
        }
      }
    },
    {
      "id": "RBXF5765E6F06E34A7780A98B28E7EED85C",
      "parent": "RBXFE09A1B23E734243BBDAA49C6C3744A4",
      "class": "MeshPart",
      "name": "Meshes/ring",
      "properties": {
        "HasSkinnedMesh": false,
        "MeshId": "rbxassetid://2913878791",
        "RenderFidelity": 1,
        "TextureID": null,
        "Anchored": false,
        "CanCollide": false,
        "CanQuery": false,
        "CanTouch": false,
        "Color3uint8": [
          0.972549,
          0.85098,
          0.427451
        ],
        "Massless": true,
        "Material": 1088,
        "PivotOffset": {
          "position": [
            0,
            0,
            0
          ],
          "rotation": [
            1,
            0,
            0,
            0,
            1,
            0,
            0,
            0,
            1
          ]
        },
        "Reflectance": 0,
        "Transparency": 0,
        "size": [
          0.0120209111,
          0.0108082239,
          0.0222995318
        ],
        "Name": "Meshes/ring",
        "LocalCFrame": {
          "position": [
            1.031287,
            -0.888824,
            -0.434451
          ],
          "rotation": [
            -1,
            -0.000009,
            0.000009,
            0.000013,
            -0.82904,
            0.559189,
            0.000002,
            0.55919,
            0.82904
          ]
        }
      }
    },
    {
      "id": "RBX27C6EB818C1F40A895C127524BFACB07",
      "parent": "RBXFE09A1B23E734243BBDAA49C6C3744A4",
      "class": "MeshPart",
      "name": "HEAD",
      "properties": {
        "HasSkinnedMesh": false,
        "MeshId": "rbxassetid://539723444",
        "RenderFidelity": 1,
        "TextureID": null,
        "Anchored": false,
        "CanCollide": false,
        "CanQuery": false,
        "CanTouch": false,
        "Color3uint8": [
          0.972549,
          0.85098,
          0.427451
        ],
        "Massless": true,
        "Material": 1088,
        "PivotOffset": {
          "position": [
            0,
            0,
            0
          ],
          "rotation": [
            1,
            0,
            0,
