{
  "format": "overlay_json_v1",
  "kind": "morph_bundle",
  "version": 1,
  "asset_id": "morph_2212-umbradragon-m",
  "name": "UmbraDragon (M)",
  "source_file": "2212-umbradragon-m.rbxmx",
  "anchor": "Head",
  "root_cframe": {
    "position": [
      -174.053711,
      161.429749,
      -688.208801
    ],
    "rotation": [
      0.999614954,
      -0.00718149077,
      0.0268017128,
      0,
      0.965925872,
      0.258818835,
      -0.0277471729,
      -0.258719176,
      0.965553939
    ]
  },
  "class_counts": {
    "Folder": 1,
    "Model": 3,
    "MeshPart": 78,
    "ParticleEmitter": 5,
    "Part": 4,
    "Attachment": 2,
    "SpecialMesh": 1,
    "Texture": 6,
    "Decal": 6
  },
  "nodes": [
    {
      "id": "RBX3FC2E322BDD045A48951397AA70A121F",
      "parent": null,
      "class": "Folder",
      "name": "UmbraDragon (M)",
      "properties": {
        "Name": "UmbraDragon (M)"
      }
    },
    {
      "id": "RBX0542BD0708174E7DB186F4C6219879FD",
      "parent": "RBX3FC2E322BDD045A48951397AA70A121F",
      "class": "Model",
      "name": "Rod",
      "properties": {
        "PrimaryPart": null,
        "Name": "Rod"
      }
    },
    {
      "id": "RBX99094F4F4DF147A6BA4E219AECC1F2D6",
      "parent": "RBX0542BD0708174E7DB186F4C6219879FD",
      "class": "MeshPart",
      "name": "color2",
      "properties": {
        "MeshId": "rbxassetid://105472209533876",
        "RenderFidelity": 0,
        "TextureID": null,
        "Anchored": false,
        "CanCollide": true,
        "CanQuery": true,
        "CanTouch": true,
        "Color3uint8": [
          0.639216,
          0.635294,
          0.647059
        ],
        "Massless": false,
        "Material": 272,
        "PivotOffset": {
          "position": [
            -0.00143158413,
            -1.5098207,
            0.461441845
          ],
          "rotation": [
            0.999961138,
            -0.00869747531,
            -0.00139766082,
            -0.000827297219,
            0.0652393475,
            -0.997869253,
            0.00877012592,
            0.997831702,
            0.0652296245
          ]
        },
        "Reflectance": 0,
        "Transparency": 0,
        "size": [
          0.543488562,
          0.942577481,
          1.68095672
        ],
        "Name": "color2",
        "LocalCFrame": {
          "position": [
            0,
            0,
            0
          ],
          "rotation": [
            1,
            0,
            0,
            0,
            1,
            0,
            0,
            0,
            1
          ]
        }
      }
    },
    {
      "id": "RBX33EC44CF944349A08A9087D855C2ACE4",
      "parent": "RBX99094F4F4DF147A6BA4E219AECC1F2D6",
      "class": "ParticleEmitter",
      "name": "Steam",
      "properties": {
        "Acceleration": [
          0,
          0.125,
          0
        ],
        "Color": "0 0.666667 0 1 0 1 0.666667 0 1 0",
        "Drag": 0,
        "Enabled": true,
        "Lifetime": [
          2.5,
          2.5
        ],
        "LightEmission": 0.125,
        "LightInfluence": 0,
        "LockedToPart": false,
        "Rate": 52,
        "RotSpeed": [
          -20,
          20
        ],
        "Rotation": [
          -50,
          50
        ],
        "Size": "0 0 0 0.639651 0.1875 0 0.639651 0.1875 0 0.897756 0.0624996 0 1 0 0",
        "Speed": [
          0,
          0
        ],
        "SpreadAngle": [
          10,
          10
        ],
        "Texture": "rbxassetid://242255193",
        "TimeScale": 1,
        "Transparency": "0 1 0 0.248714 1 0 0.363636 0.96875 0 0.451115 0.90625 0 0.507481 0.85 0 0.55611 0.7625 0.00625002 0.587282 0.775 0.00543481 0.629676 0.85625 0 0.701995 0.9375 0 0.85 0.95 0 1 1 0",
        "VelocityInheritance": 1,
        "ZOffset": 0,
        "Name": "Steam"
      }
    },
    {
      "id": "RBX8D285645BA94434392C3FB4FC736332D",
      "parent": "RBX0542BD0708174E7DB186F4C6219879FD",
      "class": "Part",
      "name": "Middle",
      "properties": {
        "shape": 1,
        "Anchored": true,
        "CanCollide": false,
        "CanQuery": true,
        "CanTouch": true,
        "Color3uint8": [
          0.007843,
          1,
          0.768627
        ],
        "Massless": false,
        "Material": 256,
        "PivotOffset": {
          "position": [
            0,
            0,
            0
          ],
          "rotation": [
            1,
            0,
            0,
            0,
            1,
            0,
            0,
            0,
            1
          ]
        },
        "Reflectance": 0,
        "Transparency": 0,
        "size": [
          0.225607812,
          0.225607857,
          0.225607842
        ],
        "Name": "Middle",
        "LocalCFrame": {
          "position": [
            -0.033173,
            -0.267922,
            0.677527
          ],
          "rotation": [
            0.999865,
            0,
            -0.016405,
            -0.004246,
            0.965926,
            -0.258784,
            0.015846,
            0.258819,
            0.965796
          ]
        }
      }
    },
    {
      "id": "RBX3E2F46FC6D2540E5A1078B87EC7D9797",
      "parent": "RBX0542BD0708174E7DB186F4C6219879FD",
      "class": "MeshPart",
      "name": "Wetness",
      "properties": {
        "MeshId": "rbxassetid://5624816175",
        "RenderFidelity": 1,
        "TextureID": null,
        "Anchored": true,
        "CanCollide": true,
        "CanQuery": true,
        "CanTouch": true,
        "Color3uint8": [
          0.972549,
          0.972549,
          0.972549
        ],
        "Massless": false,
        "Material": 1568,
        "PivotOffset": {
          "position": [
            0,
            0,
            0
          ],
          "rotation": [
            1,
            0,
            0,
            0,
            1,
            0,
            0,
            0,
            1
          ]
        },
        "Reflectance": 0,
        "Transparency": 1,
        "size": [
          0.541238546,
          0.516025007,
          1.2510339
        ],
        "Name": "Wetness",
        "LocalCFrame": {
          "position": [
            0.001297,
            -0.041753,
            0.004779
          ],
          "rotation": [
            1,
            0,
            0,
            0,
            0.972083,
            -0.234639,
            0,
            0.234639,
            0.972083
          ]
        }
      }
    },
    {
      "id": "RBX346C9230F0EF4D969425944DBC8D02F4",
      "parent": "RBX0542BD0708174E7DB186F4C6219879FD",
      "class": "MeshPart",
      "name": "Wetness",
      "properties": {
        "MeshId": "rbxassetid://5624816175",
        "RenderFidelity": 1,
        "TextureID": null,
        "Anchored": true,
        "CanCollide": true,
        "CanQuery": true,
        "CanTouch": true,
        "Color3uint8": [
          0.972549,
          0.972549,
          0.972549
        ],
        "Massless": false,
        "Material": 1568,
        "PivotOffset": {
          "position": [
            0,
            0,
            0
          ],
          "rotation": [
            1,
            0,
            0,
            0,
            1,
            0,
            0,
            0,
            1
          ]
        },
        "Reflectance": 0,
        "Transparency": 1,
        "size": [
          0.482406914,
          0.456609249,
          1.14197886
        ],
        "Name": "Wetness",
        "LocalCFrame": {
          "position": [
            0.011265,
            0.115313,
            -0.356777
          ],
          "rotation": [
            1,
            0,
            0,
            0,
            0.93987,
            -0.341532,
            0,
            0.341532,
            0.93987
          ]
        }
      }
    },
    {
      "id": "RBXE02C120755594C038D792A4A70241B32",
      "parent": "RBX0542BD0708174E7DB186F4C6219879FD",
      "class": "MeshPart",
      "name": "Wetness",
      "properties": {
        "MeshId": "rbxassetid://5624816175",
        "RenderFidelity": 1,
        "TextureID": null,
        "Anchored": true,
        "CanCollide": true,
        "CanQuery": true,
        "CanTouch": true,
        "Color3uint8": [
          0.972549,
          0.972549,
          0.972549
        ],
        "Massless": false,
        "Material": 1568,
        "PivotOffset": {
          "position": [
            0,
            0,
            0
          ],
          "rotation": [
            1,
            0,
            0,
            0,
            1,
            0,
            0,
            0,
            1
          ]
        },
        "Reflectance": 0,
        "Transparency": 1,
        "size": [
          0.348901808,
          0.342519909,
          0.424384743
        ],
        "Name": "Wetness",
        "LocalCFrame": {
          "position": [
            0.006289,
            0.352269,
            -0.824477
          ],
          "rotation": [
            1,
            0,
            0,
            0,
            0.946817,
            -0.321775,
            0,
            0.321775,
            0.946816
          ]
        }
      }
    },
    {
      "id": "RBX669CDC136F174395A75567F4DE1DF6D1",
      "parent": "RBX0542BD0708174E7DB186F4C6219879FD",
      "class": "MeshPart",
      "name": "Ring",
      "properties": {
        "MeshId": "rbxassetid://74627682912921",
        "RenderFidelity": 0,
        "TextureID": null,
        "Anchored": false,
        "CanCollide": true,
        "CanQuery": true,
        "CanTouch": true,
        "Color3uint8": [
          0.486275,
          0.360784,
          0.27451
        ],
        "Massless": false,
        "Material": 800,
        "PivotOffset": {
          "position": [
            -0.0401563272,
            -3.25371361,
            4.27275515
          ],
          "rotation": [
            0.999961138,
            -0.00869747531,
            -0.00139766082,
            -0.000827297219,
            0.0652393475,
            -0.997869253,
            0.00877012592,
            0.997831702,
            0.0652296245
          ]
        },
        "Reflectance": 0,
        "Transparency": 0,
        "size": [
          0.357371002,
          0.348146588,
          0.390961796
        ],
        "Name": "Ring",
        "LocalCFrame": {
          "position": [
            0.007572,
            0.346343,
            -0.80106
          ],
          "rotation": [
            1,
            0,
            0,
            0,
            1,
            0,
            0,
            0,
            1
          ]
        }
      }
    },
    {
      "id": "RBX6FF360319FDE47238EC95C0ED37B3B48",
      "parent": "RBX0542BD0708174E7DB186F4C6219879FD",
      "class": "MeshPart",
      "name": "color1",
      "properties": {
        "MeshId": "rbxassetid://74627682912921",
        "RenderFidelity": 0,
        "TextureID": null,
        "Anchored": false,
        "CanCollide": true,
        "CanQuery": true,
        "CanTouch": true,
        "Color3uint8": [
          0.639216,
          0.635294,
          0.647059
        ],
        "Massless": false,
        "Material": 272,
        "PivotOffset": {
          "position": [
            -0.0401563272,
            -3.25371361,
            4.27275515
          ],
          "rotation": [
            0.999961138,
            -0.00869747531,
            -0.00139766082,
            -0.000827297219,
            0.0652393475,
            -0.997869253,
            0.00877012592,
            0.997831702,
            0.0652296245
          ]
        },
        "Reflectance": 0,
        "Transparency": 0,
        "size": [
          0.337371022,
          0.338146597,
          0.380961806
        ],
        "Name": "color1",
        "LocalCFrame": {
          "position": [
            0.007571,
            0.341343,
            -0.796078
          ],
          "rotation": [
            1,
            0,
            0,
            0,
            1,
            0,
            0,
            0,
            1
          ]
        }
      }
    },
    {
      "id": "RBXA07DECBE92964814AA167716B9F9B391",
      "parent": "RBX6FF360319FDE47238EC95C0ED37B3B48",
      "class": "ParticleEmitter",
      "name": "Steam",
      "properties": {
        "Acceleration": [
          0,
          0.125,
          0
        ],
        "Color": "0 0.666667 0 1 0 1 0.666667 0 1 0",
        "Drag": 0,
        "Enabled": true,
        "Lifetime": [
          2.5,
          2.5
        ],
        "LightEmission": 0.125,
        "LightInfluence": 0,
        "LockedToPart": false,
        "Rate": 52,
        "RotSpeed": [
          -20,
          20
        ],
        "Rotation": [
          -50,
          50
        ],
        "Size": "0 0 0 0.639651 0.1875 0 0.639651 0.1875 0 0.897756 0.0624996 0 1 0 0",
        "Speed": [
          0,
          0
        ],
        "SpreadAngle": [
          10,
          10
        ],
        "Texture": "rbxassetid://242255193",
        "TimeScale": 1,
        "Transparency": "0 1 0 0.248714 1 0 0.363636 0.96875 0 0.451115 0.90625 0 0.507481 0.85 0 0.55611 0.7625 0.00625002 0.587282 0.775 0.00543481 0.629676 0.85625 0 0.701995 0.9375 0 0.85 0.95 0 1 1 0",
        "VelocityInheritance": 1,
        "ZOffset": 0,
        "Name": "Steam"
      }
    },
    {
      "id": "RBXA3C7811C72184A8F98BE7EC23A0EE717",
      "parent": "RBX0542BD0708174E7DB186F4C6219879FD",
      "class": "Part",
      "name": "cust",
      "properties": {
        "shape": 1,
        "Anchored": true,
        "CanCollide": true,
        "CanQuery": true,
        "CanTouch": true,
        "Color3uint8": [
          1,
          0.580392,
          0.580392
        ],
        "Massless": false,
        "Material": 272,
        "PivotOffset": {
          "position": [
            0,
            0,
            0
          ],
          "rotation": [
            1,
            0,
            0,
            0,
            1,
            0,
            0,
            0,
            1
          ]
        },
        "Reflectance": 0,
        "Transparency": 1,
        "size": [
          0.136855572,
          0.136855572,
          0.136855572
        ],
        "Name": "cust",
        "LocalCFrame": {
          "position": [
            0.035174,
            0.404629,
            -0.842488
          ],
          "rotation": [
            -0.998764,
            0.048375,
            0.011457,
            0.017772,
            0.562676,
            -0.826486,
            -0.046428,
            -0.825261,
            -0.56284
          ]
        }
      }
    },
    {
      "id": "RBX4CC5B65F1D0E4E5698957F28D61D692F",
      "parent": "RBXA3C7811C72184A8F98BE7EC23A0EE717",
      "class": "Attachment",
      "name": "Attachment",
      "properties": {
        "CFrame": {
          "position": [
            0,
            0,
            0
          ],
          "rotation": [
            1,
            0,
            0,
            0,
            1,
            0,
            0,
            0,
            1
          ]
        },
        "Name": "Attachment"
      }
    },
    {
      "id": "RBX0C81FD35C7024124ABEC257A4EDDDE3A",
      "parent": "RBX4CC5B65F1D0E4E5698957F28D61D692F",
      "class": "ParticleEmitter",
      "name": "Part",
      "properties": {
        "Acceleration": [
          0,
          -1.14999998,
          0
        ],
        "Color": "0 1 1 1 0 1 1 1 1 0",
        "Drag": 1,
        "Enabled": false,
        "Lifetime": [
          2.8,
          2.8
        ],
        "LightEmission": 0.25,
        "LightInfluence": 0.300000012,
        "LockedToPart": false,
        "Rate": 25,
        "RotSpeed": [
          -5,
          5
        ],
        "Rotation": [
          90,
          90
        ],
        "Size": "0 0.15 0 0.769 0.15 0 1 0 0",
        "Speed": [
          1.5,
          1.5
        ],
        "SpreadAngle": [
          -5,
          5
        ],
        "Texture": "rbxassetid://9954391768",
        "TimeScale": 1,
        "Transparency": "0 0.3 0 1 0.3 0",
        "VelocityInheritance": 0.150000006,
        "ZOffset": 0,
        "Name": "Part"
      }
    },
    {
      "id": "RBX46E06F2A340D4A168FE5427F1645893C",
      "parent": "RBX4CC5B65F1D0E4E5698957F28D61D692F",
      "class": "ParticleEmitter",
      "name": "Part",
      "properties": {
        "Acceleration": [
          0,
          -1.14999998,
          0
        ],
        "Color": "0 1 1 1 0 1 1 1 1 0",
        "Drag": 1,
        "Enabled": false,
        "Lifetime": [
          2.8,
          2.8
        ],
        "LightEmission": 0.25,
        "LightInfluence": 0.300000012,
        "LockedToPart": false,
        "Rate": 25,
        "RotSpeed": [
          -5,
          5
        ],
        "Rotation": [
          90,
          90
        ],
        "Size": "0 0.15 0 0.769 0.15 0 1 0 0",
        "Speed": [
          1.5,
          1.5
        ],
        "SpreadAngle": [
          -3,
          3
        ],
        "Texture": "rbxassetid://2045145074",
        "TimeScale": 1,
        "Transparency": "0 0 0 0.13981 0.325 0 0.200632 0 0 0.419431 0.24375 0 0.635861 0 0 0.729463 0.30625 0 0.843997 0.69375 0 0.852291 0.06875 0 1 0 0",
        "VelocityInheritance": 0.150000006,
        "ZOffset": 0,
        "Name": "Part"
      }
    },
    {
      "id": "RBX4CFC62F45E2142368A5FC8DCAFA87B11",
      "parent": "RBXA3C7811C72184A8F98BE7EC23A0EE717",
      "class": "Attachment",
      "name": "Attachment",
      "properties": {
        "CFrame": {
          "position": [
            0,
            1.64999998,
            2.4000001
          ],
          "rotation": [
            0.00049713254,
            -0.99988091,
            -0.0154241901,
            -0.040636573,
            0.015391252,
            -0.999055445,
            0.99917388,
            0.00112344907,
            -0.0406240821
          ]
        },
        "Name": "Attachment"
      }
    },
    {
      "id": "RBXBF8C9FF9DBF0491FA5B0E35006E92478",
      "parent": "RBX4CFC62F45E2142368A5FC8DCAFA87B11",
      "class": "ParticleEmitter",
      "name": "Part",
      "properties": {
        "Acceleration": [
          0,
          0,
          0
        ],
        "Color": "0 1 1 1 0 1 1 1 1 0",
        "Drag": 0,
        "Enabled": false,
        "Lifetime": [
          3,
          4
        ],
        "LightEmission": 0.25,
        "LightInfluence": 0.300000012,
        "LockedToPart": false,
        "Rate": 5,
        "RotSpeed": [
          0,
          0
        ],
        "Rotation": [
          -360,
          360
        ],
        "Size": "0 0.3 0.15 1 0 0",
        "Speed": [
          0.001,
          0.001
        ],
        "SpreadAngle": [
          0,
          0
        ],
        "Texture": "rbxassetid://2045145074",
        "TimeScale": 1,
        "Transparency": "0 0 0 1 0 0",
        "VelocityInheritance": 0.150000006,
        "ZOffset": 1,
        "Name": "Part"
      }
    },
    {
      "id": "RBX2F7EC23610804B91A6B423B2CC9CCC81",
      "parent": "RBX0542BD0708174E7DB186F4C6219879FD",
      "class": "MeshPart",
      "name": "color2",
      "properties": {
        "MeshId": "rbxassetid://74835434407884",
        "RenderFidelity": 0,
        "TextureID": null,
        "Anchored": false,
        "CanCollide": true,
        "CanQuery": true,
        "CanTouch": true,
        "Color3uint8": [
          0.639216,
          0.635294,
          0.647059
        ],
        "Massless": false,
        "Material": 272,
        "PivotOffset": {
          "position": [
            -1.03948212,
            0.21790801,
            -2.18711233
          ],
          "rotation": [
            0.999961138,
            -0.00869747531,
            -0.00139766082,
            -0.000827297219,
            0.0652393475,
            -0.997869253,
            0.00877012592,
            0.997831702,
            0.0652296245
          ]
        },
        "Reflectance": 0,
        "Transparency": 0,
        "size": [
          0.0824484527,
          0.110196717,
          0.215282068
        ],
        "Name": "color2",
        "LocalCFrame": {
          "position": [
            0.198124,
            -0.345042,
            0.463632
          ],
          "rotation": [
            1,
            0,
            0,
            0,
            1,
            0,
            0,
            0,
            1
          ]
        }
      }
    },
    {
      "id": "RBX147048AF084A4E9EB101CE3A8BC31953",
      "parent": "RBX0542BD0708174E7DB186F4C6219879FD",
      "class": "MeshPart",
      "name": "color2",
      "properties": {
        "MeshId": "rbxassetid://79132790793530",
        "RenderFidelity": 0,
        "TextureID": null,
        "Anchored": false,
        "CanCollide": true,
        "CanQuery": true,
        "CanTouch": true,
        "Color3uint8": [
          0.639216,
          0.635294,
          0.647059
        ],
        "Massless": false,
        "Material": 272,
        "PivotOffset": {
          "position": [
            0.366920203,
            -2.14360714,
            4.02038097
          ],
          "rotation": [
            0.999961138,
            -0.00869747531,
            -0.00139766082,
            -0.000827297219,
            0.0652393475,
            -0.997869253,
            0.00877012592,
            0.997831702,
            0.0652296245
          ]
        },
        "Reflectance": 0,
        "Transparency": 0,
        "size": [
          0.132145733,
          0.136154234,
          0.167312667
        ],
        "Name": "color2",
        "LocalCFrame": {
          "position": [
            -0.062106,
            0.180101,
            -0.762648
          ],
          "rotation": [
            1,
            0,
            0,
            0,
            1,
            0,
            0,
            0,
            1
          ]
        }
      }
    },
    {
      "id": "RBX176646A8C26A4B8086014F538CDAF7B2",
      "parent": "RBX0542BD0708174E7DB186F4C6219879FD",
      "class": "MeshPart",
      "name": "Ring",
      "properties": {
        "MeshId": "rbxassetid://125608860478830",
        "RenderFidelity": 0,
        "TextureID": null,
        "Anchored": false,
        "CanCollide": true,
        "CanQuery": true,
        "CanTouch": true,
        "Color3uint8": [
          0.486275,
          0.360784,
          0.27451
        ],
        "Massless": false,
        "Material": 800,
        "PivotOffset": {
          "position": [
            -0.864435196,
            -2.70460939,
            3.80473065
          ],
          "rotation": [
            0.999961138,
            -0.00869747531,
            -0.00139766082,
            -0.000827297219,
            0.0652393475,
            -0.997869253,
            0.00877012592,
            0.997831702,
            0.0652296245
          ]
        },
        "Reflectance": 0,
        "Transparency": 0,
        "size": [
          0.0831967667,
          0.181575656,
          0.207230315
        ],
        "Name": "Ring",
        "LocalCFrame": {
          "position": [
            0.168914,
            0.260931,
            -0.733213
          ],
          "rotation": [
            1,
            0,
            0,
            0,
            1,
            0,
            0,
            0,
            1
          ]
        }
      }
    },
    {
      "id": "RBX79ACE3FD50F2488C91FC296BDE8BB564",
      "parent": "RBX0542BD0708174E7DB186F4C6219879FD",
      "class": "MeshPart",
      "name": "color2",
      "properties": {
        "MeshId": "rbxassetid://79482338354217",
        "RenderFidelity": 0,
        "TextureID": null,
        "Anchored": false,
        "CanCollide": true,
        "CanQuery": true,
        "CanTouch": true,
        "Color3uint8": [
          0.639216,
          0.635294,
          0.647059
        ],
        "Massless": false,
        "Material": 272,
        "PivotOffset": {
          "position": [
            0.926473975,
            0.0474002585,
            -3.25326824
          ],
          "rotation": [
            0.999961138,
            -0.00869747531,
            -0.00139766082,
            -0.000827297219,
            0.0652393475,
            -0.997869253,
            0.00877012592,
            0.997831702,
            0.0652296245
          ]
        },
        "Reflectance": 0,
        "Transparency": 0,
        "size": [
          0.16474779,
          0.135997713,
          0.268038958
        ],
        "Name": "color2",
        "LocalCFrame": {
          "position": [
            -0.206711,
            -0.309933,
            0.683155
          ],
          "rotation": [
            1,
            0,
            0,
            0,
            1,
            0,
            0,
            0,
            1
          ]
        }
      }
    },
    {
      "id": "RBX20E843777BC2438EB6300BFEB086FAA4",
      "parent": "RBX0542BD0708174E7DB186F4C6219879FD",
      "class": "MeshPart",
      "name": "color2",
      "properties": {
        "MeshId": "rbxassetid://75857693378892",
        "RenderFidelity": 0,
        "TextureID": null,
        "Anchored": false,
        "CanCollide": true,
        "CanQuery": true,
        "CanTouch": true,
        "Color3uint8": [
          0.639216,
          0.635294,
          0.647059
        ],
        "Massless": false,
        "Material": 272,
        "PivotOffset": {
          "position": [
            -1.30358696,
            -0.438222677,
            -1.98944807
          ],
          "rotation": [
            0.999961138,
            -0.00869747531,
            -0.00139766082,
            -0.000827297219,
            0.0652393475,
            -0.997869253,
            0.00877012592,
            0.997831702,
            0.0652296245
          ]
        },
        "Reflectance": 0,
        "Transparency": 0,
        "size": [
          0.0684314296,
          0.119249396,
          0.206873178
        ],
        "Name": "color2",
        "LocalCFrame": {
          "position": [
            0.252511,
            -0.209945,
            0.42301
          ],
          "rotation": [
            1,
            0,
            0,
            0,
            1,
            0,
            0,
            0,
            1
          ]
        }
      }
    },
    {
      "id": "RBXE63267084DC24706BB9B432DD0DA8F9C",
      "parent": "RBX0542BD0708174E7DB186F4C6219879FD",
      "class": "MeshPart",
      "name": "color2",
      "properties": {
        "MeshId": "rbxassetid://111021588386718",
        "RenderFidelity": 0,
        "TextureID": null,
        "Anchored": false,
        "CanCollide": true,
        "CanQuery": true,
        "CanTouch": true,
        "Color3uint8": [
          0.639216,
          0.635294,
          0.647059
        ],
        "Massless": false,
        "Material": 272,
        "PivotOffset": {
          "position": [
            0.687630177,
            -2.35657668,
            3.86636758
          ],
          "rotation": [
            0.999961138,
            -0.00869747531,
            -0.00139766082,
            -0.000827297219,
            0.0652393475,
            -0.997869253,
            0.00877012592,
            0.997831702,
            0.0652296245
          ]
        },
        "Reflectance": 0,
        "Transparency": 0,
        "size": [
          0.0963348746,
          0.143315926,
          0.199363038
        ],
        "Name": "color2",
        "LocalCFrame": {
          "position": [
            -0.134928,
            0.212818,
            -0.776329
          ],
          "rotation": [
            1,
            0,
            0,
            0,
            1,
            0,
            0,
            0,
            1
          ]
        }
      }
    },
    {
      "id": "RBX08A180EB859146BD94EBA7F138FC13D3",
      "parent": "RBX0542BD0708174E7DB186F4C6219879FD",
      "class": "MeshPart",
      "name": "Ring",
      "properties": {
        "MeshId": "rbxassetid://137457924947240",
        "RenderFidelity": 0,
        "TextureID": null,
        "Anchored": false,
        "CanCollide": true,
        "CanQuery": true,
        "CanTouch": true,
        "Color3uint8": [
          0.486275,
          0.360784,
          0.27451
        ],
        "Massless": false,
        "Material": 800,
        "PivotOffset": {
          "position": [
            -0.644730389,
            -2.28451252,
            3.97949505
          ],
          "rotation": [
            0.999961138,
            -0.00869747531,
            -0.00139766082,
            -0.000827297219,
            0.0652393475,
            -0.997869253,
            0.00877012592,
            0.997831702,
            0.0652296245
          ]
        },
        "Reflectance": 0,
        "Transparency": 0,
        "size": [
          0.127710745,
          0.157427594,
          0.18826735
        ],
        "Name": "Ring",
        "LocalCFrame": {
          "position": [
            0.125892,
            0.178756,
            -0.767531
          ],
          "rotation": [
            1,
            0,
            0,
            0,
            1,
            0,
            0,
            0,
            1
          ]
        }
      }
    },
    {
      "id": "RBX5EDE288DB15D4AE6B30525C3471784A5",
      "parent": "RBX0542BD0708174E7DB186F4C6219879FD",
      "class": "MeshPart",
      "name": "color2",
      "properties": {
        "MeshId": "rbxassetid://124940129441501",
        "RenderFidelity": 0,
        "TextureID": null,
        "Anchored": false,
        "CanCollide": true,
        "CanQuery": true,
        "CanTouch": true,
        "Color3uint8": [
          0.639216,
          0.635294,
          0.647059
        ],
        "Massless": false,
        "Material": 272,
        "PivotOffset": {
          "position": [
            -0.405499488,
            -3.30616927,
            3.34146714
          ],
          "rotation": [
            0.999961138,
            -0.00869747531,
            -0.00139766082,
            -0.000827297219,
            0.0652393475,
            -0.997869253,
            0.00877012592,
            0.997831702,
            0.0652296245
          ]
        },
        "Reflectance": 0,
        "Transparency": 0,
        "size": [
          0.132773638,
          0.106222399,
          0.186363742
        ],
        "Name": "color2",
        "LocalCFrame": {
          "position": [
            0.079092,
            0.403179,
            -0.65166
          ],
          "rotation": [
            1,
            0,
            0,
            0,
            1,
            0,
            0,
            0,
            1
          ]
        }
      }
    },
    {
      "id": "RBXDC9035EBD68B49DD87BE7E59DBB10BDE",
      "parent": "RBX0542BD0708174E7DB186F4C6219879FD",
      "class": "MeshPart",
      "name": "color2",
      "properties": {
        "MeshId": "rbxassetid://110417605698225",
        "RenderFidelity": 0,
        "TextureID": null,
        "Anchored": false,
        "CanCollide": true,
        "CanQuery": true,
        "CanTouch": true,
        "Color3uint8": [
          0.639216,
          0.635294,
          0.647059
        ],
        "Massless": false,
        "Material": 272,
        "PivotOffset": {
          "position": [
            1.07362926,
            -0.123717636,
            -2.46723866
          ],
          "rotation": [
            0.999961138,
            -0.00869747531,
            -0.00139766082,
            -0.000827297219,
            0.0652393475,
            -0.997869253,
            0.00877012592,
            0.997831702,
            0.0652296245
          ]
        },
        "Reflectance": 0,
        "Transparency": 0,
        "size": [
          0.0723835677,
          0.103376441,
          0.217480719
        ],
        "Name": "color2",
        "LocalCFrame": {
          "position": [
            -0.237014,
            -0.2747,
            0.521303
          ],
          "rotation": [
            1,
            0,
            0,
            0,
            1,
            0,
            0,
            0,
            1
          ]
        }
      }
    },
    {
      "id": "RBXDEC1EAF7B2D6491983599862C613CD7D",
      "parent": "RBX0542BD0708174E7DB186F4C6219879FD",
      "class": "MeshPart",
      "name": "Ring",
      "properties": {
        "MeshId": "rbxassetid://91990840701553",
        "RenderFidelity": 0,
        "TextureID": null,
        "Anchored": false,
        "CanCollide": true,
        "CanQuery": true,
        "CanTouch": true,
        "Color3uint8": [
          0.486275,
          0.360784,
          0.27451
        ],
        "Massless": false,
        "Material": 800,
        "PivotOffset": {
          "position": [
            -0.0110636987,
            0.0305749215,
            0.00278923358
          ],
          "rotation": [
            0.977436006,
            -0.21084854,
            -0.012719471,
            -0.000908250164,
            0.0560199954,
            -0.998429239,
            0.211229905,
            0.975912213,
            0.0545644611
          ]
        },
        "Reflectance": 0,
        "Transparency": 0,
        "size": [
          0.111777246,
          0.154558808,
          0.183041349
        ],
        "Name": "Ring",
        "LocalCFrame": {
          "position": [
            0.137238,
            0.225483,
            -0.849123
          ],
          "rotation": [
            1,
            0,
            0,
            0,
            1,
            0,
            0,
            0,
            1
          ]
        }
      }
    },
    {
      "id": "RBX8C28C9139F3247339156B9650DB437FD",
      "parent": "RBX0542BD0708174E7DB186F4C6219879FD",
      "class": "MeshPart",
      "name": "color2",
      "properties": {
        "MeshId": "rbxassetid://101999791294161",
        "RenderFidelity": 0,
        "TextureID": null,
        "Anchored": false,
        "CanCollide": true,
        "CanQuery": true,
        "CanTouch": true,
        "Color3uint8": [
          0.639216,
          0.635294,
          0.647059
        ],
        "Massless": false,
        "Material": 272,
        "PivotOffset": {
          "position": [
            0.00648280373,
            0.0250474885,
            0.0115097053
          ],
          "rotation": [
            0.977436006,
            -0.21084854,
            -0.012719471,
            -0.000908250164,
            0.0560199954,
            -0.998429239,
            0.211229905,
            0.975912213,
            0.0545644611
          ]
        },
        "Reflectance": 0,
        "Transparency": 0,
        "size": [
          0.0638369545,
          0.157810271,
          0.183371082
        ],
        "Name": "color2",
        "LocalCFrame": {
          "position": [
            0.167216,
            0.305073,
            -0.802093
          ],
          "rotation": [
            1,
            0,
            0,
            0,
            1,
            0,
            0,
            0,
            1
          ]
        }
      }
    },
    {
      "id": "RBX5382D1F1E80B48A5B59CDF47F415F692",
      "parent": "RBX0542BD0708174E7DB186F4C6219879FD",
      "class": "MeshPart",
      "name": "color2",
      "properties": {
        "MeshId": "rbxassetid://109603669938432",
        "RenderFidelity": 0,
        "TextureID": null,
        "Anchored": false,
        "CanCollide": true,
        "CanQuery": true,
        "CanTouch": true,
        "Color3uint8": [
          0.639216,
          0.635294,
          0.647059
        ],
        "Massless": false,
        "Material": 272,
        "PivotOffset": {
          "position": [
            0.0074922624,
            0.00536538707,
            -0.0232154783
          ],
          "rotation": [
            0.999961257,
            -0.00869747717,
            -0.00139766175,
            -0.000908270827,
            0.0560197942,
            -0.998429239,
            0.00876211282,
            0.998391807,
            0.056009721
          ]
        },
        "Reflectance": 0,
        "Transparency": 0,
        "size": [
          0.103109114,
          0.127651408,
          0.17348212
        ],
        "Name": "color2",
        "LocalCFrame": {
          "position": [
            -0.107693,
            0.401556,
            -0.7361
          ],
          "rotation": [
            1,
            0,
            0,
            0,
            1,
            0,
            0,
            0,
            1
          ]
        }
      }
    },
    {
      "id": "RBX3C5418F3527549A7825DAAE68DF053F2",
      "parent": "RBX0542BD0708174E7DB186F4C6219879FD",
      "class": "MeshPart",
      "name": "color2",
      "properties": {
        "MeshId": "rbxassetid://79828855320948",
        "RenderFidelity": 0,
        "TextureID": null,
        "Anchored": false,
        "CanCollide": true,
        "CanQuery": true,
        "CanTouch": true,
        "Color3uint8": [
          0.639216,
          0.635294,
          0.647059
        ],
        "Massless": false,
        "Material": 272,
        "PivotOffset": {
          "position": [
            0.000207845776,
            0.0144822486,
            -0.0200837255
          ],
          "rotation": [
            0.999961257,
            -0.00869747624,
            -0.0013976621,
            -0.0041818535,
            -0.329046249,
            -0.944304526,
            0.00775317196,
            0.94427377,
            -0.329069853
          ]
        },
        "Reflectance": 0,
        "Transparency": 0,
        "size": [
          0.116718382,
          0.146153644,
          0.134423658
        ],
        "Name": "color2",
        "LocalCFrame": {
          "position": [
            -0.029382,
            0.434979,
            -0.697649
          ],
          "rotation": [
            1,
            0,
            0,
            0,
            0.95057,
            0.310511,
            0,
            -0.310511,
            0.95057
          ]
        }
      }
    },
    {
      "id": "RBX6FCDBC938B9D41269051168F2D7CC8EF",
      "parent": "RBX0542BD0708174E7DB186F4C6219879FD",
      "class": "MeshPart",
      "name": "color2",
      "properties": {
        "MeshId": "rbxassetid://127588433528744",
        "RenderFidelity": 0,
        "TextureID": null,
        "Anchored": false,
        "CanCollide": true,
        "CanQuery": true,
        "CanTouch": true,
        "Color3uint8": [
          0.639216,
          0.635294,
          0.647059
        ],
        "Massless": false,
        "Material": 272,
        "PivotOffset": {
          "position": [
            1.24659657,
            -0.54535979,
            -1.81780457
          ],
          "rotation": [
            0.999961138,
            -0.00869747531,
            -0.00139766082,
            -0.000827297219,
            0.0652393475,
            -0.997869253,
            0.00877012592,
            0.997831702,
            0.0652296245
          ]
        },
        "Reflectance": 0,
        "Transparency": 0,
        "size": [
          0.04697337,
          0.1490926,
          0.206319883
        ],
        "Name": "color2",
        "LocalCFrame": {
          "position": [
            -0.272644,
            -0.187851,
            0.387542
          ],
          "rotation": [
            1,
            0,
            0,
            0,
            1,
            0,
            0,
            0,
            1
          ]
        }
      }
    },
    {
      "id": "RBX394A1D66D2804A88A4D35BCA821E9FA9",
      "parent": "RBX0542BD0708174E7DB186F4C6219879FD",
      "class": "MeshPart",
      "name": "Ring",
      "properties": {
        "MeshId": "rbxassetid://124188884582415",
        "RenderFidelity": 0,
        "TextureID": null,
        "Anchored": false,
        "CanCollide": true,
        "CanQuery": true,
        "CanTouch": true,
