{
  "format": "overlay_json_v1",
  "kind": "morph_bundle",
  "version": 1,
  "asset_id": "morph_2584-caninepp",
  "name": "caninepp",
  "source_file": "2584-caninepp.rbxmx",
  "anchor": "HumanoidRootPart",
  "anchor_candidates": [
    "HumanoidRootPart",
    "UpperTorso",
    "Torso",
    "Head"
  ],
  "jiggle": true,
  "root_cframe": {
    "position": [
      -51.5027466,
      3.32240772,
      32.7977448
    ],
    "rotation": [
      1,
      4.70237183e-11,
      1.05773168e-10,
      -4.25841133e-11,
      0.999134421,
      -0.0416065156,
      -1.07639959e-10,
      0.0416062176,
      0.999134421
    ]
  },
  "class_counts": {
    "Folder": 1,
    "Model": 1,
    "Part": 1,
    "Bone": 8,
    "MeshPart": 2,
    "Motor6D": 2
  },
  "nodes": [
    {
      "id": "RBXD622B70B0419402B82FE4E6F1B00A12F",
      "parent": null,
      "class": "Folder",
      "name": "caninepp",
      "properties": {
        "Name": "caninepp"
      }
    },
    {
      "id": "RBX6A60261BD0D64377ABD61A99F8E749AA",
      "parent": "RBXD622B70B0419402B82FE4E6F1B00A12F",
      "class": "Model",
      "name": "Rod",
      "properties": {
        "PrimaryPart": "RBX93FAD7549CC0401F86DE7408476175AC",
        "Name": "Rod"
      }
    },
    {
      "id": "RBX93FAD7549CC0401F86DE7408476175AC",
      "parent": "RBX6A60261BD0D64377ABD61A99F8E749AA",
      "class": "Part",
      "name": "Middle",
      "properties": {
        "shape": 1,
        "Anchored": false,
        "CanCollide": true,
        "CanQuery": true,
        "CanTouch": true,
        "Color3uint8": [
          0.639216,
          0.635294,
          0.647059
        ],
        "Massless": false,
        "Material": 256,
        "PivotOffset": {
          "position": [
            0,
            0,
            0
          ],
          "rotation": [
            1,
            0,
            0,
            0,
            1,
            0,
            0,
            0,
            1
          ]
        },
        "Reflectance": 0,
        "Transparency": 1,
        "size": [
          0.0713236481,
          0.0713236481,
          0.035661824
        ],
        "Name": "Middle",
        "LocalCFrame": {
          "position": [
            0,
            0,
            0
          ],
          "rotation": [
            1,
            0,
            0,
            0,
            1.000001,
            0,
            0,
            0,
            1.000001
          ]
        }
      }
    },
    {
      "id": "RBXAD01172EFC29470988F8A41BE5BFE915",
      "parent": "RBX93FAD7549CC0401F86DE7408476175AC",
      "class": "Bone",
      "name": "penis.000",
      "properties": {
        "CFrame": {
          "position": [
            0,
            -0.00562095642,
            0.0326843262
          ],
          "rotation": [
            1,
            4.22878989e-11,
            7.15348506e-7,
            -7.07165441e-7,
            -0.150764346,
            0.988569796,
            1.07890834e-7,
            -0.988569796,
            -0.150764346
          ]
        },
        "Visible": false,
        "Name": "penis.000"
      }
    },
    {
      "id": "RBX26ECA972A45E414E949C15255F3A6E7D",
      "parent": "RBXAD01172EFC29470988F8A41BE5BFE915",
      "class": "Bone",
      "name": "Sheath.L",
      "properties": {
        "CFrame": {
          "position": [
            -0.0875320435,
            0.0813674927,
            -0.0223922729
          ],
          "rotation": [
            0.989547253,
            0.0873592123,
            0.114737421,
            -0.0888993964,
            0.996005476,
            0.00836599153,
            -0.113548249,
            -0.0184786301,
            0.993360698
          ]
        },
        "Visible": false,
        "Name": "Sheath.L"
      }
    },
    {
      "id": "RBX0957DBC2A37C4DBABBB53C16F19FB8BF",
      "parent": "RBXAD01172EFC29470988F8A41BE5BFE915",
      "class": "Bone",
      "name": "Sheath.R",
      "properties": {
        "CFrame": {
          "position": [
            0.0875320435,
            0.0813674927,
            -0.0223922729
          ],
          "rotation": [
            0.989547133,
            -0.087359041,
            -0.114738502,
            0.0888992473,
            0.996005535,
            0.00836606696,
            0.113549322,
            -0.0184787828,
            0.993360579
          ]
        },
        "Visible": false,
        "Name": "Sheath.R"
      }
    },
    {
      "id": "RBX6AE4CFEBE02246AFBE5DECEB5DB5AD63",
      "parent": "RBXAD01172EFC29470988F8A41BE5BFE915",
      "class": "Bone",
      "name": "Sheath.B",
      "properties": {
        "CFrame": {
          "position": [
            0,
            0.127494812,
            -0.146720886
          ],
          "rotation": [
            1,
            -1.94728386e-7,
            -4.41331281e-7,
            6.4938753e-8,
            0.960915685,
            -0.276841462,
            4.77990966e-7,
            0.276841462,
            0.960915685
          ]
        },
        "Visible": false,
        "Name": "Sheath.B"
      }
    },
    {
      "id": "RBX725BEE0FA21646FAA4CA764B55370D36",
      "parent": "RBXAD01172EFC29470988F8A41BE5BFE915",
      "class": "Bone",
      "name": "Sheath.T",
      "properties": {
        "CFrame": {
          "position": [
            0,
            0.169960022,
            0.115081787
          ],
          "rotation": [
            1,
            2.78256124e-7,
            8.30688975e-7,
            -5.75008926e-7,
            0.923854709,
            0.382743418,
            -6.609352e-7,
            -0.382743418,
            0.923854709
          ]
        },
        "Visible": false,
        "Name": "Sheath.T"
      }
    },
    {
      "id": "RBX77E4D0ABF0654B21B76353C0C55F2FB4",
      "parent": "RBXAD01172EFC29470988F8A41BE5BFE915",
      "class": "Bone",
      "name": "penis.001",
      "properties": {
        "CFrame": {
          "position": [
            0,
            0.297447205,
            -0.0000152587891
          ],
          "rotation": [
            1,
            -9.02106407e-8,
            -7.09543485e-7,
            -2.32971249e-13,
            0.992014527,
            -0.126124069,
            7.15255055e-7,
            0.126124069,
            0.992014527
          ]
        },
        "Visible": false,
        "Name": "penis.001"
      }
    },
    {
      "id": "RBX3E6CA4CDFFAA49E6BBB34EC55F373A35",
      "parent": "RBX77E4D0ABF0654B21B76353C0C55F2FB4",
      "class": "Bone",
      "name": "penis.002",
      "properties": {
        "CFrame": {
          "position": [
            0,
            0.520492554,
            0.0000152587891
          ],
          "rotation": [
            1,
            4.7646945e-14,
            8.40352907e-13,
            -2.2739067e-14,
            0.999561429,
            -0.0296149142,
            -8.41395313e-13,
            0.0296149142,
            0.999561429
          ]
        },
        "Visible": false,
        "Name": "penis.002"
      }
    },
    {
      "id": "RBX2DF94238EDD44D60BEFB80EA5A615F9A",
      "parent": "RBX3E6CA4CDFFAA49E6BBB34EC55F373A35",
      "class": "Bone",
      "name": "penis.003",
      "properties": {
        "CFrame": {
          "position": [
            0,
            0.437301636,
            -0.00000762939453
          ],
          "rotation": [
            1,
            1.73434059e-16,
            1.65565517e-15,
            -1.20617492e-17,
            0.995286942,
            -0.0969736427,
            -1.66467046e-15,
            0.0969736427,
            0.995286942
          ]
        },
        "Visible": false,
        "Name": "penis.003"
      }
    },
    {
      "id": "RBXF5E8F6EA955649F68CAED9A38DCF9B9B",
      "parent": "RBX6A60261BD0D64377ABD61A99F8E749AA",
      "class": "MeshPart",
      "name": "Color1",
      "properties": {
        "HasSkinnedMesh": true,
        "MeshId": "rbxassetid://12134484671",
        "RenderFidelity": 1,
        "TextureID": null,
        "Anchored": false,
        "CanCollide": true,
        "CanQuery": true,
        "CanTouch": true,
        "Color3uint8": [
          0.745098,
          0.407843,
          0.384314
        ],
        "Massless": false,
        "Material": 1568,
        "PivotOffset": {
          "position": [
            0,
            0,
            0
          ],
          "rotation": [
            1,
            0,
            0,
            0,
            1,
            0,
            0,
            0,
            1
          ]
        },
        "Reflectance": 0,
        "Transparency": 0,
        "size": [
          0.646039546,
          1.34234476,
          1.49286962
        ],
        "Name": "Color1",
        "LocalCFrame": {
          "position": [
            0.001732,
            0.268321,
            -1.184296
          ],
          "rotation": [
            1,
            0,
            0,
            0,
            0.757823,
            0.652461,
            0,
            -0.652461,
            0.757823
          ]
        }
      }
    },
    {
      "id": "RBXA5C9A5964D224889806A38ECEF53CA7B",
      "parent": "RBXF5E8F6EA955649F68CAED9A38DCF9B9B",
      "class": "Motor6D",
      "name": "PenisMotor6D",
      "properties": {
        "C0": {
          "position": [
            1.07524833e-7,
            -2.75267601,
            1.51193869
          ],
          "rotation": [
            1,
            -3.45055149e-8,
            -3.18305844e-8,
            4.54739464e-8,
            0.8803913,
            0.474248141,
            1.16591909e-8,
            -0.474248141,
            0.8803913
          ]
        },
        "C1": {
          "position": [
            -0.00173104496,
            -4.04856825,
            0.0721859485
          ],
          "rotation": [
            1,
            -3.45142759e-8,
            -3.17151567e-8,
            2.68873972e-8,
            0.976608872,
            -0.215024993,
            3.83947274e-8,
            0.215024859,
            0.976608694
          ]
        },
        "Enabled": true,
        "Part0": "RBX93FAD7549CC0401F86DE7408476175AC",
        "Part1": "RBXF5E8F6EA955649F68CAED9A38DCF9B9B",
        "Name": "PenisMotor6D"
      }
    },
    {
      "id": "RBXA170C7558800418FB6228DC09719D3B1",
      "parent": "RBX6A60261BD0D64377ABD61A99F8E749AA",
      "class": "MeshPart",
      "name": "Color5",
      "properties": {
        "HasSkinnedMesh": false,
        "MeshId": "rbxassetid://2769379263",
        "RenderFidelity": 1,
        "TextureID": null,
        "Anchored": false,
        "CanCollide": true,
        "CanQuery": true,
        "CanTouch": true,
        "Color3uint8": [
          0.972549,
          0.972549,
          0.972549
        ],
        "Massless": false,
        "Material": 256,
        "PivotOffset": {
          "position": [
            0,
            0,
            0
          ],
          "rotation": [
            1,
            0,
            0,
            0,
            1,
            0,
            0,
            0,
            1
          ]
        },
        "Reflectance": 0,
        "Transparency": 0,
        "size": [
          0.655996323,
          0.284297526,
          0.607412934
        ],
        "Name": "Color5",
        "LocalCFrame": {
          "position": [
            -0.018463,
            -0.038752,
            -0.156356
          ],
          "rotation": [
            1,
            0,
            0,
            0,
            -0.027297,
            0.999631,
            0,
            -0.999631,
            -0.027298
          ]
        }
      }
    },
    {
      "id": "RBXC84DD8E60CCC45998F30222255803D78",
      "parent": "RBXA170C7558800418FB6228DC09719D3B1",
      "class": "Motor6D",
      "name": "RootPart",
      "properties": {
        "C0": {
          "position": [
            0.0184637848,
            -2.18912506,
            -2.44610095
          ],
          "rotation": [
            1,
            -2.917157e-8,
            -3.65628452e-8,
            -1.26346205e-8,
            0.584167719,
            -0.811635673,
            4.50355024e-8,
            0.811636031,
            0.584167242
          ]
        },
        "C1": {
          "position": [
            8.5849365e-8,
            -2.42419147,
            2.09873271
          ],
          "rotation": [
            1,
            -2.91235569e-8,
            -3.67648205e-8,
            4.54477878e-8,
            0.795385778,
            0.606104732,
            1.15902896e-8,
            -0.606104732,
            0.795385718
          ]
        },
        "Enabled": true,
        "Part0": "RBXA170C7558800418FB6228DC09719D3B1",
        "Part1": "RBX93FAD7549CC0401F86DE7408476175AC",
        "Name": "RootPart"
      }
    }
  ]
}
