{
  "format": "overlay_json_v1",
  "kind": "morph_bundle",
  "version": 1,
  "asset_id": "morph_1797-nekomatatailsjw2",
  "name": "nekomatatailsJW2",
  "source_file": "1797-nekomatatailsjw2.rbxmx",
  "anchor": "LowerTorso",
  "anchor_candidates": [
    "LowerTorso",
    "Torso",
    "HumanoidRootPart",
    "UpperTorso"
  ],
  "jiggle": true,
  "root_cframe": {
    "position": [
      33.9998932,
      -5.0004425,
      -5.5081358
    ],
    "rotation": [
      1,
      -2.61934474e-10,
      2.32960486e-30,
      -2.61934474e-10,
      1,
      -2.03287907e-20,
      2.32960486e-30,
      -2.03287907e-20,
      1
    ]
  },
  "class_counts": {
    "Folder": 1,
    "Model": 1,
    "Part": 2,
    "MeshPart": 1,
    "Bone": 13,
    "SpecialMesh": 1
  },
  "nodes": [
    {
      "id": "RBX9C65E01A0C914186BD3F403EDA71E4B5",
      "parent": null,
      "class": "Folder",
      "name": "nekomatatailsJW2",
      "properties": {
        "Name": "nekomatatailsJW2"
      }
    },
    {
      "id": "RBXAEADA6371845492FBC615C11EBDA5DCD",
      "parent": "RBX9C65E01A0C914186BD3F403EDA71E4B5",
      "class": "Model",
      "name": "LowerStaticA",
      "properties": {
        "PrimaryPart": "RBXB27B4C90552D41258364C3241EFCD11A",
        "Name": "LowerStaticA"
      }
    },
    {
      "id": "RBXB27B4C90552D41258364C3241EFCD11A",
      "parent": "RBXAEADA6371845492FBC615C11EBDA5DCD",
      "class": "Part",
      "name": "Middle",
      "properties": {
        "shape": 1,
        "Anchored": true,
        "CanCollide": false,
        "CanQuery": true,
        "CanTouch": true,
        "Color3uint8": [
          0.972549,
          0.972549,
          0.972549
        ],
        "Massless": false,
        "Material": 272,
        "PivotOffset": {
          "position": [
            0,
            0,
            0
          ],
          "rotation": [
            1,
            0,
            0,
            0,
            1,
            0,
            0,
            0,
            1
          ]
        },
        "Reflectance": 0,
        "Transparency": 0,
        "size": [
          2,
          2,
          1
        ],
        "Name": "Middle",
        "LocalCFrame": {
          "position": [
            0,
            0,
            0
          ],
          "rotation": [
            1,
            0,
            0,
            0,
            1,
            0,
            0,
            0,
            1
          ]
        }
      }
    },
    {
      "id": "RBX7B103BEDED874BC9BB39023CB6467F8B",
      "parent": "RBXAEADA6371845492FBC615C11EBDA5DCD",
      "class": "MeshPart",
      "name": "nekomataJW2",
      "properties": {
        "HasSkinnedMesh": true,
        "MeshId": "rbxassetid://18133397577",
        "RenderFidelity": 0,
        "TextureID": null,
        "Anchored": false,
        "CanCollide": true,
        "CanQuery": true,
        "CanTouch": true,
        "Color3uint8": [
          0.972549,
          0.972549,
          0.972549
        ],
        "Massless": false,
        "Material": 256,
        "PivotOffset": {
          "position": [
            -0.019853238,
            0.0640238523,
            0.00498264236
          ],
          "rotation": [
            1,
            -4.72937023e-10,
            5.82074909e-11,
            4.72937023e-10,
            1,
            -2.98132363e-8,
            -5.8207477e-11,
            2.98132363e-8,
            1
          ]
        },
        "Reflectance": 0,
        "Transparency": 0,
        "size": [
          2.18951917,
          2.13365674,
          3.72297359
        ],
        "Name": "nekomataJW2",
        "LocalCFrame": {
          "position": [
            -0.023567,
            -0.904387,
            1.619623
          ],
          "rotation": [
            -1,
            0,
            0,
            0,
            1,
            0,
            0,
            0,
            -1
          ]
        }
      }
    },
    {
      "id": "RBXB01218F91212407285ADC853D237250D",
      "parent": "RBX7B103BEDED874BC9BB39023CB6467F8B",
      "class": "Bone",
      "name": "RootBone1",
      "properties": {
        "CFrame": {
          "position": [
            0.0126378937,
            0.705702066,
            1.79391396
          ],
          "rotation": [
            -0.985423744,
            0.170105949,
            0.00201734155,
            0.0438575633,
            0.265488803,
            -0.96311605,
            -0.164367318,
            -0.948988855,
            -0.269079417
          ]
        },
        "Visible": false,
        "Name": "RootBone1"
      }
    },
    {
      "id": "RBX4B9B7D8D3A2542D7B2A20A7A0EB6B68C",
      "parent": "RBXB01218F91212407285ADC853D237250D",
      "class": "Bone",
      "name": "Bone.001",
      "properties": {
        "CFrame": {
          "position": [
            0,
            0.766886353,
            0
          ],
          "rotation": [
            0.976885974,
            -0.139531538,
            -0.161941081,
            0.0360365063,
            0.854233503,
            -0.518639207,
            0.210702002,
            0.500815451,
            0.839516997
          ]
        },
        "Visible": false,
        "Name": "Bone.001"
      }
    },
    {
      "id": "RBX7B55D5533013474F9BE366C9713D6F28",
      "parent": "RBX4B9B7D8D3A2542D7B2A20A7A0EB6B68C",
      "class": "Bone",
      "name": "Bone.002",
      "properties": {
        "CFrame": {
          "position": [
            -5.73295473e-8,
            0.863518,
            5.73295473e-8
          ],
          "rotation": [
            0.985204101,
            0.0890300348,
            -0.146446645,
            -0.165656686,
            0.713760018,
            -0.680517852,
            0.0439412408,
            0.694708765,
            0.717947662
          ]
        },
        "Visible": false,
        "Name": "Bone.002"
      }
    },
    {
      "id": "RBXF8F8D33124114E1E97EA2808ECD147EC",
      "parent": "RBX7B55D5533013474F9BE366C9713D6F28",
      "class": "Bone",
      "name": "Bone.003",
      "properties": {
        "CFrame": {
          "position": [
            2.29318189e-7,
            0.995467305,
            3.58309684e-8
          ],
          "rotation": [
            0.992603421,
            0.0314120688,
            0.117267676,
            -0.0525495969,
            0.981935143,
            0.181774765,
            -0.109439313,
            -0.186592624,
            0.976322889
          ]
        },
        "Visible": false,
        "Name": "Bone.003"
      }
    },
    {
      "id": "RBXDEDF8992F4604AFD83EC5CAF1E227768",
      "parent": "RBXF8F8D33124114E1E97EA2808ECD147EC",
      "class": "Bone",
      "name": "Bone.004",
      "properties": {
        "CFrame": {
          "position": [
            -5.73295473e-8,
            0.714289069,
            -3.29644905e-7
          ],
          "rotation": [
            0.988235533,
            -0.0922273323,
            0.122002617,
            0.0129004093,
            0.845141888,
            0.534386396,
            -0.152394548,
            -0.526525736,
            0.836389005
          ]
        },
        "Visible": false,
        "Name": "Bone.004"
      }
    },
    {
      "id": "RBXAAFBA876E0F94550B4A57C6B953D82F6",
      "parent": "RBXDEDF8992F4604AFD83EC5CAF1E227768",
      "class": "Bone",
      "name": "Bone.005",
      "properties": {
        "CFrame": {
          "position": [
            -1.14659095e-7,
            0.640049875,
            -5.73295473e-8
          ],
          "rotation": [
            0.993987322,
            -0.0743183568,
            0.0804118887,
            0.00807404332,
            0.782133162,
            0.623059034,
            -0.109197527,
            -0.61866349,
            0.778030515
          ]
        },
        "Visible": false,
        "Name": "Bone.005"
      }
    },
    {
      "id": "RBX0ED02FC525D8489CB82E97AFF799D191",
      "parent": "RBX7B103BEDED874BC9BB39023CB6467F8B",
      "class": "Bone",
      "name": "RootBone2",
      "properties": {
        "CFrame": {
          "position": [
            0.0126378937,
            0.705702245,
            1.79391408
          ],
          "rotation": [
            0.999987006,
            -0.00510500744,
            -0.000167149294,
            0.00510499254,
            0.999987006,
            -0.0000900569794,
            0.00016760685,
            0.0000892025055,
            1.00000012
          ]
        },
        "Visible": false,
        "Name": "RootBone2"
      }
    },
    {
      "id": "RBXC0DD97F51B894A5E87ADCF7DE0CD2ABB",
      "parent": "RBX7B103BEDED874BC9BB39023CB6467F8B",
      "class": "Bone",
      "name": "RootBone3",
      "properties": {
        "CFrame": {
          "position": [
            0.012637808,
            0.705702245,
            1.7939142
          ],
          "rotation": [
            0.248006672,
            -0.339768678,
            -0.907221019,
            0.949383795,
            0.271596819,
            0.157815337,
            0.192777649,
            -0.900440097,
            0.389928699
          ]
        },
        "Visible": false,
        "Name": "RootBone3"
      }
    },
    {
      "id": "RBXC9DE5AFC84814E7186C020AE6F05A3A4",
      "parent": "RBXC0DD97F51B894A5E87ADCF7DE0CD2ABB",
      "class": "Bone",
      "name": "Bone.008",
      "properties": {
        "CFrame": {
          "position": [
            0,
            0.785594583,
            -2.29318189e-7
          ],
          "rotation": [
            0.876042962,
            -0.481021851,
            -0.0341579765,
            0.471765399,
            0.840195775,
            0.267410815,
            -0.0999310538,
            -0.250377893,
            0.962977052
          ]
        },
        "Visible": false,
        "Name": "Bone.008"
      }
    },
    {
      "id": "RBXFFA1E258B20B4AB19E14C3D9099B1F1C",
      "parent": "RBXC9DE5AFC84814E7186C020AE6F05A3A4",
      "class": "Bone",
      "name": "Bone.009",
      "properties": {
        "CFrame": {
          "position": [
            -1.43323874e-7,
            0.895387232,
            -2.29318189e-7
          ],
          "rotation": [
            0.694494009,
            -0.715611219,
            0.0746911019,
            0.690616965,
            0.692131519,
            0.209767073,
            -0.201807722,
            -0.094099015,
            0.974894404
          ]
        },
        "Visible": false,
        "Name": "Bone.009"
      }
    },
    {
      "id": "RBX9166DC41704346A4BA191E0D7A7AAB60",
      "parent": "RBXFFA1E258B20B4AB19E14C3D9099B1F1C",
      "class": "Bone",
      "name": "Bone.010",
      "properties": {
        "CFrame": {
          "position": [
            -3.00980133e-7,
            0.969467402,
            -1.71988646e-7
          ],
          "rotation": [
            0.978328645,
            0.197061315,
            -0.0635611862,
            -0.199596912,
            0.979205132,
            -0.0363099687,
            0.0550841466,
            0.0482096933,
            0.997317255
          ]
        },
        "Visible": false,
        "Name": "Bone.010"
      }
    },
    {
      "id": "RBXFBC40D01898D403CBE22F6C07F3B705F",
      "parent": "RBX9166DC41704346A4BA191E0D7A7AAB60",
      "class": "Bone",
      "name": "Bone.011",
      "properties": {
        "CFrame": {
          "position": [
            3.58309677e-7,
            0.696217716,
            -1.43323874e-7
          ],
          "rotation": [
            0.867137253,
            0.486109376,
            -0.108493157,
            -0.497350425,
            0.856793046,
            -0.136192203,
            0.0267518815,
            0.172056422,
            0.984723866
          ]
        },
        "Visible": false,
        "Name": "Bone.011"
      }
    },
    {
      "id": "RBX1E0DB9C97B144188999E2E17B7551136",
      "parent": "RBXFBC40D01898D403CBE22F6C07F3B705F",
      "class": "Bone",
      "name": "Bone.012",
      "properties": {
        "CFrame": {
          "position": [
            1.71988646e-7,
            0.614811242,
            -1.43323874e-7
          ],
          "rotation": [
            0.764116645,
            0.612558782,
            -0.202231377,
            -0.637244523,
            0.765493274,
            -0.0891036689,
            0.100225523,
            0.196956441,
            0.975275874
          ]
        },
        "Visible": false,
        "Name": "Bone.012"
      }
    },
    {
      "id": "RBXE33D8FF2B42345108376CC0C4F1FD738",
      "parent": "RBXAEADA6371845492FBC615C11EBDA5DCD",
      "class": "Part",
      "name": "MIddle",
      "properties": {
        "shape": 1,
        "Anchored": false,
        "CanCollide": false,
        "CanQuery": true,
        "CanTouch": true,
        "Color3uint8": [
          0.639216,
          0.635294,
          0.647059
        ],
        "Massless": false,
        "Material": 256,
        "PivotOffset": {
          "position": [
            0,
            0,
            0
          ],
          "rotation": [
            1,
            0,
            0,
            0,
            1,
            0,
            0,
            0,
            1
          ]
        },
        "Reflectance": 0,
        "Transparency": 0,
        "size": [
          1,
          1,
          1
        ],
        "Name": "MIddle",
        "LocalCFrame": {
          "position": [
            0.163673,
            0.520518,
            0.592016
          ],
          "rotation": [
            -0.939693,
            0.34202,
            0,
            0.34202,
            0.939693,
            0,
            0,
            0,
            -1
          ]
        }
      }
    },
    {
      "id": "RBX872628B3DA234482BA4D9CB59FC22F48",
      "parent": "RBXE33D8FF2B42345108376CC0C4F1FD738",
      "class": "SpecialMesh",
      "name": "SpecialMesh",
      "properties": {
        "MeshType": 5,
        "MeshId": "rbxassetid://10011430386",
        "TextureId": "rbxassetid://10011430549",
        "Offset": [
          0,
          0,
          0
        ],
        "Scale": [
          1,
          1,
          1
        ],
        "VertexColor": [
          1,
          1,
          1
        ],
        "Name": "SpecialMesh"
      }
    }
  ]
}
