{
  "format": "overlay_json_v1",
  "kind": "morph_bundle",
  "version": 1,
  "asset_id": "morph_2050-cat-tail-black",
  "name": "Cat Tail Black",
  "source_file": "2050-cat-tail-black.rbxmx",
  "anchor": "LowerTorso",
  "anchor_candidates": [
    "LowerTorso",
    "Torso",
    "HumanoidRootPart",
    "UpperTorso"
  ],
  "jiggle": true,
  "root_cframe": {
    "position": [
      -496013.594,
      31147.7168,
      -194426.828
    ],
    "rotation": [
      1,
      0,
      0,
      0,
      1,
      0,
      0,
      0,
      1
    ]
  },
  "class_counts": {
    "Folder": 1,
    "Model": 1,
    "Part": 1,
    "SpecialMesh": 1,
    "MeshPart": 1,
    "Bone": 6
  },
  "nodes": [
    {
      "id": "RBX71AF6CF1F0AA466BA742F539C59C2E41",
      "parent": null,
      "class": "Folder",
      "name": "Cat Tail Black",
      "properties": {
        "Name": "Cat Tail Black"
      }
    },
    {
      "id": "RBXA874E0168CDF441098A54CDC00BEE89E",
      "parent": "RBX71AF6CF1F0AA466BA742F539C59C2E41",
      "class": "Model",
      "name": "LowerStaticA",
      "properties": {
        "PrimaryPart": "RBX4175145B53364CE6B339B1748CB64245",
        "Name": "LowerStaticA"
      }
    },
    {
      "id": "RBX4175145B53364CE6B339B1748CB64245",
      "parent": "RBXA874E0168CDF441098A54CDC00BEE89E",
      "class": "Part",
      "name": "Middle",
      "properties": {
        "shape": 1,
        "Anchored": true,
        "CanCollide": false,
        "CanQuery": true,
        "CanTouch": true,
        "Color3uint8": [
          0.972549,
          0.972549,
          0.972549
        ],
        "Massless": false,
        "Material": 272,
        "PivotOffset": {
          "position": [
            0,
            0,
            0
          ],
          "rotation": [
            1,
            0,
            0,
            0,
            1,
            0,
            0,
            0,
            1
          ]
        },
        "Reflectance": 0,
        "Transparency": 0,
        "size": [
          2,
          2,
          1
        ],
        "Name": "Middle",
        "LocalCFrame": {
          "position": [
            0,
            0,
            0
          ],
          "rotation": [
            1,
            0,
            0,
            0,
            1,
            0,
            0,
            0,
            1
          ]
        }
      }
    },
    {
      "id": "RBX34A8D47C29944AD392C91A639D172DAB",
      "parent": "RBX4175145B53364CE6B339B1748CB64245",
      "class": "SpecialMesh",
      "name": "MaleMesh",
      "properties": {
        "MeshType": 5,
        "MeshId": "rbxassetid://12221758",
        "TextureId": null,
        "Offset": [
          0,
          0,
          0
        ],
        "Scale": [
          1,
          1,
          1
        ],
        "VertexColor": [
          1,
          1,
          1
        ],
        "Name": "MaleMesh"
      }
    },
    {
      "id": "RBX714DB5CDB01B49D9BE765ED90A829CDD",
      "parent": "RBXA874E0168CDF441098A54CDC00BEE89E",
      "class": "MeshPart",
      "name": "Tail",
      "properties": {
        "HasSkinnedMesh": true,
        "MeshId": "rbxassetid://17138752652",
        "RenderFidelity": 0,
        "TextureID": null,
        "Anchored": true,
        "CanCollide": false,
        "CanQuery": true,
        "CanTouch": true,
        "Color3uint8": [
          0.066667,
          0.066667,
          0.066667
        ],
        "Massless": false,
        "Material": 272,
        "PivotOffset": {
          "position": [
            0.0613030382,
            0.0993414,
            0.457942367
          ],
          "rotation": [
            -1,
            0,
            0,
            0,
            0,
            -1,
            0,
            -1,
            0
          ]
        },
        "Reflectance": 0,
        "Transparency": 0,
        "size": [
          1.52166378,
          2.18496513,
          1.86557007
        ],
        "Name": "Tail",
        "LocalCFrame": {
          "position": [
            0,
            -0.0879,
            1.016
          ],
          "rotation": [
            1,
            0,
            0,
            0,
            1,
            0,
            0,
            0,
            1
          ]
        }
      }
    },
    {
      "id": "RBXA179ED8E2FE8465F97AF77840DBCE0B9",
      "parent": "RBX714DB5CDB01B49D9BE765ED90A829CDD",
      "class": "Bone",
      "name": "Bone",
      "properties": {
        "CFrame": {
          "position": [
            0.0751835331,
            -0.504067421,
            -0.952499151
          ],
          "rotation": [
            0.993605673,
            0.11290583,
            -0.0000726711005,
            0.0122427233,
            -0.108379498,
            -0.994034171,
            -0.112240136,
            0.987677157,
            -0.109068759
          ]
        },
        "Visible": false,
        "Name": "Bone"
      }
    },
    {
      "id": "RBX72F2296FA962454080EA02C18492D12C",
      "parent": "RBXA179ED8E2FE8465F97AF77840DBCE0B9",
      "class": "Bone",
      "name": "Bone.001",
      "properties": {
        "CFrame": {
          "position": [
            -0.000545501709,
            0.758483887,
            0.0000534057617
          ],
          "rotation": [
            0.969603837,
            -0.227988169,
            0.0888250992,
            0.236871511,
            0.783641696,
            -0.574280143,
            0.0613220222,
            0.577864289,
            0.813825905
          ]
        },
        "Visible": false,
        "Name": "Bone.001"
      }
    },
    {
      "id": "RBX41B078C193784A8293BCC06FA2AD97EE",
      "parent": "RBX72F2296FA962454080EA02C18492D12C",
      "class": "Bone",
      "name": "Bone.002",
      "properties": {
        "CFrame": {
          "position": [
            -0.000312805176,
            0.627471924,
            0
          ],
          "rotation": [
            0.818468869,
            -0.559260368,
            0.131668866,
            -0.24109529,
            -0.126293078,
            0.962249041,
            -0.521518886,
            -0.819315493,
            -0.238201991
          ]
        },
        "Visible": false,
        "Name": "Bone.002"
      }
    },
    {
      "id": "RBX2DEB5AE3BE884DBC92335EF3788D1B43",
      "parent": "RBX41B078C193784A8293BCC06FA2AD97EE",
      "class": "Bone",
      "name": "Bone.003",
      "properties": {
        "CFrame": {
          "position": [
            0.000267028809,
            1.35969543,
            0.0000915527344
          ],
          "rotation": [
            0.557605147,
            0.755205929,
            0.344587654,
            -0.754773617,
            0.288463742,
            0.589156747,
            0.345533609,
            -0.588602424,
            0.730858386
          ]
        },
        "Visible": false,
        "Name": "Bone.003"
      }
    },
    {
      "id": "RBX813B88F293034725A11BD5675E42EC6B",
      "parent": "RBX2DEB5AE3BE884DBC92335EF3788D1B43",
      "class": "Bone",
      "name": "Bone.004",
      "properties": {
        "CFrame": {
          "position": [
            0.0000305175781,
            1.09494781,
            -0.0000610351562
          ],
          "rotation": [
            0.175064698,
            0.972799242,
            0.151704133,
            0.620806038,
            -0.228660271,
            0.74987644,
            0.764167786,
            -0.0370980464,
            -0.643949986
          ]
        },
        "Visible": false,
        "Name": "Bone.004"
      }
    },
    {
      "id": "RBX33AF8C7A53B349A494D51434977EDA89",
      "parent": "RBX813B88F293034725A11BD5675E42EC6B",
      "class": "Bone",
      "name": "Bone.004_Tail",
      "properties": {
        "CFrame": {
          "position": [
            0,
            1.09496307,
            0.0000305175781
          ],
          "rotation": [
            1,
            7.4505726e-9,
            5.96046377e-8,
            -7.45057971e-9,
            1,
            1.19209332e-7,
            -5.96046377e-8,
            -1.19209332e-7,
            1
          ]
        },
        "Visible": false,
        "Name": "Bone.004_Tail"
      }
    }
  ]
}
