{
  "format": "overlay_json_v1",
  "kind": "morph_bundle",
  "version": 1,
  "asset_id": "morph_2770-bbc-2",
  "name": "BBC 2",
  "source_file": "2770-bbc-2.rbxmx",
  "anchor": "HumanoidRootPart",
  "anchor_candidates": [
    "HumanoidRootPart",
    "UpperTorso",
    "Torso",
    "Head"
  ],
  "jiggle": false,
  "root_cframe": {
    "position": [
      -3903.79248,
      31378.1641,
      -1999.42456
    ],
    "rotation": [
      1,
      6.69388045e-10,
      -1.39698364e-9,
      -6.69388045e-10,
      1,
      -1.49012713e-8,
      1.39698364e-9,
      1.49012713e-8,
      1
    ]
  },
  "class_counts": {
    "Folder": 1,
    "Model": 3,
    "Part": 4,
    "UnionOperation": 12,
    "SpecialMesh": 1,
    "ParticleEmitter": 1,
    "Motor6D": 8
  },
  "nodes": [
    {
      "id": "RBXC40FE6E0752C4F7697C4D645E70937C7",
      "parent": null,
      "class": "Folder",
      "name": "BBC 2",
      "properties": {
        "Name": "BBC 2"
      }
    },
    {
      "id": "RBX4741505CA69248B5B76C5ACEEA3D57FF",
      "parent": "RBXC40FE6E0752C4F7697C4D645E70937C7",
      "class": "Model",
      "name": "Orbs",
      "properties": {
        "PrimaryPart": null,
        "Name": "Orbs"
      }
    },
    {
      "id": "RBX789424187C4447A2A48784A55F95AEF6",
      "parent": "RBX4741505CA69248B5B76C5ACEEA3D57FF",
      "class": "Part",
      "name": "Middle",
      "properties": {
        "shape": 1,
        "Anchored": true,
        "CanCollide": false,
        "CanQuery": true,
        "CanTouch": true,
        "Color3uint8": [
          1,
          0,
          0
        ],
        "Massless": false,
        "Material": 256,
        "PivotOffset": {
          "position": [
            0,
            0,
            0
          ],
          "rotation": [
            1,
            0,
            0,
            0,
            1,
            0,
            0,
            0,
            1
          ]
        },
        "Reflectance": 0,
        "Transparency": 1,
        "size": [
          0.200000003,
          0.200000003,
          0.200000003
        ],
        "Name": "Middle",
        "LocalCFrame": {
          "position": [
            0,
            0,
            0
          ],
          "rotation": [
            1,
            0,
            0,
            0,
            1,
            0,
            0,
            0,
            1
          ]
        }
      }
    },
    {
      "id": "RBX68CE22BBA1C845A3A10983D14D44B131",
      "parent": "RBX4741505CA69248B5B76C5ACEEA3D57FF",
      "class": "UnionOperation",
      "name": "color5",
      "properties": {
        "UsePartColor": true,
        "Anchored": false,
        "CanCollide": true,
        "CanQuery": true,
        "CanTouch": true,
        "Color3uint8": [
          0.972549,
          0.972549,
          0.972549
        ],
        "Massless": false,
        "Material": 272,
        "PivotOffset": {
          "position": [
            0,
            0,
            0
          ],
          "rotation": [
            1,
            0,
            0,
            0,
            1,
            0,
            0,
            0,
            1
          ]
        },
        "Reflectance": 0,
        "Transparency": 1,
        "size": [
          0.934382975,
          0.48762092,
          0.819720864
        ],
        "Name": "color5",
        "LocalCFrame": {
          "position": [
            0.04004,
            -0.4043,
            0.01257
          ],
          "rotation": [
            -0.342874,
            -0.001166,
            0.939381,
            -0.939381,
            0.001416,
            -0.342872,
            -0.00093,
            -0.999998,
            -0.001581
          ]
        }
      }
    },
    {
      "id": "RBXFEEB12B604BC48749B802800A0E89142",
      "parent": "RBXC40FE6E0752C4F7697C4D645E70937C7",
      "class": "Model",
      "name": "LowerStaticA",
      "properties": {
        "PrimaryPart": "RBXB7BCE4B28F6F429DBEF2A6BCAA120E79",
        "Name": "LowerStaticA"
      }
    },
    {
      "id": "RBXB7BCE4B28F6F429DBEF2A6BCAA120E79",
      "parent": "RBXFEEB12B604BC48749B802800A0E89142",
      "class": "Part",
      "name": "Middle",
      "properties": {
        "shape": 1,
        "Anchored": true,
        "CanCollide": false,
        "CanQuery": true,
        "CanTouch": true,
        "Color3uint8": [
          0.972549,
          0.972549,
          0.972549
        ],
        "Massless": false,
        "Material": 272,
        "PivotOffset": {
          "position": [
            0,
            0,
            0
          ],
          "rotation": [
            1,
            0,
            0,
            0,
            1,
            0,
            0,
            0,
            1
          ]
        },
        "Reflectance": 0,
        "Transparency": 1,
        "size": [
          2,
          2,
          1
        ],
        "Name": "Middle",
        "LocalCFrame": {
          "position": [
            0.00024,
            0.8496,
            0.5
          ],
          "rotation": [
            1,
            0,
            0,
            0,
            1,
            0,
            0,
            0,
            1
          ]
        }
      }
    },
    {
      "id": "RBX7CB773413F7A479BB121C176E57C0694",
      "parent": "RBXB7BCE4B28F6F429DBEF2A6BCAA120E79",
      "class": "SpecialMesh",
      "name": "Mesh",
      "properties": {
        "MeshType": 5,
        "MeshId": "rbxassetid://12221758",
        "TextureId": null,
        "Offset": [
          0,
          0,
          0
        ],
        "Scale": [
          1,
          1,
          1
        ],
        "VertexColor": [
          1,
          1,
          1
        ],
        "Name": "Mesh"
      }
    },
    {
      "id": "RBX73EFED4F4B2043C29083B0BA75BB48A5",
      "parent": "RBXC40FE6E0752C4F7697C4D645E70937C7",
      "class": "Model",
      "name": "Rod",
      "properties": {
        "PrimaryPart": null,
        "Name": "Rod"
      }
    },
    {
      "id": "RBXC1CC9A1DB49548A7AE3483ECF86CDBDA",
      "parent": "RBX73EFED4F4B2043C29083B0BA75BB48A5",
      "class": "Part",
      "name": "Middle",
      "properties": {
        "shape": 1,
        "Anchored": true,
        "CanCollide": false,
        "CanQuery": true,
        "CanTouch": true,
        "Color3uint8": [
          1,
          0,
          0
        ],
        "Massless": false,
        "Material": 256,
        "PivotOffset": {
          "position": [
            0,
            0,
            0
          ],
          "rotation": [
            1,
            0,
            0,
            0,
            1,
            0,
            0,
            0,
            1
          ]
        },
        "Reflectance": 0,
        "Transparency": 1,
        "size": [
          0.20137006,
          0.20137006,
          0.20137006
        ],
        "Name": "Middle",
        "LocalCFrame": {
          "position": [
            0.00269,
            0.0312,
            -0.0144
          ],
          "rotation": [
            1,
            0,
            0,
            0,
            1,
            0.000038,
            0,
            -0.000038,
            1
          ]
        }
      }
    },
    {
      "id": "RBXE2190EEC27564D86AB96E69709A5CFA1",
      "parent": "RBX73EFED4F4B2043C29083B0BA75BB48A5",
      "class": "Part",
      "name": "Particle1",
      "properties": {
        "shape": 1,
        "Anchored": true,
        "CanCollide": true,
        "CanQuery": true,
        "CanTouch": true,
        "Color3uint8": [
          1,
          0.580392,
          0.580392
        ],
        "Massless": false,
        "Material": 272,
        "PivotOffset": {
          "position": [
            0,
            0,
            0
          ],
          "rotation": [
            1,
            0,
            0,
            0,
            1,
            0,
            0,
            0,
            1
          ]
        },
        "Reflectance": 0,
        "Transparency": 1,
        "size": [
          0.155455127,
          0.155455127,
          0.155455127
        ],
        "Name": "Particle1",
        "LocalCFrame": {
          "position": [
            0.01294,
            0.4511,
            -1.56812
          ],
          "rotation": [
            -0.999751,
            0.022197,
            0.002303,
            0.00367,
            0.265327,
            -0.964151,
            -0.022012,
            -0.963903,
            -0.265343
          ]
        }
      }
    },
    {
      "id": "RBX722F9EC31B20461D8B8C00ABE92782C1",
      "parent": "RBXE2190EEC27564D86AB96E69709A5CFA1",
      "class": "ParticleEmitter",
      "name": "Particles",
      "properties": {
        "Acceleration": [
          0,
          -15,
          0
        ],
        "Color": "0 1 1 1 0 1 1 1 1 0",
        "Drag": 0,
        "Enabled": false,
        "Lifetime": [
          1,
          1.5
        ],
        "LightEmission": 0,
        "LightInfluence": 1,
        "LockedToPart": false,
        "Rate": 25,
        "RotSpeed": [
          0,
          0
        ],
        "Rotation": [
          90,
          90
        ],
        "Size": "0 0.08 0 0.8 0.08 0 1 0 0",
        "Speed": [
          4,
          6
        ],
        "SpreadAngle": [
          10,
          10
        ],
        "Texture": "rbxassetid://3202767053",
        "TimeScale": 1,
        "Transparency": "0 0 0 0.9 0 0 1 1 0",
        "VelocityInheritance": 0,
        "ZOffset": 0,
        "Name": "Particles"
      }
    },
    {
      "id": "RBXFE75359A8AF946AA9809EBFFDC88936A",
      "parent": "RBX73EFED4F4B2043C29083B0BA75BB48A5",
      "class": "UnionOperation",
      "name": "color5",
      "properties": {
        "UsePartColor": true,
        "Anchored": false,
        "CanCollide": true,
        "CanQuery": true,
        "CanTouch": true,
        "Color3uint8": [
          0.972549,
          0.972549,
          0.972549
        ],
        "Massless": false,
        "Material": 272,
        "PivotOffset": {
          "position": [
            0,
            0,
            0
          ],
          "rotation": [
            1,
            0,
            0,
            0,
            1,
            0,
            0,
            0,
            1
          ]
        },
        "Reflectance": 0,
        "Transparency": 1,
        "size": [
          0.0672404617,
          0.74760133,
          0.094783783
        ],
        "Name": "color5",
        "LocalCFrame": {
          "position": [
            -0.12695,
            -0.1016,
            -0.26196
          ],
          "rotation": [
            0.666572,
            -0.173829,
            -0.72489,
            -0.719341,
            0.10507,
            -0.686665,
            0.195526,
            0.979155,
            -0.055006
          ]
        }
      }
    },
    {
      "id": "RBX7106E4F7B8B540F9873FD100528BE0DA",
      "parent": "RBX73EFED4F4B2043C29083B0BA75BB48A5",
      "class": "UnionOperation",
      "name": "color5",
      "properties": {
        "UsePartColor": true,
        "Anchored": false,
        "CanCollide": true,
        "CanQuery": true,
        "CanTouch": true,
        "Color3uint8": [
          0.972549,
          0.972549,
          0.972549
        ],
        "Massless": false,
        "Material": 272,
        "PivotOffset": {
          "position": [
            0,
            0,
            0
          ],
          "rotation": [
            1,
            0,
            0,
            0,
            1,
            0,
            0,
            0,
            1
          ]
        },
        "Reflectance": 0,
        "Transparency": 1,
        "size": [
          0.101011865,
          0.4268713,
          0.0498303063
        ],
        "Name": "color5",
        "LocalCFrame": {
          "position": [
            0.05615,
            0.3183,
            -1.10413
          ],
          "rotation": [
            0.999438,
            -0.018992,
            -0.027642,
            -0.022939,
            0.214141,
            -0.976533,
            0.024465,
            0.976618,
            0.213585
          ]
        }
      }
    },
    {
      "id": "RBXBCC1C33A15DF4D778B6240DAC7BC99BF",
      "parent": "RBX73EFED4F4B2043C29083B0BA75BB48A5",
      "class": "UnionOperation",
      "name": "color5",
      "properties": {
        "UsePartColor": true,
        "Anchored": false,
        "CanCollide": true,
        "CanQuery": true,
        "CanTouch": true,
        "Color3uint8": [
          0.972549,
          0.972549,
          0.972549
        ],
        "Massless": false,
        "Material": 272,
        "PivotOffset": {
          "position": [
            0,
            0,
            0
          ],
          "rotation": [
            1,
            0,
            0,
            0,
            1,
            0,
            0,
            0,
            1
          ]
        },
        "Reflectance": 0,
        "Transparency": 1,
        "size": [
          0.193128511,
          0.958393097,
          0.129691765
        ],
        "Name": "color5",
        "LocalCFrame": {
          "position": [
            0.06421,
            0.2109,
            -0.25977
          ],
          "rotation": [
            0.922327,
            -0.267771,
            0.278588,
            0.267695,
            -0.077144,
            -0.960411,
            0.278661,
            0.960389,
            0.000528
          ]
        }
      }
    },
    {
      "id": "RBX0C05292CC009493DA6E5F0590894CD66",
      "parent": "RBX73EFED4F4B2043C29083B0BA75BB48A5",
      "class": "UnionOperation",
      "name": "color5",
      "properties": {
        "UsePartColor": true,
        "Anchored": false,
        "CanCollide": true,
        "CanQuery": true,
        "CanTouch": true,
        "Color3uint8": [
          0.972549,
          0.972549,
          0.972549
        ],
        "Massless": false,
        "Material": 272,
        "PivotOffset": {
          "position": [
            0,
            0,
            0
          ],
          "rotation": [
            1,
            0,
            0,
            0,
            1,
            0,
            0,
            0,
            1
          ]
        },
        "Reflectance": 0,
        "Transparency": 1,
        "size": [
          0.159674957,
          0.414373487,
          0.159429312
        ],
        "Name": "color5",
        "LocalCFrame": {
          "position": [
            0.21045,
            0.1601,
            -1.00195
          ],
          "rotation": [
            0.303835,
            -0.314185,
            -0.899429,
            -0.838378,
            0.36027,
            -0.40906,
            0.45256,
            0.878352,
            -0.153943
          ]
        }
      }
    },
    {
      "id": "RBX0AD7710240DA444B9FBE4F98DFADBEEB",
      "parent": "RBX73EFED4F4B2043C29083B0BA75BB48A5",
      "class": "UnionOperation",
      "name": "color5",
      "properties": {
        "UsePartColor": true,
        "Anchored": false,
        "CanCollide": true,
        "CanQuery": true,
        "CanTouch": true,
        "Color3uint8": [
          0.972549,
          0.972549,
          0.972549
        ],
        "Massless": false,
        "Material": 272,
        "PivotOffset": {
          "position": [
            0,
            0,
            0
          ],
          "rotation": [
            1,
            0,
            0,
            0,
            1,
            0,
            0,
            0,
            1
          ]
        },
        "Reflectance": 0,
        "Transparency": 1,
        "size": [
          0.231794223,
          0.372422874,
          0.230792791
        ],
        "Name": "color5",
        "LocalCFrame": {
          "position": [
            0.19751,
            0.0996,
            -0.81531
          ],
          "rotation": [
            0.017919,
            0.249478,
            -0.968215,
            -0.466685,
            0.858498,
            0.21257,
            0.884242,
            0.448042,
            0.131811
          ]
        }
      }
    },
    {
      "id": "RBXE1B0D2FEBB8041A0A923F58559C184A3",
      "parent": "RBX73EFED4F4B2043C29083B0BA75BB48A5",
      "class": "UnionOperation",
      "name": "color5",
      "properties": {
        "UsePartColor": true,
        "Anchored": false,
        "CanCollide": true,
        "CanQuery": true,
        "CanTouch": true,
        "Color3uint8": [
          0.972549,
          0.972549,
          0.972549
        ],
        "Massless": false,
        "Material": 272,
        "PivotOffset": {
          "position": [
            0,
            0,
            0
          ],
          "rotation": [
            1,
            0,
            0,
            0,
            1,
            0,
            0,
            0,
            1
          ]
        },
        "Reflectance": 0,
        "Transparency": 1,
        "size": [
          0.209427893,
          0.871791184,
          0.223462313
        ],
        "Name": "color5",
        "LocalCFrame": {
          "position": [
            -0.1355,
            -0.1133,
            -0.41919
          ],
          "rotation": [
            0.685659,
            0.463744,
            0.561081,
            0.687674,
            -0.159912,
            -0.70819,
            -0.238696,
            0.871418,
            -0.42855
          ]
        }
      }
    },
    {
      "id": "RBX0EE9A3A51B2A458585D2D04D679E0F1D",
      "parent": "RBX73EFED4F4B2043C29083B0BA75BB48A5",
      "class": "UnionOperation",
      "name": "color5",
      "properties": {
        "UsePartColor": true,
        "Anchored": false,
        "CanCollide": true,
        "CanQuery": true,
        "CanTouch": true,
        "Color3uint8": [
          0.972549,
          0.972549,
          0.972549
        ],
        "Massless": false,
        "Material": 272,
        "PivotOffset": {
          "position": [
            0,
            0,
            0
          ],
          "rotation": [
            1,
            0,
            0,
            0,
            1,
            0,
            0,
            0,
            1
          ]
        },
        "Reflectance": 0,
        "Transparency": 1,
        "size": [
          0.09340287,
          0.336072564,
          0.297804117
        ],
        "Name": "color5",
        "LocalCFrame": {
          "position": [
            -0.19092,
            0.0175,
            -1.11853
          ],
          "rotation": [
            0.964944,
            0.18556,
            0.185611,
            0.245322,
            -0.889032,
            -0.386577,
            0.093281,
            0.418562,
            -0.903391
          ]
        }
      }
    },
    {
      "id": "RBX12FE63C4CC2D4B78A907C297A8BD30D6",
      "parent": "RBX73EFED4F4B2043C29083B0BA75BB48A5",
      "class": "UnionOperation",
      "name": "color5",
      "properties": {
        "UsePartColor": true,
        "Anchored": false,
        "CanCollide": true,
        "CanQuery": true,
        "CanTouch": true,
        "Color3uint8": [
          0.972549,
          0.972549,
          0.972549
        ],
        "Massless": false,
        "Material": 272,
        "PivotOffset": {
          "position": [
            0,
            0,
            0
          ],
          "rotation": [
            1,
            0,
            0,
            0,
            1,
            0,
            0,
            0,
            1
          ]
        },
        "Reflectance": 0,
        "Transparency": 1,
        "size": [
          0.157960832,
          0.723692298,
          0.23527348
        ],
        "Name": "color5",
        "LocalCFrame": {
          "position": [
            -0.1792,
            -0.0059,
            -0.98096
          ],
          "rotation": [
            0.94893,
            -0.0343,
            0.313616,
            0.315299,
            0.068887,
            -0.946489,
            0.010861,
            0.997035,
            0.076184
          ]
        }
      }
    },
    {
      "id": "RBX66DEC59C529F40FCB670620330B36BB5",
      "parent": "RBX73EFED4F4B2043C29083B0BA75BB48A5",
      "class": "UnionOperation",
      "name": "color1",
      "properties": {
        "UsePartColor": true,
        "Anchored": false,
        "CanCollide": true,
        "CanQuery": true,
        "CanTouch": true,
        "Color3uint8": [
          0.972549,
          0.972549,
          0.972549
        ],
        "Massless": false,
        "Material": 272,
        "PivotOffset": {
          "position": [
            0,
            0,
            0
          ],
          "rotation": [
            1,
            0,
            0,
            0,
            1,
            0,
            0,
            0,
            1
          ]
        },
        "Reflectance": 0,
        "Transparency": 1,
        "size": [
          0.444578707,
          0.463351339,
          0.338040709
        ],
        "Name": "color1",
        "LocalCFrame": {
          "position": [
            0.01147,
            0.4004,
            -1.39343
          ],
          "rotation": [
            -1,
            -0.000008,
            -0.000055,
            -0.000052,
            0.49033,
            0.871537,
            0.00002,
            0.871537,
            -0.490331
          ]
        }
      }
    },
    {
      "id": "RBXB1601BE9C2004026BE5CA56A0E77268E",
      "parent": "RBX73EFED4F4B2043C29083B0BA75BB48A5",
      "class": "UnionOperation",
      "name": "color5",
      "properties": {
        "UsePartColor": true,
        "Anchored": false,
        "CanCollide": true,
        "CanQuery": true,
        "CanTouch": true,
        "Color3uint8": [
          0.972549,
          0.972549,
          0.972549
        ],
        "Massless": false,
        "Material": 272,
        "PivotOffset": {
          "position": [
            0,
            0,
            0
          ],
          "rotation": [
            1,
            0,
            0,
            0,
            1,
            0,
            0,
            0,
            1
          ]
        },
        "Reflectance": 0,
        "Transparency": 1,
        "size": [
          0.239110559,
          1.65540743,
          0.673674107
        ],
        "Name": "color5",
        "LocalCFrame": {
          "position": [
            0.00586,
            0.0312,
            -0.75415
          ],
          "rotation": [
            -1,
            0.000041,
            -0.000033,
            -0.000049,
            -0.476723,
            0.879054,
            0.000021,
            0.879054,
            0.476723
          ]
        }
      }
    },
    {
      "id": "RBX73617E8BA18F4A6E9C10290896594512",
      "parent": "RBX73EFED4F4B2043C29083B0BA75BB48A5",
      "class": "UnionOperation",
      "name": "color5",
      "properties": {
        "UsePartColor": true,
        "Anchored": false,
        "CanCollide": true,
        "CanQuery": true,
        "CanTouch": true,
        "Color3uint8": [
          0.972549,
          0.972549,
          0.972549
        ],
        "Massless": false,
        "Material": 272,
        "PivotOffset": {
          "position": [
            0,
            0,
            0
          ],
          "rotation": [
            1,
            0,
            0,
            0,
            1,
            0,
            0,
            0,
            1
          ]
        },
        "Reflectance": 0,
        "Transparency": 1,
        "size": [
          0.564713299,
          1.92810857,
          0.60895431
        ],
        "Name": "color5",
        "LocalCFrame": {
          "position": [
            0.00561,
            0.0449,
            -0.63074
          ],
          "rotation": [
            -1,
            0.000031,
            -0.000044,
            -0.00005,
            -0.207794,
            0.978173,
            0.000022,
            0.978173,
            0.207794
          ]
        }
      }
    },
    {
      "id": "RBX7868399A9574420DB5B53497FF1D13AA",
      "parent": "RBX73617E8BA18F4A6E9C10290896594512",
      "class": "Motor6D",
      "name": "urethra",
      "properties": {
        "C0": {
          "position": [
            -0.000150749649,
            -0.117961615,
            -0.0386496186
          ],
          "rotation": [
            1,
            0.00000136332346,
            -3.03055458e-7,
            -0.00000122116944,
            0.95892626,
            0.283655882,
            6.73657382e-7,
            -0.283655852,
            0.95892626
          ]
        },
        "C1": {
          "position": [
            0,
            0,
            0
          ],
          "rotation": [
            1,
            0,
            0,
            0,
            1,
            0,
            0,
            0,
            1
          ]
        },
        "Enabled": true,
        "Part0": "RBX73617E8BA18F4A6E9C10290896594512",
        "Part1": "RBXB1601BE9C2004026BE5CA56A0E77268E",
        "Name": "urethra"
      }
    },
    {
      "id": "RBX22F9199CA2CC44CE82B5A920E234B0FA",
      "parent": "RBX73617E8BA18F4A6E9C10290896594512",
      "class": "Motor6D",
      "name": "tip",
      "properties": {
        "C0": {
          "position": [
            -0.0059357672,
            -0.820115805,
            0.190118879
          ],
          "rotation": [
            1,
            0.00000207558151,
            9.18792466e-7,
            -9.50723916e-7,
            0.75062573,
            -0.660727739,
            -0.00000206473169,
            0.66072768,
            0.75062573
          ]
        },
        "C1": {
          "position": [
            0,
            0,
            0
          ],
          "rotation": [
            1,
            0,
            0,
            0,
            1,
            0,
            0,
            0,
            1
          ]
        },
        "Enabled": true,
        "Part0": "RBX73617E8BA18F4A6E9C10290896594512",
        "Part1": "RBX66DEC59C529F40FCB670620330B36BB5",
        "Name": "tip"
      }
    },
    {
      "id": "RBX58288C045B534F6583FF6918CBAF1CA1",
      "parent": "RBX73617E8BA18F4A6E9C10290896594512",
      "class": "Motor6D",
      "name": "Union",
      "properties": {
        "C0": {
          "position": [
            -0.204812229,
            -0.387238175,
            0.0362823829
          ],
          "rotation": [
            -0.303783685,
            0.31418559,
            0.899445951,
            0.616900623,
            0.784308553,
            -0.0656115264,
            -0.726053238,
            0.534935832,
            -0.432079792
          ]
        },
        "C1": {
          "position": [
            0,
            0,
            0
          ],
          "rotation": [
            1,
            0,
            0,
            0,
            1,
            0,
            0,
            0,
            1
          ]
        },
        "Enabled": true,
        "Part0": "RBX73617E8BA18F4A6E9C10290896594512",
        "Part1": "RBX0C05292CC009493DA6E5F0590894CD66",
        "Name": "Union"
      }
    },
    {
      "id": "RBX0B856732C6A545DDAC2CE94C50257661",
      "parent": "RBX73617E8BA18F4A6E9C10290896594512",
      "class": "Motor6D",
      "name": "Union",
      "properties": {
        "C0": {
          "position": [
            0.184819087,
            -0.331913054,
            -0.122704335
          ],
          "rotation": [
            -0.948945522,
            0.0343185924,
            -0.313567549,
            -0.0548634455,
            0.960956752,
            0.271205038,
            0.310632259,
            0.27456221,
            -0.910012782
          ]
        },
        "C1": {
          "position": [
            0,
            0,
            0
          ],
          "rotation": [
            1,
            0,
            0,
            0,
            1,
            0,
            0,
            0,
            1
          ]
        },
        "Enabled": true,
        "Part0": "RBX73617E8BA18F4A6E9C10290896594512",
        "Part1": "RBX12FE63C4CC2D4B78A907C297A8BD30D6",
        "Name": "Union"
      }
    },
    {
      "id": "RBX7A3041B6E7ED4BB0867B46CDE70F9574",
      "parent": "RBX73617E8BA18F4A6E9C10290896594512",
      "class": "Motor6D",
      "name": "Union",
      "properties": {
        "C0": {
          "position": [
            0.141214743,
            0.239767328,
            -0.110757418
          ],
          "rotation": [
            -0.685698569,
            -0.46371761,
            -0.561055541,
            -0.376358211,
            0.885640562,
            -0.272020817,
            0.623034537,
            0.0246336069,
            -0.781806469
          ]
        },
        "C1": {
          "position": [
            0,
            0,
            0
          ],
          "rotation": [
            1,
            0,
            0,
            0,
            1,
            0,
            0,
            0,
            1
          ]
        },
        "Enabled": true,
        "Part0": "RBX73617E8BA18F4A6E9C10290896594512",
        "Part1": "RBXE1B0D2FEBB8041A0A923F58559C184A3",
        "Name": "Union"
      }
    },
    {
      "id": "RBXEA4240FD316F470A896E3E44B20A1E89",
      "parent": "RBX73617E8BA18F4A6E9C10290896594512",
      "class": "Motor6D",
      "name": "Union",
      "properties": {
        "C0": {
          "position": [
            -0.191847801,
            -0.192092732,
            0.0160147976
          ],
          "rotation": [
            -0.0178767499,
            -0.24951078,
            0.968206942,
            0.961916268,
            0.259879798,
            0.0847326368,
            -0.27275908,
            0.93284893,
            0.235362619
          ]
        },
        "C1": {
          "position": [
            0,
            0,
            0
          ],
          "rotation": [
            1,
            0,
            0,
            0,
            1,
            0,
            0,
            0,
            1
          ]
        },
        "Enabled": true,
        "Part0": "RBX73617E8BA18F4A6E9C10290896594512",
        "Part1": "RBX0AD7710240DA444B9FBE4F98DFADBEEB",
        "Name": "Union"
      }
    },
    {
      "id": "RBXCB73C7CC24C24A3D8D0914A4571457C2",
      "parent": "RBX73617E8BA18F4A6E9C10290896594512",
      "class": "Motor6D",
      "name": "Union",
      "properties": {
        "C0": {
          "position": [
            -0.0585097075,
            0.328332722,
            0.239867404
          ],
          "rotation": [
            -0.922334492,
            0.267795175,
            -0.278540492,
            0.216982558,
            0.955448329,
            0.200092822,
            0.319714934,
            0.124114089,
            -0.93934989
          ]
        },
        "C1": {
          "position": [
            0,
            0,
            0
          ],
          "rotation": [
            1,
            0,
            0,
            0,
            1,
            0,
            0,
            0,
            1
          ]
        },
        "Enabled": true,
        "Part0": "RBX73617E8BA18F4A6E9C10290896594512",
        "Part1": "RBXBCC1C33A15DF4D778B6240DAC7BC99BF",
        "Name": "Union"
      }
    },
    {
      "id": "RBX7BEBEE2B8A684EE7BFCFC1AF0BC5D279",
      "parent": "RBX73617E8BA18F4A6E9C10290896594512",
      "class": "Motor6D",
      "name": "Union",
      "properties": {
        "C0": {
          "position": [
            0.196577579,
            -0.471695662,
            -0.127200902
          ],
          "rotation": [
            -0.964953959,
            -0.185506433,
            -0.185611039,
            0.040298935,
            0.594166815,
            -0.803338349,
            0.259307563,
            -0.782660186,
            -0.565866709
          ]
        },
        "C1": {
          "position": [
            0,
            0,
            0
          ],
          "rotation": [
            1,
            0,
            0,
            0,
            1,
            0,
            0,
            0,
            1
          ]
        },
        "Enabled": true,
        "Part0": "RBX73617E8BA18F4A6E9C10290896594512",
        "Part1": "RBX0EE9A3A51B2A458585D2D04D679E0F1D",
        "Name": "Union"
      }
    }
  ]
}
