{
  "format": "overlay_json_v1",
  "kind": "morph_bundle",
  "version": 1,
  "asset_id": "morph_2912-man3-uv-chains-dark",
  "name": "man3 UV Chains (Dark)",
  "source_file": "2912-man3-uv-chains-dark.rbxmx",
  "anchor": "UpperTorso",
  "anchor_candidates": [
    "UpperTorso",
    "Torso",
    "HumanoidRootPart",
    "Head"
  ],
  "jiggle": false,
  "root_cframe": {
    "position": [
      72.9329987,
      4.07585192,
      185.703186
    ],
    "rotation": [
      -0.0000422305675,
      0.161968991,
      0.986796379,
      0.0000931605246,
      0.986795783,
      -0.161969021,
      -1,
      0.0000850903816,
      -0.0000567620882
    ]
  },
  "class_counts": {
    "Folder": 1,
    "Model": 3,
    "Part": 11,
    "SpecialMesh": 9,
    "Motor6D": 4,
    "Weld": 4,
    "ParticleEmitter": 2,
    "MeshPart": 2,
    "Attachment": 2
  },
  "nodes": [
    {
      "id": "RBXE17BB7A318624BA3BEDC6E9627D3F501",
      "parent": null,
      "class": "Folder",
      "name": "man3 UV Chains (Dark)",
      "properties": {
        "Name": "man3 UV Chains (Dark)"
      }
    },
    {
      "id": "RBX1E59712FE8554385AED5F41B63636213",
      "parent": "RBXE17BB7A318624BA3BEDC6E9627D3F501",
      "class": "Model",
      "name": "UpperL",
      "properties": {
        "PrimaryPart": "RBX09F01921F9E44D42959922E94F4296B0",
        "Name": "UpperL"
      }
    },
    {
      "id": "RBX09F01921F9E44D42959922E94F4296B0",
      "parent": "RBX1E59712FE8554385AED5F41B63636213",
      "class": "Part",
      "name": "Middle",
      "properties": {
        "shape": 1,
        "Anchored": true,
        "CanCollide": false,
        "CanQuery": true,
        "CanTouch": true,
        "Color3uint8": [
          0.917647,
          0.721569,
          0.572549
        ],
        "Massless": false,
        "Material": 256,
        "PivotOffset": {
          "position": [
            0,
            0,
            0
          ],
          "rotation": [
            1,
            0,
            0,
            0,
            1,
            0,
            0,
            0,
            1
          ]
        },
        "Reflectance": 0,
        "Transparency": 0,
        "size": [
          0.200000003,
          0.200000003,
          0.200000003
        ],
        "Name": "Middle",
        "LocalCFrame": {
          "position": [
            0,
            0,
            0
          ],
          "rotation": [
            1,
            0,
            0,
            0,
            1,
            0,
            0,
            0,
            1.000001
          ]
        }
      }
    },
    {
      "id": "RBX123BC3F8F6BD4052827C01EC2FC6761B",
      "parent": "RBX09F01921F9E44D42959922E94F4296B0",
      "class": "SpecialMesh",
      "name": "Mesh",
      "properties": {
        "MeshType": 6,
        "MeshId": null,
        "TextureId": null,
        "Offset": [
          0,
          0,
          0
        ],
        "Scale": [
          0,
          0,
          0
        ],
        "VertexColor": [
          1,
          1,
          1
        ],
        "Name": "Mesh"
      }
    },
    {
      "id": "RBX173838B44CE746A7B43CAA8FB31C8CA0",
      "parent": "RBX1E59712FE8554385AED5F41B63636213",
      "class": "Part",
      "name": "color1",
      "properties": {
        "shape": 1,
        "Anchored": true,
        "CanCollide": false,
        "CanQuery": true,
        "CanTouch": true,
        "Color3uint8": [
          1,
          0.580392,
          0.580392
        ],
        "Massless": false,
        "Material": 272,
        "PivotOffset": {
          "position": [
            0,
            0,
            0
          ],
          "rotation": [
            1,
            0,
            0,
            0,
            1,
            0,
            0,
            0,
            1
          ]
        },
        "Reflectance": 0,
        "Transparency": 0,
        "size": [
          0.315085858,
          0.332758337,
          0.182758272
        ],
        "Name": "color1",
        "LocalCFrame": {
          "position": [
            -0.544664,
            -0.701762,
            -0.493021
          ],
          "rotation": [
            -0.839993,
            0.228538,
            -0.492129,
            0.441551,
            0.815038,
            -0.37517,
            0.315362,
            -0.53244,
            -0.785531
          ]
        }
      }
    },
    {
      "id": "RBX7761425333494D3393A802D7355A8E6B",
      "parent": "RBX173838B44CE746A7B43CAA8FB31C8CA0",
      "class": "SpecialMesh",
      "name": "Mesh",
      "properties": {
        "MeshType": 3,
        "MeshId": null,
        "TextureId": null,
        "Offset": [
          0,
          0,
          0
        ],
        "Scale": [
          1,
          1,
          1
        ],
        "VertexColor": [
          1,
          1,
          1
        ],
        "Name": "Mesh"
      }
    },
    {
      "id": "RBX9C809D32301942FF9767AC998237A776",
      "parent": "RBX173838B44CE746A7B43CAA8FB31C8CA0",
      "class": "Motor6D",
      "name": "Nip",
      "properties": {
        "C0": {
          "position": [
            -0.477905273,
            0.304015636,
            -0.47187233
          ],
          "rotation": [
            -1,
            0,
            0,
            0,
            1,
            0,
            0,
            0,
            -1
          ]
        },
        "C1": {
          "position": [
            -0.0539327189,
            0.0234933812,
            -1.24240485e-15
          ],
          "rotation": [
            0.939692855,
            0.342019707,
            6.49238963e-14,
            -0.342019707,
            0.939692795,
            1.64103364e-13,
            -4.88193707e-15,
            -1.76411999e-13,
            1
          ]
        },
        "Enabled": true,
        "Part0": null,
        "Part1": "RBX173838B44CE746A7B43CAA8FB31C8CA0",
        "Name": "Nip"
      }
    },
    {
      "id": "RBXB16F10CBD39B43FE84C6F4D603FF1D7B",
      "parent": "RBX173838B44CE746A7B43CAA8FB31C8CA0",
      "class": "Weld",
      "name": "Weld",
      "properties": {
        "C0": {
          "position": [
            0,
            -0.00000190734863,
            0.0899963379
          ],
          "rotation": [
            1.00000012,
            -2.4561768e-15,
            7.10542736e-15,
            -5.96046448e-8,
            1,
            0,
            -7.10542736e-15,
            0,
            1
          ]
        },
        "C1": {
          "position": [
            0.0587158203,
            -0.00363206863,
            -0.00453948975
          ],
          "rotation": [
            0.939692736,
            -0.342019826,
            7.10542736e-15,
            0.342019826,
            0.939692736,
            -1.33509523e-13,
            4.26325641e-14,
            1.27897692e-13,
            1
          ]
        },
        "Enabled": true,
        "Part0": "RBX173838B44CE746A7B43CAA8FB31C8CA0",
        "Part1": null,
        "Name": "Weld"
      }
    },
    {
      "id": "RBXD7819CFD8F214386880F25D1C90FC54E",
      "parent": "RBX1E59712FE8554385AED5F41B63636213",
      "class": "Part",
      "name": "color1",
      "properties": {
        "shape": 1,
        "Anchored": true,
        "CanCollide": false,
        "CanQuery": true,
        "CanTouch": true,
        "Color3uint8": [
          1,
          0.580392,
          0.580392
        ],
        "Massless": false,
        "Material": 272,
        "PivotOffset": {
          "position": [
            0,
            0,
            0
          ],
          "rotation": [
            1,
            0,
            0,
            0,
            1,
            0,
            0,
            0,
            1
          ]
        },
        "Reflectance": 0,
        "Transparency": 0,
        "size": [
          0.153448135,
          0.153448135,
          0.224999994
        ],
        "Name": "color1",
        "LocalCFrame": {
          "position": [
            -0.546236,
            -0.712715,
            -0.51059
          ],
          "rotation": [
            -0.870521,
            0.003345,
            -0.492129,
            0.215559,
            0.901548,
            -0.37517,
            0.442422,
            -0.432675,
            -0.785531
          ]
        }
      }
    },
    {
      "id": "RBXE93B01D9D33742A39385D062A63C1F77",
      "parent": "RBXD7819CFD8F214386880F25D1C90FC54E",
      "class": "SpecialMesh",
      "name": "Mesh",
      "properties": {
        "MeshType": 3,
        "MeshId": null,
        "TextureId": null,
        "Offset": [
          0,
          0,
          0
        ],
        "Scale": [
          1,
          1,
          1
        ],
        "VertexColor": [
          1,
          1,
          1
        ],
        "Name": "Mesh"
      }
    },
    {
      "id": "RBXEA667838499740E78D9D1BBD764113EE",
      "parent": "RBXD7819CFD8F214386880F25D1C90FC54E",
      "class": "Motor6D",
      "name": "Nip",
      "properties": {
        "C0": {
          "position": [
            -0.477905273,
            0.304015636,
            -0.47187233
          ],
          "rotation": [
            -1,
            0,
            0,
            0,
            1,
            0,
            0,
            0,
            -1
          ]
        },
        "C1": {
          "position": [
            -0.0664456636,
            0.0235015638,
            -0.0625076294
          ],
          "rotation": [
            0.939693451,
            0.342018038,
            2.28353279e-13,
            -0.342018038,
            0.939693451,
            2.45815575e-13,
            -1.30508709e-13,
            -3.09092189e-13,
            1
          ]
        },
        "Enabled": true,
        "Part0": null,
        "Part1": "RBXD7819CFD8F214386880F25D1C90FC54E",
        "Name": "Nip"
      }
    },
    {
      "id": "RBXDC73FE6AA20441A4984E1AC2D5B6738C",
      "parent": "RBXD7819CFD8F214386880F25D1C90FC54E",
      "class": "Weld",
      "name": "Weld",
      "properties": {
        "C0": {
          "position": [
            0,
            0,
            -0.0774993896
          ],
          "rotation": [
            1,
            -2.45617024e-15,
            -1.70531842e-13,
            -2.45617024e-15,
            -1,
            0,
            -1.70531842e-13,
            8.3771e-28,
            -1
          ]
        },
        "C1": {
          "position": [
            -0.54838562,
            0.304655552,
            -0.456878662
          ],
          "rotation": [
            -0.939693689,
            -0.342017382,
            3.12026094e-13,
            0.342017382,
            -0.939693749,
            -1.52677757e-14,
            2.98430768e-13,
            9.23713281e-14,
            1
          ]
        },
        "Enabled": true,
        "Part0": "RBXD7819CFD8F214386880F25D1C90FC54E",
        "Part1": null,
        "Name": "Weld"
      }
    },
    {
      "id": "RBX2968BB5CBCDF46D5A99280EDC34F5F5F",
      "parent": "RBX1E59712FE8554385AED5F41B63636213",
      "class": "Part",
      "name": "Particle3",
      "properties": {
        "shape": 1,
        "Anchored": true,
        "CanCollide": false,
        "CanQuery": true,
        "CanTouch": true,
        "Color3uint8": [
          1,
          0.580392,
          0.580392
        ],
        "Massless": false,
        "Material": 272,
        "PivotOffset": {
          "position": [
            0,
            0,
            0
          ],
          "rotation": [
            1,
            0,
            0,
            0,
            1,
            0,
            0,
            0,
            1
          ]
        },
        "Reflectance": 0,
        "Transparency": 1,
        "size": [
          0.14428854,
          0.14428854,
          0.14428854
        ],
        "Name": "Particle3",
        "LocalCFrame": {
          "position": [
            -0.609253,
            -0.769425,
            -0.606487
          ],
          "rotation": [
            0.632397,
            -0.421581,
            0.649879,
            0.04729,
            0.858385,
            0.510822,
            -0.7732,
            -0.29231,
            0.562777
          ]
        }
      }
    },
    {
      "id": "RBX9E9B17F8F7A748DC96D381F89DE0F161",
      "parent": "RBX2968BB5CBCDF46D5A99280EDC34F5F5F",
      "class": "ParticleEmitter",
      "name": "Particles",
      "properties": {
        "Acceleration": [
          0,
          -5,
          0
        ],
        "Color": "0 1 1 1 0 1 1 1 1 0",
        "Drag": 0,
        "Enabled": false,
        "Lifetime": [
          0.75,
          1
        ],
        "LightEmission": 0,
        "LightInfluence": 1,
        "LockedToPart": false,
        "Rate": 75,
        "RotSpeed": [
          0,
          0
        ],
        "Rotation": [
          90,
          90
        ],
        "Size": "0 0.08 0 0.8 0.08 0 1 0 0",
        "Speed": [
          4,
          6
        ],
        "SpreadAngle": [
          10,
          10
        ],
        "Texture": "rbxassetid://3202767053",
        "TimeScale": 1,
        "Transparency": "0 0 0 0.9 0 0 1 1 0",
        "VelocityInheritance": 0,
        "ZOffset": 0,
        "Name": "Particles"
      }
    },
    {
      "id": "RBXF3459756BCDD44B4ADFFC9A8E5FDC927",
      "parent": "RBX1E59712FE8554385AED5F41B63636213",
      "class": "Part",
      "name": "Leftchest",
      "properties": {
        "shape": 1,
        "Anchored": true,
        "CanCollide": true,
        "CanQuery": true,
        "CanTouch": true,
        "Color3uint8": [
          0.639216,
          0.635294,
          0.647059
        ],
        "Massless": false,
        "Material": 256,
        "PivotOffset": {
          "position": [
            0,
            0,
            0
          ],
          "rotation": [
            1,
            0,
            0,
            0,
            1,
            0,
            0,
            0,
            1
          ]
        },
        "Reflectance": 0,
        "Transparency": 0,
        "size": [
          1,
          1,
          1
        ],
        "Name": "Leftchest",
        "LocalCFrame": {
          "position": [
            -0.299834,
            -0.492478,
            -0.223197
          ],
          "rotation": [
            -1,
            0.000093,
            0.000042,
            0.000085,
            0.986796,
            -0.161969,
            -0.000057,
            -0.161969,
            -0.986796
          ]
        }
      }
    },
    {
      "id": "RBXDDA0BF041D2A41419DA5D4C8ABB5D1E1",
      "parent": "RBXF3459756BCDD44B4ADFFC9A8E5FDC927",
      "class": "SpecialMesh",
      "name": "Mesh",
      "properties": {
        "MeshType": 5,
        "MeshId": "rbxassetid://18172935828",
        "TextureId": null,
        "Offset": [
          0,
          0,
          0
        ],
        "Scale": [
          1,
          1,
          1
        ],
        "VertexColor": [
          1,
          1,
          1
        ],
        "Name": "Mesh"
      }
    },
    {
      "id": "RBX308DA1CDAC07497682C6826838574C02",
      "parent": "RBX1E59712FE8554385AED5F41B63636213",
      "class": "MeshPart",
      "name": "default",
      "properties": {
        "HasSkinnedMesh": false,
        "MeshId": "rbxassetid://17704939958",
        "RenderFidelity": 0,
        "TextureID": null,
        "Anchored": true,
        "CanCollide": true,
        "CanQuery": true,
        "CanTouch": true,
        "Color3uint8": [
          0.388235,
          0.372549,
          0.384314
        ],
        "Massless": false,
        "Material": 1088,
        "PivotOffset": {
          "position": [
            51.2024841,
            -6.75558186,
            -0.00197124155
          ],
          "rotation": [
            1,
            1.22464685e-16,
            -1.22464685e-16,
            -1.22464685e-16,
            1,
            -1.22464685e-16,
            1.22464685e-16,
            1.22464685e-16,
            1
          ]
        },
        "Reflectance": 0,
        "Transparency": 0,
        "size": [
          0.429853082,
          0.458899915,
          0.129889131
        ],
        "Name": "default",
        "LocalCFrame": {
          "position": [
            -0.574663,
            -0.907473,
            -0.525454
          ],
          "rotation": [
            0.906326,
            0.000093,
            0.42258,
            -0.068528,
            0.986796,
            0.146758,
            -0.416987,
            -0.161969,
            0.894365
          ]
        }
      }
    },
    {
      "id": "RBX178FB1131F944EDFA5036EF29CCE594B",
      "parent": "RBX308DA1CDAC07497682C6826838574C02",
      "class": "Attachment",
      "name": "Attachment",
      "properties": {
        "CFrame": {
          "position": [
            0,
            -0.208654881,
            0
          ],
          "rotation": [
            0.821393967,
            0.422618151,
            0.383022219,
            -0.422618181,
            -1.116804e-7,
            0.906307995,
            0.383022219,
            -0.906307876,
            0.178606018
          ]
        },
        "Name": "Attachment"
      }
    },
    {
      "id": "RBX228909713DED4342A287A4DA0E62B89A",
      "parent": "RBXE17BB7A318624BA3BEDC6E9627D3F501",
      "class": "Model",
      "name": "UpperR",
      "properties": {
        "PrimaryPart": "RBX7DE7A30F674243E6ADD1739B11123406",
        "Name": "UpperR"
      }
    },
    {
      "id": "RBX7DE7A30F674243E6ADD1739B11123406",
      "parent": "RBX228909713DED4342A287A4DA0E62B89A",
      "class": "Part",
      "name": "Middle",
      "properties": {
        "shape": 1,
        "Anchored": true,
        "CanCollide": false,
        "CanQuery": true,
        "CanTouch": true,
        "Color3uint8": [
          0.917647,
          0.721569,
          0.572549
        ],
        "Massless": false,
        "Material": 256,
        "PivotOffset": {
          "position": [
            0,
            0,
            0
          ],
          "rotation": [
            1,
            0,
            0,
            0,
            1,
            0,
            0,
            0,
            1
          ]
        },
        "Reflectance": 0,
        "Transparency": 0,
        "size": [
          0.200000003,
          0.200000003,
          0.200000003
        ],
        "Name": "Middle",
        "LocalCFrame": {
          "position": [
            0.500061,
            -0.000043,
            0.000028
          ],
          "rotation": [
            1,
            0.0001,
            -0.000027,
            -0.0001,
            1,
            0.000023,
            0.000027,
            -0.000023,
            1
          ]
        }
      }
    },
    {
      "id": "RBX121BE0657CA9419B8D77FA69727D53BD",
      "parent": "RBX7DE7A30F674243E6ADD1739B11123406",
      "class": "SpecialMesh",
      "name": "Mesh",
      "properties": {
        "MeshType": 6,
        "MeshId": null,
        "TextureId": null,
        "Offset": [
          0,
          0,
          0
        ],
        "Scale": [
          0,
          0,
          0
        ],
        "VertexColor": [
          1,
          1,
          1
        ],
        "Name": "Mesh"
      }
    },
    {
      "id": "RBX175C68012F38452DB78003AB60261CB0",
      "parent": "RBX228909713DED4342A287A4DA0E62B89A",
      "class": "Part",
      "name": "color1",
      "properties": {
        "shape": 1,
        "Anchored": true,
        "CanCollide": false,
        "CanQuery": true,
        "CanTouch": true,
        "Color3uint8": [
          1,
          0.580392,
          0.580392
        ],
        "Massless": false,
        "Material": 272,
        "PivotOffset": {
          "position": [
            0,
            0,
            0
          ],
          "rotation": [
            1,
            0,
            0,
            0,
            1,
            0,
            0,
            0,
            1
          ]
        },
        "Reflectance": 0,
        "Transparency": 0,
        "size": [
          0.153425068,
          0.153425083,
          0.224999994
        ],
        "Name": "color1",
        "LocalCFrame": {
          "position": [
            1.034759,
            -0.698873,
            -0.510096
          ],
          "rotation": [
            -0.870354,
            -0.019362,
            0.492046,
            -0.229958,
            0.89956,
            -0.371362,
            -0.435435,
            -0.436367,
            -0.787389
          ]
        }
      }
    },
    {
      "id": "RBXB1B4F7CCF3724179B600F9F0E861EFF9",
      "parent": "RBX175C68012F38452DB78003AB60261CB0",
      "class": "Weld",
      "name": "Weld",
      "properties": {
        "C0": {
          "position": [
            0,
            0,
            -0.0774993896
          ],
          "rotation": [
            0.999998868,
            -2.45644552e-15,
            -7.10542736e-15,
            -2.98023224e-7,
            -0.999998927,
            2.84217094e-14,
            -3.55271368e-14,
            0,
            -1
          ]
        },
        "C1": {
          "position": [
            0.551071167,
            0.281169891,
            -0.456756592
          ],
          "rotation": [
            -0.939687192,
            0.342033356,
            -1.82609483e-12,
            -0.342033386,
            -0.939687192,
            -1.57448056e-13,
            -1.77635684e-12,
            4.72510919e-13,
            1
          ]
        },
        "Enabled": true,
        "Part0": "RBX175C68012F38452DB78003AB60261CB0",
        "Part1": null,
        "Name": "Weld"
      }
    },
    {
      "id": "RBX198CD72AC1DD415FA414C2C44A7D7B41",
      "parent": "RBX175C68012F38452DB78003AB60261CB0",
      "class": "Motor6D",
      "name": "Nip",
      "properties": {
        "C0": {
          "position": [
            0.472045898,
            0.304015636,
            -0.471749306
          ],
          "rotation": [
            -1,
            0,
            0,
            0,
            1,
            0,
            0,
            0,
            -1
          ]
        },
        "C1": {
          "position": [
            0.0664485469,
            0.0484967753,
            -0.0625076294
          ],
          "rotation": [
            0.939685345,
            -0.342032939,
            1.921628e-12,
            0.342032254,
            0.939685762,
            7.59859081e-13,
            -2.17734966e-12,
            -1.14405853e-13,
            1
          ]
        },
        "Enabled": true,
        "Part0": null,
        "Part1": "RBX175C68012F38452DB78003AB60261CB0",
        "Name": "Nip"
      }
    },
    {
      "id": "RBX6EA8F311DEC94D89B175FA28191DC67F",
      "parent": "RBX175C68012F38452DB78003AB60261CB0",
      "class": "SpecialMesh",
      "name": "Mesh",
      "properties": {
        "MeshType": 3,
        "MeshId": null,
        "TextureId": null,
        "Offset": [
          0,
          0,
          0
        ],
        "Scale": [
          1,
          1,
          1
        ],
        "VertexColor": [
          1,
          1,
          1
        ],
        "Name": "Mesh"
      }
    },
    {
      "id": "RBXFE8DEA87082F4C19B129EC9DC76E9D77",
      "parent": "RBX228909713DED4342A287A4DA0E62B89A",
      "class": "Part",
      "name": "color1",
      "properties": {
        "shape": 1,
        "Anchored": true,
        "CanCollide": false,
        "CanQuery": true,
        "CanTouch": true,
        "Color3uint8": [
          1,
          0.580392,
          0.580392
        ],
        "Massless": false,
        "Material": 272,
        "PivotOffset": {
          "position": [
            0,
            0,
            0
          ],
          "rotation": [
            1,
            0,
            0,
            0,
            1,
            0,
            0,
            0,
            1
          ]
        },
        "Reflectance": 0,
        "Transparency": 0,
        "size": [
          0.31502673,
          0.332706451,
          0.182706416
        ],
        "Name": "color1",
        "LocalCFrame": {
          "position": [
            1.032073,
            -0.687923,
            -0.492851
          ],
          "rotation": [
            -0.83569,
            -0.243953,
            0.492046,
            -0.454933,
            0.809399,
            -0.371362,
            -0.307666,
            -0.534192,
            -0.787389
          ]
        }
      }
    },
    {
      "id": "RBXBF1B1DB081634BD5A63C878D96117E00",
      "parent": "RBXFE8DEA87082F4C19B129EC9DC76E9D77",
      "class": "Weld",
      "name": "Weld",
      "properties": {
        "C0": {
          "position": [
            0,
            0,
            0.0899963379
          ],
          "rotation": [
            1,
            2.4564938e-15,
            0,
            2.4564938e-15,
            1,
            3.55271368e-15,
            7.10542736e-15,
            0,
            1
          ]
        },
        "C1": {
          "position": [
            -0.067237854,
            -0.0271310806,
            -0.00453948975
          ],
          "rotation": [
            0.939692855,
            0.342019379,
            6.75015599e-13,
            -0.342019379,
            0.939692855,
            -4.47906469e-13,
            -7.88702437e-13,
            1.91846539e-13,
            1
          ]
        },
        "Enabled": true,
        "Part0": "RBXFE8DEA87082F4C19B129EC9DC76E9D77",
        "Part1": null,
        "Name": "Weld"
      }
    },
    {
      "id": "RBX54BF2A9A960948E0A5A9C925EE650CA3",
      "parent": "RBXFE8DEA87082F4C19B129EC9DC76E9D77",
      "class": "Motor6D",
      "name": "Nip",
      "properties": {
        "C0": {
          "position": [
            0.472045898,
            0.304015636,
            -0.471749306
          ],
          "rotation": [
            -1,
            0,
            0,
            0,
            1,
            0,
            0,
            0,
            -1
          ]
        },
        "C1": {
          "position": [
            0.0539011732,
            0.0484911315,
            2.66894864e-14
          ],
          "rotation": [
            0.939693034,
            -0.34201926,
            -9.27736403e-13,
            0.34201929,
            0.939693034,
            2.26961584e-13,
            7.94162154e-13,
            -5.30577915e-13,
            1
          ]
        },
        "Enabled": true,
        "Part0": null,
        "Part1": "RBXFE8DEA87082F4C19B129EC9DC76E9D77",
        "Name": "Nip"
      }
    },
    {
      "id": "RBXC946C0D02A2347D898A9F8CB577B00F6",
      "parent": "RBXFE8DEA87082F4C19B129EC9DC76E9D77",
      "class": "SpecialMesh",
      "name": "Mesh",
      "properties": {
        "MeshType": 3,
        "MeshId": null,
        "TextureId": null,
        "Offset": [
          0,
          0,
          0
        ],
        "Scale": [
          1,
          1,
          1
        ],
        "VertexColor": [
          1,
          1,
          1
        ],
        "Name": "Mesh"
      }
    },
    {
      "id": "RBXDB2C13A2C78A4FFEBE166C5EB20E61A4",
      "parent": "RBX228909713DED4342A287A4DA0E62B89A",
      "class": "Part",
      "name": "Particle2",
      "properties": {
        "shape": 1,
        "Anchored": true,
        "CanCollide": false,
        "CanQuery": true,
        "CanTouch": true,
        "Color3uint8": [
          1,
          0.580392,
          0.580392
        ],
        "Massless": false,
        "Material": 272,
        "PivotOffset": {
          "position": [
            0,
            0,
            0
          ],
          "rotation": [
            1,
            0,
            0,
            0,
            1,
            0,
            0,
            0,
            1
          ]
        },
        "Reflectance": 0,
        "Transparency": 2,
        "size": [
          0.14428854,
          0.14428854,
          0.14428854
        ],
        "Name": "Particle2",
        "LocalCFrame": {
          "position": [
            1.086702,
            -0.751593,
            -0.608561
          ],
          "rotation": [
            0.627767,
            0.406147,
            -0.664043,
            -0.026849,
            0.863875,
            0.502989,
            0.777938,
            -0.297931,
            0.553218
          ]
        }
      }
    },
    {
      "id": "RBX6F047831726E43B1A79B4FC114A6DA33",
      "parent": "RBXDB2C13A2C78A4FFEBE166C5EB20E61A4",
      "class": "ParticleEmitter",
      "name": "Particles",
      "properties": {
        "Acceleration": [
          0,
          -5,
          0
        ],
        "Color": "0 1 1 1 0 1 1 1 1 0",
        "Drag": 0,
        "Enabled": false,
        "Lifetime": [
          0.75,
          1
        ],
        "LightEmission": 0,
        "LightInfluence": 1,
        "LockedToPart": false,
        "Rate": 75,
        "RotSpeed": [
          0,
          0
        ],
        "Rotation": [
          90,
          90
        ],
        "Size": "0 0.08 0 0.8 0.08 0 1 0 0",
        "Speed": [
          4,
          6
        ],
        "SpreadAngle": [
          10,
          10
        ],
        "Texture": "rbxassetid://3202767053",
        "TimeScale": 1,
        "Transparency": "0 0 0 0.9 0 0 1 1 0",
        "VelocityInheritance": 0,
        "ZOffset": 0,
        "Name": "Particles"
      }
    },
    {
      "id": "RBX3A83BE8F68274545B06D71A4C836E388",
      "parent": "RBX228909713DED4342A287A4DA0E62B89A",
      "class": "Part",
      "name": "Rightchest",
      "properties": {
        "shape": 1,
        "Anchored": true,
        "CanCollide": true,
        "CanQuery": true,
        "CanTouch": true,
        "Color3uint8": [
          0.639216,
          0.635294,
          0.647059
        ],
        "Massless": false,
        "Material": 256,
        "PivotOffset": {
          "position": [
            0,
            0,
            0
          ],
          "rotation": [
            1,
            0,
            0,
            0,
            1,
            0,
            0,
            0,
            1
          ]
        },
        "Reflectance": 0,
        "Transparency": 0,
        "size": [
          1,
          1,
          1
        ],
        "Name": "Rightchest",
        "LocalCFrame": {
          "position": [
            0.800157,
            -0.492571,
            -0.223134
          ],
          "rotation": [
            -1,
            0.000093,
            0.000042,
            0.000085,
            0.986796,
            -0.161969,
            -0.000057,
            -0.161969,
            -0.986796
          ]
        }
      }
    },
    {
      "id": "RBX0023C10C61BA43FFB7D6897B396940B4",
      "parent": "RBX3A83BE8F68274545B06D71A4C836E388",
      "class": "SpecialMesh",
      "name": "Mesh",
      "properties": {
        "MeshType": 5,
        "MeshId": "rbxassetid://18172935836",
        "TextureId": null,
        "Offset": [
          0,
          0,
          0
        ],
        "Scale": [
          1,
          1,
          1
        ],
        "VertexColor": [
          1,
          1,
          1
        ],
        "Name": "Mesh"
      }
    },
    {
      "id": "RBXAAE28A1632814EE68E5B55D8B7895D0D",
      "parent": "RBX228909713DED4342A287A4DA0E62B89A",
      "class": "MeshPart",
      "name": "default",
      "properties": {
        "HasSkinnedMesh": false,
        "MeshId": "rbxassetid://17704939958",
        "RenderFidelity": 0,
        "TextureID": null,
        "Anchored": true,
        "CanCollide": true,
        "CanQuery": true,
        "CanTouch": true,
        "Color3uint8": [
          0.388235,
          0.372549,
          0.384314
        ],
        "Massless": false,
        "Material": 1088,
        "PivotOffset": {
          "position": [
            51.2024841,
            -6.75558186,
            -0.00197124155
          ],
          "rotation": [
            1,
            1.22464685e-16,
            -1.22464685e-16,
            -1.22464685e-16,
            1,
            -1.22464685e-16,
            1.22464685e-16,
            1.22464685e-16,
            1
          ]
        },
        "Reflectance": 0,
        "Transparency": 0,
        "size": [
          0.429853082,
          0.458899915,
          0.129889131
        ],
        "Name": "default",
        "LocalCFrame": {
          "position": [
            1.059798,
            -0.909324,
            -0.535789
          ],
          "rotation": [
            0.90629,
            0.000093,
            -0.422657,
            0.068374,
            0.986796,
            0.14683,
            0.41709,
            -0.161969,
            0.894317
          ]
        }
      }
    },
    {
      "id": "RBXC5EE3D290853487B852ABDC306AC2DF6",
      "parent": "RBXAAE28A1632814EE68E5B55D8B7895D0D",
      "class": "Attachment",
      "name": "Attachment",
      "properties": {
        "CFrame": {
          "position": [
            0,
            -0.208654881,
            0
          ],
          "rotation": [
            0.821393788,
            -0.42261824,
            -0.383022308,
            0.4226183,
            -1.0622022e-7,
            0.906307817,
            -0.383022249,
            -0.906307817,
            0.178606108
          ]
        },
        "Name": "Attachment"
      }
    },
    {
      "id": "RBXF0163D945BF948F8865F230916411189",
      "parent": "RBXE17BB7A318624BA3BEDC6E9627D3F501",
      "class": "Model",
      "name": "UpperStatic",
      "properties": {
        "PrimaryPart": "RBXB34CC8461356448CB6806CE46260D38D",
        "Name": "UpperStatic"
      }
    },
    {
      "id": "RBXB34CC8461356448CB6806CE46260D38D",
      "parent": "RBXF0163D945BF948F8865F230916411189",
      "class": "Part",
      "name": "Middle",
      "properties": {
        "shape": 1,
        "Anchored": true,
        "CanCollide": false,
        "CanQuery": true,
        "CanTouch": true,
        "Color3uint8": [
          0.972549,
          0.972549,
          0.972549
        ],
        "Massless": false,
        "Material": 272,
        "PivotOffset": {
          "position": [
            0,
            0,
            0
          ],
          "rotation": [
            1,
            0,
            0,
            0,
            1,
            0,
            0,
            0,
            1
          ]
        },
        "Reflectance": 0,
        "Transparency": 0,
        "size": [
          2,
          2,
          1
        ],
        "Name": "Middle",
        "LocalCFrame": {
          "position": [
            0.249892,
            -0.897338,
            0.561951
          ],
          "rotation": [
            1,
            0.000093,
            -0.000042,
            -0.000085,
            0.986796,
            0.161969,
            0.000057,
            -0.161969,
            0.986796
          ]
        }
      }
    },
    {
      "id": "RBX913B92F6373043B085ED55E045B5756C",
      "parent": "RBXB34CC8461356448CB6806CE46260D38D",
      "class": "SpecialMesh",
      "name": "MaleMesh",
      "properties": {
        "MeshType": 5,
        "MeshId": "rbxassetid://12221758",
        "TextureId": null,
        "Offset": [
          0,
          0,
          0
        ],
        "Scale": [
          1,
          1,
          1
        ],
        "VertexColor": [
          1,
          1,
          1
        ],
        "Name": "MaleMesh"
      }
    }
  ]
}
