{
  "format": "overlay_json_v1",
  "kind": "morph_bundle",
  "version": 1,
  "asset_id": "morph_0993-xox-tat",
  "name": "XOX Tat",
  "source_file": "0993-xox-tat.rbxmx",
  "anchor": "LowerTorso",
  "anchor_candidates": [
    "LowerTorso",
    "Torso",
    "HumanoidRootPart",
    "UpperTorso"
  ],
  "jiggle": true,
  "root_cframe": {
    "position": [
      31.4883461,
      221.441437,
      -273.668121
    ],
    "rotation": [
      -0.935261369,
      -1.66135793e-15,
      0.353957891,
      1.77635684e-15,
      1,
      0,
      -0.353957891,
      -6.28755521e-16,
      -0.935261369
    ]
  },
  "class_counts": {
    "Folder": 1,
    "Model": 3,
    "Part": 3,
    "Decal": 4,
    "SpecialMesh": 3,
    "MeshPart": 3,
    "Bone": 32
  },
  "nodes": [
    {
      "id": "RBX4358CA0F322843599601414C47BF2F99",
      "parent": null,
      "class": "Folder",
      "name": "XOX Tat",
      "properties": {
        "Name": "XOX Tat"
      }
    },
    {
      "id": "RBX5C4A2B0D59AA437E81102BD774D6CF50",
      "parent": "RBX4358CA0F322843599601414C47BF2F99",
      "class": "Model",
      "name": "LowerL",
      "properties": {
        "PrimaryPart": null,
        "Name": "LowerL"
      }
    },
    {
      "id": "RBXF23F9AEC90C44F82A26F20660074C09D",
      "parent": "RBX5C4A2B0D59AA437E81102BD774D6CF50",
      "class": "Part",
      "name": "Middle",
      "properties": {
        "shape": 1,
        "Anchored": false,
        "CanCollide": false,
        "CanQuery": true,
        "CanTouch": true,
        "Color3uint8": [
          0.584314,
          0.568627,
          0.623529
        ],
        "Massless": false,
        "Material": 256,
        "PivotOffset": {
          "position": [
            0,
            0,
            0
          ],
          "rotation": [
            1,
            0,
            0,
            0,
            1,
            0,
            0,
            0,
            1
          ]
        },
        "Reflectance": 0,
        "Transparency": 1,
        "size": [
          0.209008768,
          0.209008768,
          0.209008768
        ],
        "Name": "Middle",
        "LocalCFrame": {
          "position": [
            -0.25022,
            -0.999985,
            0.500191
          ],
          "rotation": [
            1,
            0,
            0,
            0,
            1,
            0,
            0,
            0,
            1
          ]
        }
      }
    },
    {
      "id": "RBX61098E9E0A134F08BF57B0154076518F",
      "parent": "RBXF23F9AEC90C44F82A26F20660074C09D",
      "class": "Decal",
      "name": "Decal",
      "properties": {
        "Color3": [
          1,
          1,
          1
        ],
        "Texture": "rbxassetid://7317286674",
        "Transparency": 0,
        "Face": 2,
        "Name": "Decal"
      }
    },
    {
      "id": "RBX2FE406DFDDDA49BEA66C7834258A34D7",
      "parent": "RBXF23F9AEC90C44F82A26F20660074C09D",
      "class": "Decal",
      "name": "Decal",
      "properties": {
        "Color3": [
          1,
          1,
          1
        ],
        "Texture": null,
        "Transparency": 0,
        "Face": 5,
        "Name": "Decal"
      }
    },
    {
      "id": "RBX2E34C487A5F642F0A5F6A12597E31563",
      "parent": "RBXF23F9AEC90C44F82A26F20660074C09D",
      "class": "SpecialMesh",
      "name": "Mesh",
      "properties": {
        "MeshType": 6,
        "MeshId": null,
        "TextureId": null,
        "Offset": [
          0,
          0,
          0
        ],
        "Scale": [
          0,
          0,
          0
        ],
        "VertexColor": [
          1,
          1,
          1
        ],
        "Name": "Mesh"
      }
    },
    {
      "id": "RBXF67BBE99BE1B4F6DA1AE51C351DA63A1",
      "parent": "RBX5C4A2B0D59AA437E81102BD774D6CF50",
      "class": "MeshPart",
      "name": "color5",
      "properties": {
        "HasSkinnedMesh": true,
        "MeshId": "rbxassetid://17837346792",
        "RenderFidelity": 0,
        "TextureID": null,
        "Anchored": false,
        "CanCollide": false,
        "CanQuery": true,
        "CanTouch": true,
        "Color3uint8": [
          1,
          0.8,
          0.6
        ],
        "Massless": false,
        "Material": 256,
        "PivotOffset": {
          "position": [
            0.0282049291,
            -0.00230285805,
            -7.38936521e-8
          ],
          "rotation": [
            1,
            0,
            0,
            0,
            0,
            -1,
            0,
            1,
            0
          ]
        },
        "Reflectance": 0,
        "Transparency": 0,
        "size": [
          1.55252993,
          1.70884633,
          1.64903665
        ],
        "Name": "color5",
        "LocalCFrame": {
          "position": [
            -0.487008,
            -1.107575,
            0.616693
          ],
          "rotation": [
            0.96593,
            0.258802,
            0.000021,
            -0.24999,
            0.93302,
            0.258802,
            0.066959,
            -0.24999,
            0.96593
          ]
        }
      }
    },
    {
      "id": "RBX66249876C63047F9BF0ED855E42FD795",
      "parent": "RBXF67BBE99BE1B4F6DA1AE51C351DA63A1",
      "class": "Decal",
      "name": "Decal",
      "properties": {
        "Color3": [
          1,
          1,
          1
        ],
        "Texture": "rbxassetid://74773492869168",
        "Transparency": 0,
        "Face": 2,
        "Name": "Decal"
      }
    },
    {
      "id": "RBX279EB8127B7F4B7F8FCDB5C72AC3FCDB",
      "parent": "RBXF67BBE99BE1B4F6DA1AE51C351DA63A1",
      "class": "Bone",
      "name": "Bone",
      "properties": {
        "CFrame": {
          "position": [
            0.0282049291,
            0.739707828,
            -7.38936521e-8
          ],
          "rotation": [
            -1,
            0,
            0,
            0,
            -1,
            0,
            0,
            0,
            1
          ]
        },
        "Visible": false,
        "Name": "Bone"
      }
    },
    {
      "id": "RBXEC40A9144B594600B93315263E686A0D",
      "parent": "RBX279EB8127B7F4B7F8FCDB5C72AC3FCDB",
      "class": "Bone",
      "name": "Bone.005",
      "properties": {
        "CFrame": {
          "position": [
            0.0234375,
            0.752685547,
            -0.02734375
          ],
          "rotation": [
            0.999500096,
            0.031615857,
            0.0000280307104,
            0.0000281669199,
            -0.00177706755,
            0.99999851,
            0.0316158533,
            -0.999498606,
            -0.00177706976
          ]
        },
        "Visible": false,
        "Name": "Bone.005"
      }
    },
    {
      "id": "RBX19FC8CD46B884AB69C82A179094FC848",
      "parent": "RBXEC40A9144B594600B93315263E686A0D",
      "class": "Bone",
      "name": "Bone.005_Tail",
      "properties": {
        "CFrame": {
          "position": [
            0.0693359375,
            0.745849609,
            -0.103759766
          ],
          "rotation": [
            0.996120214,
            0.0878642648,
            0.00494227232,
            -0.0878411829,
            0.989311874,
            0.116386928,
            0.00533680245,
            -0.116369501,
            0.993191659
          ]
        },
        "Visible": false,
        "Name": "Bone.005_Tail"
      }
    },
    {
      "id": "RBX76F90F6452F64B2D94A2B6570744E705",
      "parent": "RBX19FC8CD46B884AB69C82A179094FC848",
      "class": "Bone",
      "name": "Bone.005_Tail_Tail",
      "properties": {
        "CFrame": {
          "position": [
            -0.0009765625,
            0.75390625,
            0
          ],
          "rotation": [
            1,
            0,
            2.60770321e-8,
            0,
            1,
            0,
            -2.60770321e-8,
            0,
            1
          ]
        },
        "Visible": false,
        "Name": "Bone.005_Tail_Tail"
      }
    },
    {
      "id": "RBX3D6DC3D26FCF4D76BB403857FEB17639",
      "parent": "RBX279EB8127B7F4B7F8FCDB5C72AC3FCDB",
      "class": "Bone",
      "name": "Bone.004",
      "properties": {
        "CFrame": {
          "position": [
            0.0234375,
            0.752685547,
            -0.02734375
          ],
          "rotation": [
            0.999496222,
            0.0317411982,
            -0.0000484358497,
            0.0000478476286,
            -0.00303262472,
            -0.99999553,
            -0.0317412019,
            0.999491572,
            -0.00303261564
          ]
        },
        "Visible": false,
        "Name": "Bone.004"
      }
    },
    {
      "id": "RBX732853BDA0AB479089D01822D0C9F4D3",
      "parent": "RBX3D6DC3D26FCF4D76BB403857FEB17639",
      "class": "Bone",
      "name": "Bone.004_Tail",
      "properties": {
        "CFrame": {
          "position": [
            0.06640625,
            0.747558594,
            0.0461425781
          ],
          "rotation": [
            0.99668777,
            0.0812975764,
            -0.00208004285,
            -0.0812920257,
            0.995248497,
            -0.0535921752,
            -0.00228675432,
            0.0535837486,
            0.998560846
          ]
        },
        "Visible": false,
        "Name": "Bone.004_Tail"
      }
    },
    {
      "id": "RBXAB44935CE0614815AB5C428007915561",
      "parent": "RBX732853BDA0AB479089D01822D0C9F4D3",
      "class": "Bone",
      "name": "Bone.004_Tail_Tail",
      "properties": {
        "CFrame": {
          "position": [
            0,
            0.75390625,
            0.000244140625
          ],
          "rotation": [
            1,
            0,
            -2.60770321e-8,
            0,
            1,
            0,
            2.60770321e-8,
            0,
            1
          ]
        },
        "Visible": false,
        "Name": "Bone.004_Tail_Tail"
      }
    },
    {
      "id": "RBXCF02DED3B7F2446090DF23AB7BD0BDCE",
      "parent": "RBX279EB8127B7F4B7F8FCDB5C72AC3FCDB",
      "class": "Bone",
      "name": "Bone.003",
      "properties": {
        "CFrame": {
          "position": [
            0.0234375,
            0.752685547,
            -0.02734375
          ],
          "rotation": [
            0.00179290771,
            -0.999074697,
            -0.0429731645,
            0.99999845,
            0.00179290422,
            0.000038622602,
            0.000038459897,
            -0.0429731607,
            0.999076366
          ]
        },
        "Visible": false,
        "Name": "Bone.003"
      }
    },
    {
      "id": "RBX4488F4983E8847FB9577683C3786397A",
      "parent": "RBXCF02DED3B7F2446090DF23AB7BD0BDCE",
      "class": "Bone",
      "name": "Bone.003_Tail",
      "properties": {
        "CFrame": {
          "position": [
            -0.0534667969,
            0.75,
            -0.0434570312
          ],
          "rotation": [
            0.998301864,
            -0.0582303293,
            -0.00168341631,
            0.0582361706,
            0.996840179,
            0.0540213808,
            -0.00146758556,
            -0.0540276691,
            0.998538494
          ]
        },
        "Visible": false,
        "Name": "Bone.003_Tail"
      }
    },
    {
      "id": "RBXF5F1D246812D48ED9C402DED29F93F0C",
      "parent": "RBX4488F4983E8847FB9577683C3786397A",
      "class": "Bone",
      "name": "Bone.003_Tail_Tail",
      "properties": {
        "CFrame": {
          "position": [
            0,
            0.756835938,
            0
          ],
          "rotation": [
            1,
            3.7252903e-9,
            0,
            -3.7252903e-9,
            1,
            0,
            0,
            0,
            1
          ]
        },
        "Visible": false,
        "Name": "Bone.003_Tail_Tail"
      }
    },
    {
      "id": "RBXD9576A27BD874588B0E092B877BC9426",
      "parent": "RBX279EB8127B7F4B7F8FCDB5C72AC3FCDB",
      "class": "Bone",
      "name": "Bone.002",
      "properties": {
        "CFrame": {
          "position": [
            0.0234375,
            0.752685547,
            -0.02734375
          ],
          "rotation": [
            0.000474840519,
            0.999179363,
            0.0405030586,
            -0.99999994,
            0.000474843779,
            0.00000953979543,
            -0.00000970065867,
            -0.0405030586,
            0.999179542
          ]
        },
        "Visible": false,
        "Name": "Bone.002"
      }
    },
    {
      "id": "RBX497FF8D071C946AA8A87662FE5B0AA88",
      "parent": "RBXD9576A27BD874588B0E092B877BC9426",
      "class": "Bone",
      "name": "Bone.002_Tail",
      "properties": {
        "CFrame": {
          "position": [
            0.100585938,
            0.74609375,
            -0.033203125
          ],
          "rotation": [
            0.992635727,
            0.121120393,
            0.002052831,
            -0.121124558,
            0.992134154,
            0.0316014476,
            0.00179089629,
            -0.0316173732,
            0.999498487
          ]
        },
        "Visible": false,
        "Name": "Bone.002_Tail"
      }
    },
    {
      "id": "RBX620A72BA129741EFA79FF41ACA72A4B0",
      "parent": "RBX497FF8D071C946AA8A87662FE5B0AA88",
      "class": "Bone",
      "name": "Bone.002_Tail_Tail",
      "properties": {
        "CFrame": {
          "position": [
            0,
            0.752929688,
            -0.000244140625
          ],
          "rotation": [
            1,
            3.7252903e-9,
            0,
            -3.7252903e-9,
            1,
            0,
            0,
            0,
            1
          ]
        },
        "Visible": false,
        "Name": "Bone.002_Tail_Tail"
      }
    },
    {
      "id": "RBXE64D809954B14FA982D8E1FAF2245E07",
      "parent": "RBX279EB8127B7F4B7F8FCDB5C72AC3FCDB",
      "class": "Bone",
      "name": "Bone.001",
      "properties": {
        "CFrame": {
          "position": [
            0.0234375,
            0.752685547,
            -0.02734375
          ],
          "rotation": [
            0.999674201,
            0.0255192276,
            0.000509393401,
            -0.0255192369,
            0.998878598,
            0.0398796089,
            0.000508874655,
            -0.0398796163,
            0.999204397
          ]
        },
        "Visible": false,
        "Name": "Bone.001"
      }
    },
    {
      "id": "RBX25DD552242AB456689647CECC8A3E12F",
      "parent": "RBXE64D809954B14FA982D8E1FAF2245E07",
      "class": "Bone",
      "name": "Bone.001_Tail",
      "properties": {
        "CFrame": {
          "position": [
            0,
            0.754638672,
            -0.00537109375
          ],
          "rotation": [
            0.9999125,
            0.0132334605,
            0.000183305063,
            -0.0132347271,
            0.999826431,
            0.0131173152,
            -0.00000968575478,
            -0.0131185921,
            0.99991405
          ]
        },
        "Visible": false,
        "Name": "Bone.001_Tail"
      }
    },
    {
      "id": "RBXE4C538FCCAD44DBD926E355608812AAE",
      "parent": "RBX25DD552242AB456689647CECC8A3E12F",
      "class": "Bone",
      "name": "Bone.001_Tail_Tail",
      "properties": {
        "CFrame": {
          "position": [
            0,
            0.754394531,
            0
          ],
          "rotation": [
            1,
            2.60770321e-8,
            0,
            -2.60770321e-8,
            1,
            0,
            0,
            0,
            1
          ]
        },
        "Visible": false,
        "Name": "Bone.001_Tail_Tail"
      }
    },
    {
      "id": "RBXA425DA790D8C4C4384B3E2583791AF6B",
      "parent": "RBX4358CA0F322843599601414C47BF2F99",
      "class": "Model",
      "name": "LowerR",
      "properties": {
        "PrimaryPart": null,
        "Name": "LowerR"
      }
    },
    {
      "id": "RBXE8E46BF582B447B7ABA48A21A724A76E",
      "parent": "RBXA425DA790D8C4C4384B3E2583791AF6B",
      "class": "Part",
      "name": "Middle",
      "properties": {
        "shape": 1,
        "Anchored": false,
        "CanCollide": false,
        "CanQuery": true,
        "CanTouch": true,
        "Color3uint8": [
          0.584314,
          0.568627,
          0.623529
        ],
        "Massless": false,
        "Material": 256,
        "PivotOffset": {
          "position": [
            0,
            0,
            0
          ],
          "rotation": [
            1,
            0,
            0,
            0,
            1,
            0,
            0,
            0,
            1
          ]
        },
        "Reflectance": 0,
        "Transparency": 1,
        "size": [
          0.209008768,
          0.209008768,
          0.209008768
        ],
        "Name": "Middle",
        "LocalCFrame": {
          "position": [
            0.249878,
            -0.999985,
            0.500048
          ],
          "rotation": [
            1,
            0,
            0,
            0,
            1,
            0,
            0,
            0,
            1
          ]
        }
      }
    },
    {
      "id": "RBX56298B03F518487FA8E5C67B7DB3A566",
      "parent": "RBXE8E46BF582B447B7ABA48A21A724A76E",
      "class": "Decal",
      "name": "Decal",
      "properties": {
        "Color3": [
          1,
          1,
          1
        ],
        "Texture": "rbxassetid://7317286674",
        "Transparency": 0,
        "Face": 5,
        "Name": "Decal"
      }
    },
    {
      "id": "RBX6D674E99F71341F1960190D44B0CF53F",
      "parent": "RBXE8E46BF582B447B7ABA48A21A724A76E",
      "class": "SpecialMesh",
      "name": "Mesh",
      "properties": {
        "MeshType": 6,
        "MeshId": null,
        "TextureId": null,
        "Offset": [
          0,
          0,
          0
        ],
        "Scale": [
          0,
          0,
          0
        ],
        "VertexColor": [
          1,
          1,
          1
        ],
        "Name": "Mesh"
      }
    },
    {
      "id": "RBXC694E97D97EA4A599FF368663AD3F366",
      "parent": "RBXA425DA790D8C4C4384B3E2583791AF6B",
      "class": "MeshPart",
      "name": "color5",
      "properties": {
        "HasSkinnedMesh": true,
        "MeshId": "rbxassetid://17837346792",
        "RenderFidelity": 0,
        "TextureID": null,
        "Anchored": false,
        "CanCollide": false,
        "CanQuery": true,
        "CanTouch": true,
        "Color3uint8": [
          1,
          0.8,
          0.6
        ],
        "Massless": false,
        "Material": 256,
        "PivotOffset": {
          "position": [
            0.0285645816,
            -0.00230285805,
            -7.38936521e-8
          ],
          "rotation": [
            1,
            0,
            0,
            0,
            0,
            -1,
            0,
            1,
            0
          ]
        },
        "Reflectance": 0,
        "Transparency": 0,
        "size": [
          1.5723269,
          1.70884633,
          1.64903665
        ],
        "Name": "color5",
        "LocalCFrame": {
          "position": [
            0.496285,
            -1.105072,
            0.615887
          ],
          "rotation": [
            -0.96593,
            -0.258802,
            0.000021,
            -0.24999,
            0.93302,
            -0.258802,
            0.066959,
            -0.24999,
            -0.96593
          ]
        }
      }
    },
    {
      "id": "RBX9BCB33972AA74136A7BD252F89A6AC46",
      "parent": "RBXC694E97D97EA4A599FF368663AD3F366",
      "class": "Bone",
      "name": "Bone",
      "properties": {
        "CFrame": {
          "position": [
            0.0285645816,
            0.739707828,
            -7.38936521e-8
          ],
          "rotation": [
            -1,
            0,
            0,
            0,
            -1,
            0,
            0,
            0,
            1
          ]
        },
        "Visible": false,
        "Name": "Bone"
      }
    },
    {
      "id": "RBX39DD4D8F6EFA4289B178052F09D395A7",
      "parent": "RBX9BCB33972AA74136A7BD252F89A6AC46",
      "class": "Bone",
      "name": "Bone.005",
      "properties": {
        "CFrame": {
          "position": [
            -0.0205078125,
            0.75378418,
            0.0278320312
          ],
          "rotation": [
            0.999461174,
            -0.0328236558,
            -0.000314188743,
            -0.0003143996,
            -0.0191435516,
            0.999816835,
            -0.032823652,
            -0.99927783,
            -0.0191435553
          ]
        },
        "Visible": false,
        "Name": "Bone.005"
      }
    },
    {
      "id": "RBX65737462355D446F9A04F5D77582C554",
      "parent": "RBX39DD4D8F6EFA4289B178052F09D395A7",
      "class": "Bone",
      "name": "Bone.005_Tail",
      "properties": {
        "CFrame": {
          "position": [
            -0.033203125,
            0.749511719,
            -0.0590820312
          ],
          "rotation": [
            0.999555528,
            -0.0297964029,
            -0.000947033404,
            0.0297903754,
            0.99715066,
            0.0693046451,
            -0.0011206941,
            -0.0693020523,
            0.997595072
          ]
        },
        "Visible": false,
        "Name": "Bone.005_Tail"
      }
    },
    {
      "id": "RBXA07C845E65D94424A743702B8D691C2C",
      "parent": "RBX65737462355D446F9A04F5D77582C554",
      "class": "Bone",
      "name": "Bone.005_Tail_Tail",
      "properties": {
        "CFrame": {
          "position": [
            0.0009765625,
            0.754638672,
            0
          ],
          "rotation": [
            1,
            5.96046519e-8,
            7.45057971e-9,
            -5.96046519e-8,
            1,
            -2.98023206e-8,
            -7.45058149e-9,
            2.98023206e-8,
            1
          ]
        },
        "Visible": false,
        "Name": "Bone.005_Tail_Tail"
      }
    },
    {
      "id": "RBXAC7658BC038A408FA397B4FA999A16E1",
      "parent": "RBX9BCB33972AA74136A7BD252F89A6AC46",
      "class": "Bone",
      "name": "Bone.004",
      "properties": {
        "CFrame": {
          "position": [
            -0.0205078125,
            0.75378418,
            0.0278320312
          ],
          "rotation": [
            0.999459386,
            -0.0328790508,
            0.000290573487,
            -0.000290684373,
            -0.017672509,
            -0.999843955,
            0.0328790508,
            0.999303162,
            -0.0176725127
          ]
        },
        "Visible": false,
        "Name": "Bone.004"
      }
    },
    {
      "id": "RBXE19D99561A9E468ABAB422C490B1E406",
      "parent": "RBXAC7658BC038A408FA397B4FA999A16E1",
      "class": "Bone",
      "name": "Bone.004_Tail",
      "properties": {
        "CFrame": {
          "position": [
            -0.021484375,
            0.747314453,
            0.114379883
          ],
          "rotation": [
            0.999703228,
            -0.0243256465,
            0.00137718592,
            0.0242926031,
            0.990813375,
            -0.133036941,
            0.00187167525,
            0.133030891,
            0.991110265
          ]
        },
        "Visible": false,
        "Name": "Bone.004_Tail"
      }
    },
    {
      "id": "RBX8348DCCF8C304EE79529FFD7246183EB",
      "parent": "RBXE19D99561A9E468ABAB422C490B1E406",
      "class": "Bone",
      "name": "Bone.004_Tail_Tail",
      "properties": {
        "CFrame": {
          "position": [
            0,
            0.754394531,
            0
          ],
          "rotation": [
            1,
            -5.96046519e-8,
            -7.45057971e-9,
            5.96046519e-8,
            1,
            -2.98023206e-8,
            7.45058149e-9,
            2.98023206e-8,
            1
          ]
        },
        "Visible": false,
        "Name": "Bone.004_Tail_Tail"
      }
    },
    {
      "id": "RBX31B728A4D5DE4108BA3194978ED092BA",
      "parent": "RBX9BCB33972AA74136A7BD252F89A6AC46",
      "class": "Bone",
      "name": "Bone.003",
      "properties": {
        "CFrame": {
          "position": [
            -0.0205078125,
            0.75378418,
            0.0278320312
          ],
          "rotation": [
            -0.0178961735,
            -0.999007523,
            0.0407884046,
            0.999839902,
            -0.0178961847,
            0.000364823267,
            0.000365495624,
            0.0407883935,
            0.99916786
          ]
        },
        "Visible": false,
        "Name": "Bone.003"
      }
    },
    {
      "id": "RBX39EB390427CD4DF9B27CAF168A994B83",
      "parent": "RBX31B728A4D5DE4108BA3194978ED092BA",
      "class": "Bone",
      "name": "Bone.003_Tail",
      "properties": {
        "CFrame": {
          "position": [
            -0.111816406,
            0.749023438,
            0.0373535156
          ],
          "rotation": [
            0.991486847,
            -0.130161688,
            0.00344891613,
            0.130162016,
            0.990094543,
            -0.052636981,
            0.00343656493,
            0.0526377857,
            0.998607814
          ]
        },
        "Visible": false,
        "Name": "Bone.003_Tail"
      }
    },
    {
      "id": "RBX2BA6701DB9EE457D9F7C58BAF44A8446",
      "parent": "RBX39EB390427CD4DF9B27CAF168A994B83",
      "class": "Bone",
      "name": "Bone.003_Tail_Tail",
      "properties": {
        "CFrame": {
          "position": [
            -0.000122070312,
            0.75390625,
            -0.000244140625
          ],
          "rotation": [
            1,
            -7.45058237e-9,
            2.98023224e-8,
            7.4505806e-9,
            1,
            5.96046519e-8,
            -2.98023224e-8,
            -5.96046519e-8,
            1
          ]
        },
        "Visible": false,
        "Name": "Bone.003_Tail_Tail"
      }
    },
    {
      "id": "RBX9990AD616571424F86AF01F3E7B90AA6",
      "parent": "RBX9BCB33972AA74136A7BD252F89A6AC46",
      "class": "Bone",
      "name": "Bone.002",
      "properties": {
        "CFrame": {
          "position": [
            -0.0205078125,
            0.75378418,
            0.0278320312
          ],
          "rotation": [
            -0.0193328112,
            0.998828232,
            -0.0443671197,
            -0.999812961,
            -0.0193328075,
            0.000429209729,
            -0.000429034233,
            0.0443671234,
            0.999015212
          ]
        },
        "Visible": false,
        "Name": "Bone.002"
      }
    },
    {
      "id": "RBX498A15B5F2514700A608B8794456CDA6",
      "parent": "RBX9990AD616571424F86AF01F3E7B90AA6",
      "class": "Bone",
      "name": "Bone.002_Tail",
      "properties": {
        "CFrame": {
          "position": [
            0.0568847656,
            0.74609375,
            0.0336914062
          ],
          "rotation": [
            0.998508871,
            0.0545827039,
            -0.000913899275,
            -0.0545832738,
            0.997969806,
            -0.0328175761,
            -0.000879228115,
            0.0328185223,
            0.999460995
          ]
        },
        "Visible": false,
        "Name": "Bone.002_Tail"
      }
    },
    {
      "id": "RBX17E0DCE9BD2B4BB886879127A7D9FB5F",
      "parent": "RBX498A15B5F2514700A608B8794456CDA6",
      "class": "Bone",
      "name": "Bone.002_Tail_Tail",
      "properties": {
        "CFrame": {
          "position": [
            0.000122070312,
            0.75390625,
            -0.000244140625
          ],
          "rotation": [
            1,
            -7.45058237e-9,
            -2.98023224e-8,
            7.4505806e-9,
            1,
            -5.96046519e-8,
            2.98023224e-8,
            5.96046519e-8,
            1
          ]
        },
        "Visible": false,
        "Name": "Bone.002_Tail_Tail"
      }
    },
    {
      "id": "RBXE3E94C2DB0C04652A54EC9E77768B60F",
      "parent": "RBX9BCB33972AA74136A7BD252F89A6AC46",
      "class": "Bone",
      "name": "Bone.001",
      "properties": {
        "CFrame": {
          "position": [
            -0.0205078125,
            0.75378418,
            0.0278320312
          ],
          "rotation": [
            0.999701202,
            -0.0244419221,
            0.000496448833,
            0.0244419128,
            0.998875499,
            -0.0406242087,
            0.000497043133,
            0.0406241976,
            0.999174476
          ]
        },
        "Visible": false,
        "Name": "Bone.001"
      }
    },
    {
      "id": "RBX451ABEBD1D844149AC5FEA245E5E803D",
      "parent": "RBXE3E94C2DB0C04652A54EC9E77768B60F",
      "class": "Bone",
      "name": "Bone.001_Tail",
      "properties": {
        "CFrame": {
          "position": [
            -0.0009765625,
            0.75402832,
            0.00537109375
          ],
          "rotation": [
            0.999897361,
            -0.0143265426,
            0.000226861273,
            0.0143282693,
            0.999816298,
            -0.0127326017,
            -0.0000444054567,
            0.0127345445,
            0.999918938
          ]
        },
        "Visible": false,
        "Name": "Bone.001_Tail"
      }
    },
    {
      "id": "RBXAA419E4F5376443FB2F7A1F56A345AFF",
      "parent": "RBX451ABEBD1D844149AC5FEA245E5E803D",
      "class": "Bone",
      "name": "Bone.001_Tail_Tail",
      "properties": {
        "CFrame": {
          "position": [
            0,
            0.754516602,
            0.000244140625
          ],
          "rotation": [
            1,
            7.45058326e-9,
            -5.96046519e-8,
            -7.45058149e-9,
            1,
            2.98023206e-8,
            5.96046519e-8,
            -2.98023206e-8,
            1
          ]
        },
        "Visible": false,
        "Name": "Bone.001_Tail_Tail"
      }
    },
    {
      "id": "RBX7BC292B042A54A5CA71F4D8EB4808BF0",
      "parent": "RBX4358CA0F322843599601414C47BF2F99",
      "class": "Model",
      "name": "LowerStatic",
      "properties": {
        "PrimaryPart": "RBXFAD54D4B1FB547E4BA80B585DC5D6906",
        "Name": "LowerStatic"
      }
    },
    {
      "id": "RBXFAD54D4B1FB547E4BA80B585DC5D6906",
      "parent": "RBX7BC292B042A54A5CA71F4D8EB4808BF0",
      "class": "Part",
      "name": "Middle",
      "properties": {
        "shape": 1,
        "Anchored": false,
        "CanCollide": false,
        "CanQuery": true,
        "CanTouch": true,
        "Color3uint8": [
          0.972549,
          0.972549,
          0.972549
        ],
        "Massless": false,
        "Material": 256,
        "PivotOffset": {
          "position": [
            0,
            0,
            0
          ],
          "rotation": [
            1,
            0,
            0,
            0,
            1,
            0,
            0,
            0,
            1
          ]
        },
        "Reflectance": 0,
        "Transparency": 1,
        "size": [
          2,
          2,
          1
        ],
        "Name": "Middle",
        "LocalCFrame": {
          "position": [
            0,
            0,
            0
          ],
          "rotation": [
            1,
            0,
            0,
            0,
            1,
            0,
            0,
            0,
            1
          ]
        }
      }
    },
    {
      "id": "RBX580669F01B464723A8B0B13D41FD121D",
      "parent": "RBXFAD54D4B1FB547E4BA80B585DC5D6906",
      "class": "SpecialMesh",
      "name": "Mesh",
      "properties": {
        "MeshType": 5,
        "MeshId": "rbxassetid://12221758",
        "TextureId": null,
        "Offset": [
          0,
          0,
          0
        ],
        "Scale": [
          1,
          1,
          1
        ],
        "VertexColor": [
          1,
          1,
          1
        ],
        "Name": "Mesh"
      }
    },
    {
      "id": "RBX34BD86F02996466DB57718C8A101DF97",
      "parent": "RBX7BC292B042A54A5CA71F4D8EB4808BF0",
      "class": "MeshPart",
      "name": "color5",
      "properties": {
        "HasSkinnedMesh": true,
        "MeshId": "rbxassetid://16243955924",
        "RenderFidelity": 1,
        "TextureID": null,
        "Anchored": false,
        "CanCollide": false,
        "CanQuery": true,
        "CanTouch": true,
        "Color3uint8": [
          1,
          0.8,
          0.6
        ],
        "Massless": false,
        "Material": 256,
        "PivotOffset": {
          "position": [
            0,
            0.000324690307,
            0
          ],
          "rotation": [
            1,
            0,
            0,
            0,
            0,
            -1,
            0,
            1,
            0
          ]
        },
        "Reflectance": 0,
        "Transparency": 0,
        "size": [
          0.549407721,
          0.399054527,
          0.549407721
        ],
        "Name": "color5",
        "LocalCFrame": {
          "position": [
            0.000156,
            -0.906067,
            0.553934
          ],
          "rotation": [
            -1,
            -0.000023,
            -0.000041,
            -0.000023,
            -0.500061,
            0.86599,
            -0.000041,
            0.86599,
            0.500061
          ]
        }
      }
    }
  ]
}
