{
  "format": "overlay_json_v1",
  "kind": "morph_bundle",
  "version": 1,
  "asset_id": "morph_2771-bbc-2-cum",
  "name": "BBC 2 CUM",
  "source_file": "2771-bbc-2-cum.rbxmx",
  "anchor": "HumanoidRootPart",
  "anchor_candidates": [
    "HumanoidRootPart",
    "UpperTorso",
    "Torso",
    "Head"
  ],
  "jiggle": false,
  "root_cframe": {
    "position": [
      -3621.06689,
      31296.9141,
      -2012.82458
    ],
    "rotation": [
      1,
      6.9849182e-10,
      -1.51339896e-9,
      -6.9849182e-10,
      1,
      -1.49012713e-8,
      1.51339896e-9,
      1.49012713e-8,
      1
    ]
  },
  "class_counts": {
    "Folder": 1,
    "Model": 3,
    "Part": 4,
    "UnionOperation": 16,
    "SpecialMesh": 1,
    "ParticleEmitter": 1,
    "Motor6D": 24,
    "MeshPart": 2
  },
  "nodes": [
    {
      "id": "RBX7A01905F7DCB4FCB9DAD88DB01FE690E",
      "parent": null,
      "class": "Folder",
      "name": "BBC 2 CUM",
      "properties": {
        "Name": "BBC 2 CUM"
      }
    },
    {
      "id": "RBX2F57BA7A2A57464CB5B108C8DC13D39F",
      "parent": "RBX7A01905F7DCB4FCB9DAD88DB01FE690E",
      "class": "Model",
      "name": "Orbs",
      "properties": {
        "PrimaryPart": null,
        "Name": "Orbs"
      }
    },
    {
      "id": "RBX11EF29045B27485AB77FAF792DDD8B04",
      "parent": "RBX2F57BA7A2A57464CB5B108C8DC13D39F",
      "class": "Part",
      "name": "Middle",
      "properties": {
        "shape": 1,
        "Anchored": true,
        "CanCollide": false,
        "CanQuery": true,
        "CanTouch": true,
        "Color3uint8": [
          1,
          0,
          0
        ],
        "Massless": false,
        "Material": 256,
        "PivotOffset": {
          "position": [
            0,
            0,
            0
          ],
          "rotation": [
            1,
            0,
            0,
            0,
            1,
            0,
            0,
            0,
            1
          ]
        },
        "Reflectance": 0,
        "Transparency": 0,
        "size": [
          0.200000003,
          0.200000003,
          0.200000003
        ],
        "Name": "Middle",
        "LocalCFrame": {
          "position": [
            0,
            0,
            0
          ],
          "rotation": [
            1,
            0,
            0,
            0,
            1,
            0,
            0,
            0,
            1
          ]
        }
      }
    },
    {
      "id": "RBXBE26FAA550834317B83EFF25577EC41E",
      "parent": "RBX2F57BA7A2A57464CB5B108C8DC13D39F",
      "class": "UnionOperation",
      "name": "color5",
      "properties": {
        "UsePartColor": true,
        "Anchored": false,
        "CanCollide": true,
        "CanQuery": true,
        "CanTouch": true,
        "Color3uint8": [
          0.972549,
          0.972549,
          0.972549
        ],
        "Massless": false,
        "Material": 272,
        "PivotOffset": {
          "position": [
            0,
            0,
            0
          ],
          "rotation": [
            1,
            0,
            0,
            0,
            1,
            0,
            0,
            0,
            1
          ]
        },
        "Reflectance": 0,
        "Transparency": 0,
        "size": [
          0.934382975,
          0.48762092,
          0.819720864
        ],
        "Name": "color5",
        "LocalCFrame": {
          "position": [
            0.03979,
            -0.4043,
            0.01257
          ],
          "rotation": [
            -0.342876,
            -0.001166,
            0.93938,
            -0.93938,
            0.001416,
            -0.342874,
            -0.00093,
            -0.999998,
            -0.001581
          ]
        }
      }
    },
    {
      "id": "RBX78DDF01BB40E44358FC67334771C6783",
      "parent": "RBX7A01905F7DCB4FCB9DAD88DB01FE690E",
      "class": "Model",
      "name": "LowerStaticA",
      "properties": {
        "PrimaryPart": "RBX4173515D2F73444CB54CD61763324CD9",
        "Name": "LowerStaticA"
      }
    },
    {
      "id": "RBX4173515D2F73444CB54CD61763324CD9",
      "parent": "RBX78DDF01BB40E44358FC67334771C6783",
      "class": "Part",
      "name": "Middle",
      "properties": {
        "shape": 1,
        "Anchored": true,
        "CanCollide": false,
        "CanQuery": true,
        "CanTouch": true,
        "Color3uint8": [
          0.972549,
          0.972549,
          0.972549
        ],
        "Massless": false,
        "Material": 272,
        "PivotOffset": {
          "position": [
            0,
            0,
            0
          ],
          "rotation": [
            1,
            0,
            0,
            0,
            1,
            0,
            0,
            0,
            1
          ]
        },
        "Reflectance": 0,
        "Transparency": 0,
        "size": [
          2,
          2,
          1
        ],
        "Name": "Middle",
        "LocalCFrame": {
          "position": [
            0,
            0.8496,
            0.5
          ],
          "rotation": [
            1,
            0,
            0,
            0,
            1,
            0,
            0,
            0,
            1
          ]
        }
      }
    },
    {
      "id": "RBX2D775279E7894E789118895975952BC0",
      "parent": "RBX4173515D2F73444CB54CD61763324CD9",
      "class": "SpecialMesh",
      "name": "Mesh",
      "properties": {
        "MeshType": 5,
        "MeshId": "rbxassetid://12221758",
        "TextureId": null,
        "Offset": [
          0,
          0,
          0
        ],
        "Scale": [
          1,
          1,
          1
        ],
        "VertexColor": [
          1,
          1,
          1
        ],
        "Name": "Mesh"
      }
    },
    {
      "id": "RBX9003AEE589D44183A66CD0D08B7DE321",
      "parent": "RBX7A01905F7DCB4FCB9DAD88DB01FE690E",
      "class": "Model",
      "name": "Rod",
      "properties": {
        "PrimaryPart": null,
        "Name": "Rod"
      }
    },
    {
      "id": "RBX84020C9A2A7C43DA9FAA1A8CFE99B85B",
      "parent": "RBX9003AEE589D44183A66CD0D08B7DE321",
      "class": "Part",
      "name": "Middle",
      "properties": {
        "shape": 1,
        "Anchored": true,
        "CanCollide": false,
        "CanQuery": true,
        "CanTouch": true,
        "Color3uint8": [
          0.627451,
          0.372549,
          0.207843
        ],
        "Massless": false,
        "Material": 256,
        "PivotOffset": {
          "position": [
            0,
            0,
            0
          ],
          "rotation": [
            1,
            0,
            0,
            0,
            1,
            0,
            0,
            0,
            1
          ]
        },
        "Reflectance": 0,
        "Transparency": 0,
        "size": [
          0.20137006,
          0.20137006,
          0.20137006
        ],
        "Name": "Middle",
        "LocalCFrame": {
          "position": [
            0.00268,
            0.0312,
            -0.01429
          ],
          "rotation": [
            1,
            0,
            0,
            0,
            1,
            0.000038,
            0,
            -0.000038,
            1
          ]
        }
      }
    },
    {
      "id": "RBX81FD7BD5AB474E8B85117C5F325531BB",
      "parent": "RBX9003AEE589D44183A66CD0D08B7DE321",
      "class": "Part",
      "name": "Particle1",
      "properties": {
        "shape": 1,
        "Anchored": true,
        "CanCollide": true,
        "CanQuery": true,
        "CanTouch": true,
        "Color3uint8": [
          1,
          0.580392,
          0.580392
        ],
        "Massless": false,
        "Material": 272,
        "PivotOffset": {
          "position": [
            0,
            0,
            0
          ],
          "rotation": [
            1,
            0,
            0,
            0,
            1,
            0,
            0,
            0,
            1
          ]
        },
        "Reflectance": 0,
        "Transparency": 1,
        "size": [
          0.155455127,
          0.155455127,
          0.155455127
        ],
        "Name": "Particle1",
        "LocalCFrame": {
          "position": [
            0.01269,
            0.4492,
            -1.56812
          ],
          "rotation": [
            -0.999751,
            0.022197,
            0.002303,
            0.00367,
            0.265327,
            -0.964152,
            -0.022012,
            -0.963903,
            -0.265343
          ]
        }
      }
    },
    {
      "id": "RBX960772A9DB5241CEB3981B98D68DA9DA",
      "parent": "RBX81FD7BD5AB474E8B85117C5F325531BB",
      "class": "ParticleEmitter",
      "name": "Particles",
      "properties": {
        "Acceleration": [
          0,
          -15,
          0
        ],
        "Color": "0 1 1 1 0 1 1 1 1 0",
        "Drag": 0,
        "Enabled": false,
        "Lifetime": [
          1,
          1.5
        ],
        "LightEmission": 0,
        "LightInfluence": 1,
        "LockedToPart": false,
        "Rate": 25,
        "RotSpeed": [
          0,
          0
        ],
        "Rotation": [
          90,
          90
        ],
        "Size": "0 0.08 0 0.8 0.08 0 1 0 0",
        "Speed": [
          4,
          6
        ],
        "SpreadAngle": [
          10,
          10
        ],
        "Texture": "rbxassetid://3202767053",
        "TimeScale": 1,
        "Transparency": "0 0 0 0.9 0 0 1 1 0",
        "VelocityInheritance": 0,
        "ZOffset": 0,
        "Name": "Particles"
      }
    },
    {
      "id": "RBXA92E5674E7CD4264BBE8478D4DB703E5",
      "parent": "RBX9003AEE589D44183A66CD0D08B7DE321",
      "class": "UnionOperation",
      "name": "color5",
      "properties": {
        "UsePartColor": true,
        "Anchored": false,
        "CanCollide": true,
        "CanQuery": true,
        "CanTouch": true,
        "Color3uint8": [
          0.627451,
          0.372549,
          0.207843
        ],
        "Massless": false,
        "Material": 272,
        "PivotOffset": {
          "position": [
            0,
            0,
            0
          ],
          "rotation": [
            1,
            0,
            0,
            0,
            1,
            0,
            0,
            0,
            1
          ]
        },
        "Reflectance": 0,
        "Transparency": 0,
        "size": [
          0.0672404617,
          0.74760133,
          0.094783783
        ],
        "Name": "color5",
        "LocalCFrame": {
          "position": [
            -0.12696,
            -0.1016,
            -0.26197
          ],
          "rotation": [
            0.666572,
            -0.173829,
            -0.72489,
            -0.719341,
            0.10507,
            -0.686666,
            0.195526,
            0.979155,
            -0.055006
          ]
        }
      }
    },
    {
      "id": "RBXBDA9A872B54A4EEFA2BD787DF5EB3F3C",
      "parent": "RBX9003AEE589D44183A66CD0D08B7DE321",
      "class": "UnionOperation",
      "name": "color5",
      "properties": {
        "UsePartColor": true,
        "Anchored": false,
        "CanCollide": true,
        "CanQuery": true,
        "CanTouch": true,
        "Color3uint8": [
          0.627451,
          0.372549,
          0.207843
        ],
        "Massless": false,
        "Material": 272,
        "PivotOffset": {
          "position": [
            0,
            0,
            0
          ],
          "rotation": [
            1,
            0,
            0,
            0,
            1,
            0,
            0,
            0,
            1
          ]
        },
        "Reflectance": 0,
        "Transparency": 0,
        "size": [
          0.101011865,
          0.4268713,
          0.0498303063
        ],
        "Name": "color5",
        "LocalCFrame": {
          "position": [
            0.05615,
            0.3183,
            -1.10413
          ],
          "rotation": [
            0.999438,
            -0.018992,
            -0.027642,
            -0.022939,
            0.214141,
            -0.976533,
            0.024465,
            0.976618,
            0.213585
          ]
        }
      }
    },
    {
      "id": "RBX4E016BFFD3CD40F9B3961456B86B2FF7",
      "parent": "RBX9003AEE589D44183A66CD0D08B7DE321",
      "class": "UnionOperation",
      "name": "color5",
      "properties": {
        "UsePartColor": true,
        "Anchored": false,
        "CanCollide": true,
        "CanQuery": true,
        "CanTouch": true,
        "Color3uint8": [
          0.627451,
          0.372549,
          0.207843
        ],
        "Massless": false,
        "Material": 272,
        "PivotOffset": {
          "position": [
            0,
            0,
            0
          ],
          "rotation": [
            1,
            0,
            0,
            0,
            1,
            0,
            0,
            0,
            1
          ]
        },
        "Reflectance": 0,
        "Transparency": 0,
        "size": [
          0.193128511,
          0.958393097,
          0.129691765
        ],
        "Name": "color5",
        "LocalCFrame": {
          "position": [
            0.06396,
            0.2109,
            -0.25977
          ],
          "rotation": [
            0.922327,
            -0.26777,
            0.278589,
            0.267696,
            -0.077142,
            -0.96041,
            0.27866,
            0.96039,
            0.000531
          ]
        }
      }
    },
    {
      "id": "RBX758ACE17C0B64EF0844EB26E7A1E91EE",
      "parent": "RBX9003AEE589D44183A66CD0D08B7DE321",
      "class": "UnionOperation",
      "name": "color5",
      "properties": {
        "UsePartColor": true,
        "Anchored": false,
        "CanCollide": true,
        "CanQuery": true,
        "CanTouch": true,
        "Color3uint8": [
          0.627451,
          0.372549,
          0.207843
        ],
        "Massless": false,
        "Material": 272,
        "PivotOffset": {
          "position": [
            0,
            0,
            0
          ],
          "rotation": [
            1,
            0,
            0,
            0,
            1,
            0,
            0,
            0,
            1
          ]
        },
        "Reflectance": 0,
        "Transparency": 0,
        "size": [
          0.159674957,
          0.414373487,
          0.159429312
        ],
        "Name": "color5",
        "LocalCFrame": {
          "position": [
            0.2102,
            0.1601,
            -1.00196
          ],
          "rotation": [
            0.303836,
            -0.314185,
            -0.899429,
            -0.838377,
            0.360272,
            -0.409061,
            0.452562,
            0.878351,
            -0.153942
          ]
        }
      }
    },
    {
      "id": "RBXE1CC21F35CDC459BA1FCA1AF93D03AC2",
      "parent": "RBX9003AEE589D44183A66CD0D08B7DE321",
      "class": "UnionOperation",
      "name": "color5",
      "properties": {
        "UsePartColor": true,
        "Anchored": false,
        "CanCollide": true,
        "CanQuery": true,
        "CanTouch": true,
        "Color3uint8": [
          0.627451,
          0.372549,
          0.207843
        ],
        "Massless": false,
        "Material": 272,
        "PivotOffset": {
          "position": [
            0,
            0,
            0
          ],
          "rotation": [
            1,
            0,
            0,
            0,
            1,
            0,
            0,
            0,
            1
          ]
        },
        "Reflectance": 0,
        "Transparency": 0,
        "size": [
          0.231794223,
          0.372422874,
          0.230792791
        ],
        "Name": "color5",
        "LocalCFrame": {
          "position": [
            0.19018,
            0.1015,
            -0.81446
          ],
          "rotation": [
            0.017931,
            0.249488,
            -0.968212,
            -0.466693,
            0.858493,
            0.212573,
            0.884237,
            0.448046,
            0.131828
          ]
        }
      }
    },
    {
      "id": "RBX469931E9BBF24D6D85B148097F99AA6A",
      "parent": "RBX9003AEE589D44183A66CD0D08B7DE321",
      "class": "UnionOperation",
      "name": "color5",
      "properties": {
        "UsePartColor": true,
        "Anchored": false,
        "CanCollide": true,
        "CanQuery": true,
        "CanTouch": true,
        "Color3uint8": [
          0.627451,
          0.372549,
          0.207843
        ],
        "Massless": false,
        "Material": 272,
        "PivotOffset": {
          "position": [
            0,
            0,
            0
          ],
          "rotation": [
            1,
            0,
            0,
            0,
            1,
            0,
            0,
            0,
            1
          ]
        },
        "Reflectance": 0,
        "Transparency": 0,
        "size": [
          0.209427893,
          0.871791184,
          0.223462313
        ],
        "Name": "color5",
        "LocalCFrame": {
          "position": [
            -0.13575,
            -0.1133,
            -0.41919
          ],
          "rotation": [
            0.685659,
            0.463745,
            0.561082,
            0.687674,
            -0.159909,
            -0.708191,
            -0.238698,
            0.871418,
            -0.428548
          ]
        }
      }
    },
    {
      "id": "RBXB9B6B1D7056646718BF54ABB8893DAA8",
      "parent": "RBX9003AEE589D44183A66CD0D08B7DE321",
      "class": "UnionOperation",
      "name": "color5",
      "properties": {
        "UsePartColor": true,
        "Anchored": false,
        "CanCollide": true,
        "CanQuery": true,
        "CanTouch": true,
        "Color3uint8": [
          0.627451,
          0.372549,
          0.207843
        ],
        "Massless": false,
        "Material": 272,
        "PivotOffset": {
          "position": [
            0,
            0,
            0
          ],
          "rotation": [
            1,
            0,
            0,
            0,
            1,
            0,
            0,
            0,
            1
          ]
        },
        "Reflectance": 0,
        "Transparency": 0,
        "size": [
          0.09340287,
          0.336072564,
          0.297804117
        ],
        "Name": "color5",
        "LocalCFrame": {
          "position": [
            -0.19117,
            0.0175,
            -1.11854
          ],
          "rotation": [
            0.964944,
            0.18556,
            0.185611,
            0.245322,
            -0.88903,
            -0.38658,
            0.09328,
            0.418565,
            -0.90339
          ]
        }
      }
    },
    {
      "id": "RBXCE388D77B13E42D8955E523BF3509D4F",
      "parent": "RBX9003AEE589D44183A66CD0D08B7DE321",
      "class": "UnionOperation",
      "name": "color5",
      "properties": {
        "UsePartColor": true,
        "Anchored": false,
        "CanCollide": true,
        "CanQuery": true,
        "CanTouch": true,
        "Color3uint8": [
          0.627451,
          0.372549,
          0.207843
        ],
        "Massless": false,
        "Material": 272,
        "PivotOffset": {
          "position": [
            0,
            0,
            0
          ],
          "rotation": [
            1,
            0,
            0,
            0,
            1,
            0,
            0,
            0,
            1
          ]
        },
        "Reflectance": 0,
        "Transparency": 0,
        "size": [
          0.157960832,
          0.723692298,
          0.23527348
        ],
        "Name": "color5",
        "LocalCFrame": {
          "position": [
            -0.17945,
            -0.0059,
            -0.98096
          ],
          "rotation": [
            0.94893,
            -0.0343,
            0.313617,
            0.3153,
            0.06889,
            -0.946488,
            0.01086,
            0.997034,
            0.076187
          ]
        }
      }
    },
    {
      "id": "RBXE142B51458F14604BFC6B06298225EA6",
      "parent": "RBX9003AEE589D44183A66CD0D08B7DE321",
      "class": "UnionOperation",
      "name": "color1",
      "properties": {
        "UsePartColor": true,
        "Anchored": false,
        "CanCollide": true,
        "CanQuery": true,
        "CanTouch": true,
        "Color3uint8": [
          0.627451,
          0.372549,
          0.207843
        ],
        "Massless": false,
        "Material": 272,
        "PivotOffset": {
          "position": [
            0,
            0,
            0
          ],
          "rotation": [
            1,
            0,
            0,
            0,
            1,
            0,
            0,
            0,
            1
          ]
        },
        "Reflectance": 0,
        "Transparency": 0,
        "size": [
          0.444578707,
          0.463351339,
          0.338040709
        ],
        "Name": "color1",
        "LocalCFrame": {
          "position": [
            0.01123,
            0.4004,
            -1.39344
          ],
          "rotation": [
            -1,
            -0.000008,
            -0.000055,
            -0.000052,
            0.490333,
            0.871535,
            0.00002,
            0.871535,
            -0.490333
          ]
        }
      }
    },
    {
      "id": "RBX4C510ABA7AFC4A93BF1E26242E98984C",
      "parent": "RBX9003AEE589D44183A66CD0D08B7DE321",
      "class": "UnionOperation",
      "name": "color5",
      "properties": {
        "UsePartColor": true,
        "Anchored": false,
        "CanCollide": true,
        "CanQuery": true,
        "CanTouch": true,
        "Color3uint8": [
          0.627451,
          0.372549,
          0.207843
        ],
        "Massless": false,
        "Material": 272,
        "PivotOffset": {
          "position": [
            0,
            0,
            0
          ],
          "rotation": [
            1,
            0,
            0,
            0,
            1,
            0,
            0,
            0,
            1
          ]
        },
        "Reflectance": 0,
        "Transparency": 0,
        "size": [
          0.239110559,
          1.65540743,
          0.673674107
        ],
        "Name": "color5",
        "LocalCFrame": {
          "position": [
            0.00561,
            0.0312,
            -0.75416
          ],
          "rotation": [
            -1,
            0.000042,
            -0.000033,
            -0.000049,
            -0.47672,
            0.879055,
            0.000021,
            0.879055,
            0.476721
          ]
        }
      }
    },
    {
      "id": "RBXA02AF1D9D0CA4F23895F7591D52C3144",
      "parent": "RBX9003AEE589D44183A66CD0D08B7DE321",
      "class": "UnionOperation",
      "name": "color5",
      "properties": {
        "UsePartColor": true,
        "Anchored": false,
        "CanCollide": true,
        "CanQuery": true,
        "CanTouch": true,
        "Color3uint8": [
          0.627451,
          0.372549,
          0.207843
        ],
        "Massless": false,
        "Material": 272,
        "PivotOffset": {
          "position": [
            0,
            0,
            0
          ],
          "rotation": [
            1,
            0,
            0,
            0,
            1,
            0,
            0,
            0,
            1
          ]
        },
        "Reflectance": 0,
        "Transparency": 0,
        "size": [
          0.564713299,
          1.92810857,
          0.60895431
        ],
        "Name": "color5",
        "LocalCFrame": {
          "position": [
            0.00537,
            0.0449,
            -0.63074
          ],
          "rotation": [
            -1,
            0.000032,
            -0.000045,
            -0.00005,
            -0.207791,
            0.978173,
            0.000022,
            0.978173,
            0.207791
          ]
        }
      }
    },
    {
      "id": "RBX84DE3D14D4C84988831034D1233E1F1D",
      "parent": "RBXA02AF1D9D0CA4F23895F7591D52C3144",
      "class": "Motor6D",
      "name": "urethra",
      "properties": {
        "C0": {
          "position": [
            -0.000150749649,
            -0.117961615,
            -0.0386496186
          ],
          "rotation": [
            1,
            0.00000136332346,
            -3.03055458e-7,
            -0.00000122116944,
            0.95892626,
            0.283655882,
            6.73657382e-7,
            -0.283655852,
            0.95892626
          ]
        },
        "C1": {
          "position": [
            0,
            0,
            0
          ],
          "rotation": [
            1,
            0,
            0,
            0,
            1,
            0,
            0,
            0,
            1
          ]
        },
        "Enabled": true,
        "Part0": "RBXA02AF1D9D0CA4F23895F7591D52C3144",
        "Part1": "RBX4C510ABA7AFC4A93BF1E26242E98984C",
        "Name": "urethra"
      }
    },
    {
      "id": "RBXF29571575EB2471C9DFB01805A03ED4E",
      "parent": "RBXA02AF1D9D0CA4F23895F7591D52C3144",
      "class": "Motor6D",
      "name": "tip",
      "properties": {
        "C0": {
          "position": [
            -0.0059357672,
            -0.820115805,
            0.190118879
          ],
          "rotation": [
            1,
            0.00000207558151,
            9.18792466e-7,
            -9.50723916e-7,
            0.75062573,
            -0.660727739,
            -0.00000206473169,
            0.66072768,
            0.75062573
          ]
        },
        "C1": {
          "position": [
            0,
            0,
            0
          ],
          "rotation": [
            1,
            0,
            0,
            0,
            1,
            0,
            0,
            0,
            1
          ]
        },
        "Enabled": true,
        "Part0": "RBXA02AF1D9D0CA4F23895F7591D52C3144",
        "Part1": "RBXE142B51458F14604BFC6B06298225EA6",
        "Name": "tip"
      }
    },
    {
      "id": "RBX79AB54BAD15448C8BA6223337D0BEC5C",
      "parent": "RBXA02AF1D9D0CA4F23895F7591D52C3144",
      "class": "Motor6D",
      "name": "Union",
      "properties": {
        "C0": {
          "position": [
            -0.204812229,
            -0.387238175,
            0.0362823829
          ],
          "rotation": [
            -0.303783685,
            0.31418559,
            0.899445951,
            0.616900623,
            0.784308553,
            -0.0656115264,
            -0.726053238,
            0.534935832,
            -0.432079792
          ]
        },
        "C1": {
          "position": [
            0,
            0,
            0
          ],
          "rotation": [
            1,
            0,
            0,
            0,
            1,
            0,
            0,
            0,
            1
          ]
        },
        "Enabled": true,
        "Part0": "RBXA02AF1D9D0CA4F23895F7591D52C3144",
        "Part1": "RBX758ACE17C0B64EF0844EB26E7A1E91EE",
        "Name": "Union"
      }
    },
    {
      "id": "RBXC18869F4F6184829B3CEE3F391A55B3F",
      "parent": "RBXA02AF1D9D0CA4F23895F7591D52C3144",
      "class": "Motor6D",
      "name": "Union",
      "properties": {
        "C0": {
          "position": [
            0.184819087,
            -0.331913054,
            -0.122704335
          ],
          "rotation": [
            -0.948945522,
            0.0343185924,
            -0.313567549,
            -0.0548634455,
            0.960956752,
            0.271205038,
            0.310632259,
            0.27456221,
            -0.910012782
          ]
        },
        "C1": {
          "position": [
            0,
            0,
            0
          ],
          "rotation": [
            1,
            0,
            0,
            0,
            1,
            0,
            0,
            0,
            1
          ]
        },
        "Enabled": true,
        "Part0": "RBXA02AF1D9D0CA4F23895F7591D52C3144",
        "Part1": "RBXCE388D77B13E42D8955E523BF3509D4F",
        "Name": "Union"
      }
    },
    {
      "id": "RBXE4AC5952375F4AE289F78E3019C81273",
      "parent": "RBXA02AF1D9D0CA4F23895F7591D52C3144",
      "class": "Motor6D",
      "name": "Union",
      "properties": {
        "C0": {
          "position": [
            0.141214743,
            0.239767328,
            -0.110757418
          ],
          "rotation": [
            -0.685698569,
            -0.46371761,
            -0.561055541,
            -0.376358211,
            0.885640562,
            -0.272020817,
            0.623034537,
            0.0246336069,
            -0.781806469
          ]
        },
        "C1": {
          "position": [
            0,
            0,
            0
          ],
          "rotation": [
            1,
            0,
            0,
            0,
            1,
            0,
            0,
            0,
            1
          ]
        },
        "Enabled": true,
        "Part0": "RBXA02AF1D9D0CA4F23895F7591D52C3144",
        "Part1": "RBX469931E9BBF24D6D85B148097F99AA6A",
        "Name": "Union"
      }
    },
    {
      "id": "RBX198A4BB0BAAC4D50B753A5A8D61219AD",
      "parent": "RBXA02AF1D9D0CA4F23895F7591D52C3144",
      "class": "Motor6D",
      "name": "Union",
      "properties": {
        "C0": {
          "position": [
            -0.191847801,
            -0.192092732,
            0.0160147976
          ],
          "rotation": [
            -0.0178767499,
            -0.24951078,
            0.968206942,
            0.961916268,
            0.259879798,
            0.0847326368,
            -0.27275908,
            0.93284893,
            0.235362619
          ]
        },
        "C1": {
          "position": [
            0.0000610490824,
            0.0000152691355,
            -0.00716400193
          ],
          "rotation": [
            1,
            -0.00000938776429,
            -0.0000145582053,
            0.00000938760786,
            1,
            -0.000010739971,
            0.0000145583053,
            0.0000107398346,
            1
          ]
        },
        "Enabled": true,
        "Part0": "RBXA02AF1D9D0CA4F23895F7591D52C3144",
        "Part1": "RBXE1CC21F35CDC459BA1FCA1AF93D03AC2",
        "Name": "Union"
      }
    },
    {
      "id": "RBXD3983864924F4C458C036DD1A4096896",
      "parent": "RBXA02AF1D9D0CA4F23895F7591D52C3144",
      "class": "Motor6D",
      "name": "Union",
      "properties": {
        "C0": {
          "position": [
            -0.0585097075,
            0.328332722,
            0.239867404
          ],
          "rotation": [
            -0.922334492,
            0.267795175,
            -0.278540492,
            0.216982558,
            0.955448329,
            0.200092822,
            0.319714934,
            0.124114089,
            -0.93934989
          ]
        },
        "C1": {
          "position": [
            0,
            0,
            0
          ],
          "rotation": [
            1,
            0,
            0,
            0,
            1,
            0,
            0,
            0,
            1
          ]
        },
        "Enabled": true,
        "Part0": "RBXA02AF1D9D0CA4F23895F7591D52C3144",
        "Part1": "RBX4E016BFFD3CD40F9B3961456B86B2FF7",
        "Name": "Union"
      }
    },
    {
      "id": "RBX26AE0E81D33F4D66837DA0041F14815B",
      "parent": "RBXA02AF1D9D0CA4F23895F7591D52C3144",
      "class": "Motor6D",
      "name": "Union",
      "properties": {
        "C0": {
          "position": [
            0.196577579,
            -0.471695662,
            -0.127200902
          ],
          "rotation": [
            -0.964953959,
            -0.185506433,
            -0.185611039,
            0.040298935,
            0.594166815,
            -0.803338349,
            0.259307563,
            -0.782660186,
            -0.565866709
          ]
        },
        "C1": {
          "position": [
            0,
            0,
            0
          ],
          "rotation": [
            1,
            0,
            0,
            0,
            1,
            0,
            0,
            0,
            1
          ]
        },
        "Enabled": true,
        "Part0": "RBXA02AF1D9D0CA4F23895F7591D52C3144",
        "Part1": "RBXB9B6B1D7056646718BF54ABB8893DAA8",
        "Name": "Union"
      }
    },
    {
      "id": "RBX9854F4A9BA664962BF05319C7471C164",
      "parent": "RBX9003AEE589D44183A66CD0D08B7DE321",
      "class": "UnionOperation",
      "name": "cum",
      "properties": {
        "UsePartColor": true,
        "Anchored": false,
        "CanCollide": true,
        "CanQuery": true,
        "CanTouch": true,
        "Color3uint8": [
          0.968627,
          0.972549,
          0.8
        ],
        "Massless": false,
        "Material": 1568,
        "PivotOffset": {
          "position": [
            0,
            0,
            0
          ],
          "rotation": [
            1,
            0,
            0,
            0,
            1,
            0,
            0,
            0,
            1
          ]
        },
        "Reflectance": 0,
        "Transparency": 0.100000001,
        "size": [
          0.564713299,
          1.45937252,
          0.522953331
        ],
        "Name": "cum",
        "LocalCFrame": {
          "position": [
            0.00537,
            0.0781,
            -0.85108
          ],
          "rotation": [
            -1,
            0.000041,
            -0.00004,
            -0.000048,
            -0.207784,
            0.978175,
            0.000032,
            0.978175,
            0.207784
          ]
        }
      }
    },
    {
      "id": "RBX61FBD3F05E514296B7231E3C7555D6A5",
      "parent": "RBX9854F4A9BA664962BF05319C7471C164",
      "class": "Motor6D",
      "name": "urethra",
      "properties": {
        "C0": {
          "position": [
            -0.000165085788,
            0.104396038,
            -0.0248293094
          ],
          "rotation": [
            1,
            0.00000934723539,
            0.00000698651365,
            -0.0000109451003,
            0.958924294,
            0.2836622,
            -0.00000404807997,
            -0.28366217,
            0.958924353
          ]
        },
        "C1": {
          "position": [
            0,
            0,
            0
          ],
          "rotation": [
            1,
            0,
            0,
            0,
            1,
            0,
            0,
            0,
            1
          ]
        },
        "Enabled": true,
        "Part0": "RBX9854F4A9BA664962BF05319C7471C164",
        "Part1": "RBX4C510ABA7AFC4A93BF1E26242E98984C",
        "Name": "urethra"
      }
    },
    {
      "id": "RBX5340EC4FF2FD47EBBA183C505B192B2A",
      "parent": "RBX9854F4A9BA664962BF05319C7471C164",
      "class": "Motor6D",
      "name": "tip",
      "properties": {
        "C0": {
          "position": [
            -0.00596585032,
            -0.597809017,
            0.203953698
          ],
          "rotation": [
            1,
            0.0000129505643,
            -0.00000115543344,
            -0.0000104851124,
            0.750682294,
            -0.660663366,
            -0.000007688599,
            0.660663307,
            0.750682294
          ]
        },
        "C1": {
          "position": [
            0,
            0,
            0
          ],
          "rotation": [
            1,
            0,
            0,
            0,
            1,
            0,
            0,
            0,
            1
          ]
        },
        "Enabled": true,
        "Part0": "RBX9854F4A9BA664962BF05319C7471C164",
        "Part1": "RBXE142B51458F14604BFC6B06298225EA6",
        "Name": "tip"
      }
    },
    {
      "id": "RBX3F42FDEE77AC4C14881AC199138EF3DE",
      "parent": "RBX9854F4A9BA664962BF05319C7471C164",
      "class": "Motor6D",
      "name": "Union",
      "properties": {
        "C0": {
          "position": [
            -0.204837933,
            -0.164879829,
            0.05010508
          ],
          "rotation": [
            -0.303761035,
            0.314190626,
            0.899451792,
            0.616913497,
            0.784290612,
            -0.0656205118,
            -0.726048946,
            0.534951031,
            -0.432065278
          ]
        },
        "C1": {
          "position": [
            0,
            0,
            0
          ],
          "rotation": [
            1,
            0,
            0,
            0,
            1,
            0,
            0,
            0,
            1
          ]
        },
        "Enabled": true,
        "Part0": "RBX9854F4A9BA664962BF05319C7471C164",
        "Part1": "RBX758ACE17C0B64EF0844EB26E7A1E91EE",
        "Name": "Union"
      }
    },
    {
      "id": "RBX54DB29BE6F124B7DA7B01BFB3FA4370C",
      "parent": "RBX9854F4A9BA664962BF05319C7471C164",
      "class": "Motor6D",
      "name": "Union",
      "properties": {
        "C0": {
          "position": [
            0.18479532,
            -0.109559953,
            -0.108890168
          ],
          "rotation": [
            -0.948942065,
            0.0343265012,
            -0.313577503,
            -0.0548438206,
            0.960969985,
            0.271162122,
            0.310646623,
            0.274514914,
            -0.91002214
          ]
        },
        "C1": {
          "position": [
            0,
            0,
            0
          ],
          "rotation": [
            1,
            0,
            0,
            0,
            1,
            0,
            0,
            0,
            1
          ]
        },
        "Enabled": true,
        "Part0": "RBX9854F4A9BA664962BF05319C7471C164",
        "Part1": "RBXCE388D77B13E42D8955E523BF3509D4F",
        "Name": "Union"
      }
    },
    {
      "id": "RBX327B7BE7D9EC40D99D855DEE4F0B4B5B",
      "parent": "RBX9854F4A9BA664962BF05319C7471C164",
      "class": "Motor6D",
      "name": "Union",
      "properties": {
        "C0": {
          "position": [
            0.141197205,
            0.462198585,
            -0.0969533026
          ],
          "rotation": [
            -0.68568635,
            -0.463704348,
            -0.561081588,
            -0.376356721,
            0.88564682,
            -0.272002548,
            0.623048842,
            0.024658395,
            -0.78179419
          ]
        },
        "C1": {
          "position": [
            0,
            0,
            0
          ],
          "rotation": [
            1,
            0,
            0,
            0,
            1,
            0,
            0,
            0,
            1
          ]
        },
        "Enabled": true,
        "Part0": "RBX9854F4A9BA664962BF05319C7471C164",
        "Part1": "RBX469931E9BBF24D6D85B148097F99AA6A",
        "Name": "Union"
      }
    },
    {
      "id": "RBX3A2F3D1FA7F846B48CC843917D5EEB42",
      "parent": "RBX9854F4A9BA664962BF05319C7471C164",
      "class": "Motor6D",
      "name": "Union",
      "properties": {
        "C0": {
          "position": [
            -0.191871256,
            0.0302906409,
            0.0298331045
          ],
          "rotation": [
            -0.0178637225,
            -0.249495685,
            0.968211174,
            0.961917996,
            0.259879291,
            0.0847152025,
            -0.272754133,
            0.932852983,
            0.235351965
          ]
        },
        "C1": {
          "position": [
            0.0000610490824,
            0.0000152691355,
            -0.00716400193
          ],
          "rotation": [
            1,
            -0.00000938776429,
            -0.0000145582053,
            0.00000938760786,
            1,
