{
  "format": "overlay_json_v1",
  "kind": "morph_bundle",
  "version": 1,
  "asset_id": "morph_1708-bunny-ears-white",
  "name": "bunny  ears (white)",
  "source_file": "1708-bunny-ears-white.rbxmx",
  "anchor": "Head",
  "anchor_candidates": [
    "Head",
    "UpperTorso",
    "Torso",
    "HumanoidRootPart"
  ],
  "jiggle": true,
  "root_cframe": {
    "position": [
      452.093658,
      64.4681625,
      617.993408
    ],
    "rotation": [
      1,
      -1.32348898e-23,
      0,
      -1.32348898e-23,
      1,
      -1.46037658e-24,
      0,
      -1.46037658e-24,
      1
    ]
  },
  "class_counts": {
    "Folder": 1,
    "Model": 1,
    "Part": 1,
    "SpecialMesh": 1,
    "MeshPart": 1,
    "Bone": 8
  },
  "nodes": [
    {
      "id": "RBX6FB8E54965744180900480C860A43038",
      "parent": null,
      "class": "Folder",
      "name": "bunny  ears (white)",
      "properties": {
        "Name": "bunny  ears (white)"
      }
    },
    {
      "id": "RBX029CFF71F77D428FB997FE12BD8D3FBF",
      "parent": "RBX6FB8E54965744180900480C860A43038",
      "class": "Model",
      "name": "HeadAcc",
      "properties": {
        "PrimaryPart": null,
        "Name": "HeadAcc"
      }
    },
    {
      "id": "RBXD8B67BFD795F4E408D20DC8751A4C15D",
      "parent": "RBX029CFF71F77D428FB997FE12BD8D3FBF",
      "class": "Part",
      "name": "Middle",
      "properties": {
        "shape": 1,
        "Anchored": true,
        "CanCollide": false,
        "CanQuery": true,
        "CanTouch": true,
        "Color3uint8": [
          0.972549,
          0.972549,
          0.972549
        ],
        "Massless": false,
        "Material": 272,
        "PivotOffset": {
          "position": [
            0,
            0,
            0
          ],
          "rotation": [
            1,
            0,
            0,
            0,
            1,
            0,
            0,
            0,
            1
          ]
        },
        "Reflectance": 0,
        "Transparency": 0,
        "size": [
          1,
          1,
          1
        ],
        "Name": "Middle",
        "LocalCFrame": {
          "position": [
            0,
            0,
            0
          ],
          "rotation": [
            1,
            0,
            0,
            0,
            1,
            0,
            0,
            0,
            1
          ]
        }
      }
    },
    {
      "id": "RBX76E318DAA05E4E5B9A1B93DAB477CAA1",
      "parent": "RBXD8B67BFD795F4E408D20DC8751A4C15D",
      "class": "SpecialMesh",
      "name": "Mesh",
      "properties": {
        "MeshType": 0,
        "MeshId": null,
        "TextureId": null,
        "Offset": [
          0,
          0,
          0
        ],
        "Scale": [
          1.25,
          1.25,
          1.25
        ],
        "VertexColor": [
          1,
          1,
          1
        ],
        "Name": "Mesh"
      }
    },
    {
      "id": "RBX91071996B593449FAF41202D94FDFAA6",
      "parent": "RBX029CFF71F77D428FB997FE12BD8D3FBF",
      "class": "MeshPart",
      "name": "sillybnnuy earW",
      "properties": {
        "HasSkinnedMesh": true,
        "MeshId": "rbxassetid://18742591843",
        "RenderFidelity": 0,
        "TextureID": "rbxassetid://18742591990",
        "Anchored": false,
        "CanCollide": true,
        "CanQuery": true,
        "CanTouch": true,
        "Color3uint8": [
          0.639216,
          0.635294,
          0.647059
        ],
        "Massless": false,
        "Material": 256,
        "PivotOffset": {
          "position": [
            0.0391177014,
            0.159971088,
            0.00489373645
          ],
          "rotation": [
            1,
            1.22464659e-16,
            -1.22464659e-16,
            -1.22464672e-16,
            1,
            -7.54953504e-8,
            1.22464646e-16,
            7.54953504e-8,
            1
          ]
        },
        "Reflectance": 0,
        "Transparency": 0,
        "size": [
          0.922509372,
          1.86697316,
          1.92430985
        ],
        "Name": "sillybnnuy earW",
        "LocalCFrame": {
          "position": [
            -0.005645,
            1.161789,
            -0.21466
          ],
          "rotation": [
            0,
            0,
            -1,
            0,
            1,
            0,
            1,
            0,
            0
          ]
        }
      }
    },
    {
      "id": "RBXD3FE5EE1C71C4D8CBA16ACDE9503B9B7",
      "parent": "RBX91071996B593449FAF41202D94FDFAA6",
      "class": "Bone",
      "name": "Bone.001",
      "properties": {
        "CFrame": {
          "position": [
            0.306765944,
            -0.875055671,
            0.371347457
          ],
          "rotation": [
            0.985331833,
            0.169223487,
            0.0220140927,
            -0.159827247,
            0.96034199,
            -0.228469893,
            -0.0598035268,
            0.22160019,
            0.973302007
          ]
        },
        "Visible": false,
        "Name": "Bone.001"
      }
    },
    {
      "id": "RBXCD72664BC04D4F529949FDB4628A6F1E",
      "parent": "RBXD3FE5EE1C71C4D8CBA16ACDE9503B9B7",
      "class": "Bone",
      "name": "Bone.002",
      "properties": {
        "CFrame": {
          "position": [
            0,
            0.50736165,
            0
          ],
          "rotation": [
            0.945156395,
            -0.324387252,
            -0.0381085984,
            0.325342268,
            0.945336878,
            0.0221490841,
            0.0288405828,
            -0.0333326869,
            0.999028087
          ]
        },
        "Visible": false,
        "Name": "Bone.002"
      }
    },
    {
      "id": "RBX60B7C39358294F1982E7C880BB2D43C0",
      "parent": "RBXCD72664BC04D4F529949FDB4628A6F1E",
      "class": "Bone",
      "name": "Bone.003",
      "properties": {
        "CFrame": {
          "position": [
            -1.08654248e-7,
            0.616771877,
            0
          ],
          "rotation": [
            0.929293036,
            -0.369302303,
            0.00550004933,
            0.369007438,
            0.928980112,
            0.0288010463,
            -0.0157457273,
            -0.024735054,
            0.999570012
          ]
        },
        "Visible": false,
        "Name": "Bone.003"
      }
    },
    {
      "id": "RBX237100EC5A9342D18417DDD101E80E39",
      "parent": "RBX60B7C39358294F1982E7C880BB2D43C0",
      "class": "Bone",
      "name": "Bone.008",
      "properties": {
        "CFrame": {
          "position": [
            -1.08654248e-7,
            0.390669346,
            1.30385104e-7
          ],
          "rotation": [
            0.961564481,
            -0.274540722,
            -0.00461136736,
            0.274579197,
            0.961451471,
            0.0147393923,
            0.000387042819,
            -0.0154390596,
            0.999880791
          ]
        },
        "Visible": false,
        "Name": "Bone.008"
      }
    },
    {
      "id": "RBX097860A4D5BC43CCA09FA6213952FE06",
      "parent": "RBX91071996B593449FAF41202D94FDFAA6",
      "class": "Bone",
      "name": "Bone.004",
      "properties": {
        "CFrame": {
          "position": [
            0.314910531,
            -0.815583766,
            -0.373237818
          ],
          "rotation": [
            -0.984328091,
            0.175662562,
            0.0155212358,
            0.16736412,
            0.958295405,
            -0.231644571,
            -0.0555652045,
            -0.225416556,
            -0.972676694
          ]
        },
        "Visible": false,
        "Name": "Bone.004"
      }
    },
    {
      "id": "RBX20E321B7B4ED49D9ADBA840C52C6F988",
      "parent": "RBX097860A4D5BC43CCA09FA6213952FE06",
      "class": "Bone",
      "name": "Bone.005",
      "properties": {
        "CFrame": {
          "position": [
            -5.21540414e-7,
            0.447085857,
            8.69234e-8
          ],
          "rotation": [
            0.941455841,
            0.334079385,
            0.0452976301,
            -0.337093472,
            0.934942424,
            0.110683531,
            -0.00537358923,
            -0.119473189,
            0.992823005
          ]
        },
        "Visible": false,
        "Name": "Bone.005"
      }
    },
    {
      "id": "RBXB8622464C6C3478DB3A00B9C5057AD72",
      "parent": "RBX20E321B7B4ED49D9ADBA840C52C6F988",
      "class": "Bone",
      "name": "Bone.006",
      "properties": {
        "CFrame": {
          "position": [
            -1.30385104e-7,
            0.609651983,
            4.34617e-8
          ],
          "rotation": [
            0.935048461,
            0.350970954,
            -0.0500390083,
            -0.353671283,
            0.913709819,
            -0.200127915,
            -0.0245179459,
            0.204826623,
            0.978491306
          ]
        },
        "Visible": false,
        "Name": "Bone.006"
      }
    },
    {
      "id": "RBX1BF26F9ACC314F84B3C55625F4DFF687",
      "parent": "RBXB8622464C6C3478DB3A00B9C5057AD72",
      "class": "Bone",
      "name": "Bone.007",
      "properties": {
        "CFrame": {
          "position": [
            9.99619147e-7,
            0.396529257,
            1.738468e-7
          ],
          "rotation": [
            0.952563167,
            0.298637897,
            0.0586420149,
            -0.303586066,
            0.918829978,
            0.252164364,
            0.021423785,
            -0.258005351,
            0.965905905
          ]
        },
        "Visible": false,
        "Name": "Bone.007"
      }
    }
  ]
}
