{
  "format": "overlay_json_v1",
  "kind": "morph_bundle",
  "version": 1,
  "asset_id": "morph_1745-curly-cat-tail",
  "name": "Curly Cat Tail",
  "source_file": "1745-curly-cat-tail.rbxmx",
  "anchor": "LowerTorso",
  "anchor_candidates": [
    "LowerTorso",
    "Torso",
    "HumanoidRootPart",
    "UpperTorso"
  ],
  "jiggle": true,
  "root_cframe": {
    "position": [
      108.485771,
      3.99955773,
      103.958855
    ],
    "rotation": [
      -9.9347659e-8,
      0,
      1,
      0,
      1,
      0,
      -1,
      0,
      -9.9347659e-8
    ]
  },
  "class_counts": {
    "Folder": 1,
    "Model": 1,
    "Part": 1,
    "MeshPart": 1,
    "Bone": 14
  },
  "nodes": [
    {
      "id": "RBXE2A14DD04E024C84A41CDE01069853C5",
      "parent": null,
      "class": "Folder",
      "name": "Curly Cat Tail",
      "properties": {
        "Name": "Curly Cat Tail"
      }
    },
    {
      "id": "RBX1618945E529E48BE838BB093A537E814",
      "parent": "RBXE2A14DD04E024C84A41CDE01069853C5",
      "class": "Model",
      "name": "UpperStatic",
      "properties": {
        "PrimaryPart": "RBX211DE346DA9F4E20A124639AF3242DB9",
        "Name": "UpperStatic"
      }
    },
    {
      "id": "RBX211DE346DA9F4E20A124639AF3242DB9",
      "parent": "RBX1618945E529E48BE838BB093A537E814",
      "class": "Part",
      "name": "Middle",
      "properties": {
        "shape": 1,
        "Anchored": true,
        "CanCollide": false,
        "CanQuery": true,
        "CanTouch": true,
        "Color3uint8": [
          0.972549,
          0.972549,
          0.972549
        ],
        "Massless": false,
        "Material": 272,
        "PivotOffset": {
          "position": [
            0,
            0,
            0
          ],
          "rotation": [
            1,
            0,
            0,
            0,
            1,
            0,
            0,
            0,
            1
          ]
        },
        "Reflectance": 0,
        "Transparency": 0,
        "size": [
          2,
          2,
          1
        ],
        "Name": "Middle",
        "LocalCFrame": {
          "position": [
            0,
            0,
            0
          ],
          "rotation": [
            1,
            0,
            0,
            0,
            1,
            0,
            0,
            0,
            1
          ]
        }
      }
    },
    {
      "id": "RBXA0109FDCA0114180819DF5C7AF337EE9",
      "parent": "RBX1618945E529E48BE838BB093A537E814",
      "class": "MeshPart",
      "name": "curlycattailbr",
      "properties": {
        "HasSkinnedMesh": true,
        "MeshId": "rbxassetid://18757799922",
        "RenderFidelity": 0,
        "TextureID": "rbxassetid://18757799966",
        "Anchored": false,
        "CanCollide": true,
        "CanQuery": true,
        "CanTouch": true,
        "Color3uint8": [
          0.639216,
          0.635294,
          0.647059
        ],
        "Massless": false,
        "Material": 256,
        "PivotOffset": {
          "position": [
            0.10903272,
            0.0425080992,
            -0.00101917691
          ],
          "rotation": [
            1,
            1.22464672e-16,
            -1.22464685e-16,
            -1.22464685e-16,
            1,
            -7.54979013e-8,
            1.22464672e-16,
            7.54979013e-8,
            1
          ]
        },
        "Reflectance": 0,
        "Transparency": 0,
        "size": [
          1.85423446,
          2.36857772,
          1.48378313
        ],
        "Name": "curlycattailbr",
        "LocalCFrame": {
          "position": [
            -0.000145,
            -0.133634,
            1.387116
          ],
          "rotation": [
            0,
            0,
            -1,
            0,
            1,
            0,
            1,
            0,
            0
          ]
        }
      }
    },
    {
      "id": "RBX05E1F9FCA0484B1FB5C5378515C5010F",
      "parent": "RBXA0109FDCA0114180819DF5C7AF337EE9",
      "class": "Bone",
      "name": "Bone",
      "properties": {
        "CFrame": {
          "position": [
            -0.918114245,
            -0.00963684078,
            -0.00101916993
          ],
          "rotation": [
            1,
            1.22464672e-16,
            -1.22464672e-16,
            -1.22464672e-16,
            1,
            -1.22464672e-16,
            1.22464672e-16,
            1.22464672e-16,
            1
          ]
        },
        "Visible": false,
        "Name": "Bone"
      }
    },
    {
      "id": "RBXAC40414264234CD096AD5C748F1BD3E7",
      "parent": "RBXA0109FDCA0114180819DF5C7AF337EE9",
      "class": "Bone",
      "name": "Bone.001",
      "properties": {
        "CFrame": {
          "position": [
            -0.918114424,
            -0.00963683147,
            -0.00101916993
          ],
          "rotation": [
            -1.21408931e-7,
            0.993097186,
            -0.117294945,
            -1.4578345e-14,
            -0.117294945,
            -0.993097186,
            -1,
            -1.20570874e-7,
            1.42406682e-8
          ]
        },
        "Visible": false,
        "Name": "Bone.001"
      }
    },
    {
      "id": "RBX91CF8C2EE5B7469D9661B4823FC0CC5E",
      "parent": "RBXAC40414264234CD096AD5C748F1BD3E7",
      "class": "Bone",
      "name": "Bone.002",
      "properties": {
        "CFrame": {
          "position": [
            -6.85206558e-8,
            0.482381463,
            0
          ],
          "rotation": [
            0.894683361,
            -0.446700782,
            -0.000381752849,
            0.286842734,
            0.575163305,
            -0.766099572,
            0.34243682,
            0.685307026,
            0.642721891
          ]
        },
        "Visible": false,
        "Name": "Bone.002"
      }
    },
    {
      "id": "RBX6EEAE57AC97D40FDA49ED3F1BBDCE796",
      "parent": "RBX91CF8C2EE5B7469D9661B4823FC0CC5E",
      "class": "Bone",
      "name": "Bone.003",
      "properties": {
        "CFrame": {
          "position": [
            -1.51544839e-7,
            0.637008667,
            3.78862097e-8
          ],
          "rotation": [
            0.900693595,
            0.434272498,
            0.0125892032,
            -0.434450954,
            0.900430858,
            0.0218348447,
            -0.00185343425,
            -0.0251358952,
            0.999682426
          ]
        },
        "Visible": false,
        "Name": "Bone.003"
      }
    },
    {
      "id": "RBX58E2C245BD654E2790CCE3C473A0DEB4",
      "parent": "RBX6EEAE57AC97D40FDA49ED3F1BBDCE796",
      "class": "Bone",
      "name": "Bone.004",
      "properties": {
        "CFrame": {
          "position": [
            1.89431049e-8,
            0.492565364,
            -0.00000526618305
          ],
          "rotation": [
            0.677979112,
            0.734767735,
            0.0214638561,
            -0.566509724,
            0.503673136,
            0.652211666,
            0.468413323,
            -0.454345375,
            0.757732928
          ]
        },
        "Visible": false,
        "Name": "Bone.004"
      }
    },
    {
      "id": "RBXD7DF71DB135A4A6D9E1CE602EFF60FBB",
      "parent": "RBX58E2C245BD654E2790CCE3C473A0DEB4",
      "class": "Bone",
      "name": "Bone.005",
      "properties": {
        "CFrame": {
          "position": [
            7.57724195e-8,
            0.400508851,
            -2.27317258e-7
          ],
          "rotation": [
            0.525803745,
            0.430435687,
            -0.733659029,
            0.56875056,
            0.463443279,
            0.679516912,
            0.632497609,
            -0.774561524,
            -0.00113032758
          ]
        },
        "Visible": false,
        "Name": "Bone.005"
      }
    },
    {
      "id": "RBX9E3BBEC868C841E286363C0614E4F71A",
      "parent": "RBXD7DF71DB135A4A6D9E1CE602EFF60FBB",
      "class": "Bone",
      "name": "Bone.007",
      "properties": {
        "CFrame": {
          "position": [
            2.65203482e-7,
            0.224365994,
            -2.27317258e-7
          ],
          "rotation": [
            0.999342144,
            0.0360872559,
            0.0036204455,
            -0.0360873342,
            0.979423523,
            0.198563501,
            0.00361966202,
            -0.198563501,
            0.980081499
          ]
        },
        "Visible": false,
        "Name": "Bone.007"
      }
    },
    {
      "id": "RBXE5AEE22B47794E2CB386FBC964371B1B",
      "parent": "RBX9E3BBEC868C841E286363C0614E4F71A",
      "class": "Bone",
      "name": "Bone.008",
      "properties": {
        "CFrame": {
          "position": [
            -7.57724195e-8,
            0.436598629,
            -2.27317258e-7
          ],
          "rotation": [
            0.891644955,
            -0.414142221,
            -0.182908729,
            0.452662766,
            0.808267355,
            0.376563936,
            -0.00811186433,
            -0.418557256,
            0.908154249
          ]
        },
        "Visible": false,
        "Name": "Bone.008"
      }
    },
    {
      "id": "RBX6D8DD069D21D45B28B10EE5ABAFAD1FE",
      "parent": "RBXE5AEE22B47794E2CB386FBC964371B1B",
      "class": "Bone",
      "name": "Bone.009",
      "properties": {
        "CFrame": {
          "position": [
            7.57724195e-8,
            0.591937006,
            -4.92520712e-7
          ],
          "rotation": [
            0.987780273,
            -0.1513533,
            -0.037180692,
            0.147603333,
            0.985070765,
            -0.088594839,
            0.0500347242,
            0.0820242316,
            0.995373726
          ]
        },
        "Visible": false,
        "Name": "Bone.009"
      }
    },
    {
      "id": "RBX20E64607A586412DA78B23AED9F84BD4",
      "parent": "RBX6D8DD069D21D45B28B10EE5ABAFAD1FE",
      "class": "Bone",
      "name": "Bone.010",
      "properties": {
        "CFrame": {
          "position": [
            -7.57724195e-8,
            0.350476503,
            5.68293146e-8
          ],
          "rotation": [
            0.962795734,
            -0.270223975,
            0.00188469142,
            0.264801532,
            0.942038834,
            -0.206017092,
            0.0538953021,
            0.198851407,
            0.978546679
          ]
        },
        "Visible": false,
        "Name": "Bone.010"
      }
    },
    {
      "id": "RBX05019E85112D4710BB2ABD4A72B9459D",
      "parent": "RBX20E64607A586412DA78B23AED9F84BD4",
      "class": "Bone",
      "name": "Bone.011",
      "properties": {
        "CFrame": {
          "position": [
            -1.13658629e-7,
            0.438392937,
            4.54634517e-7
          ],
          "rotation": [
            0.789441109,
            -0.508755267,
            0.343439758,
            0.609911025,
            0.713229597,
            -0.345416009,
            -0.0692191869,
            0.482153296,
            0.873348236
          ]
        },
        "Visible": false,
        "Name": "Bone.011"
      }
    },
    {
      "id": "RBX9E6F3DF5E3B64141A5530F23FC9761D0",
      "parent": "RBX05019E85112D4710BB2ABD4A72B9459D",
      "class": "Bone",
      "name": "Bone.012",
      "properties": {
        "CFrame": {
          "position": [
            -3.03089678e-7,
            0.349440426,
            1.51544839e-7
          ],
          "rotation": [
            0.793220282,
            -0.583979249,
            0.172539622,
            0.534336269,
            0.803409696,
            0.262712061,
            -0.292038381,
            -0.116194353,
            0.949322164
          ]
        },
        "Visible": false,
        "Name": "Bone.012"
      }
    },
    {
      "id": "RBX8FFF27206ECC435FA3043FD335766AEB",
      "parent": "RBX9E6F3DF5E3B64141A5530F23FC9761D0",
      "class": "Bone",
      "name": "Bone.013",
      "properties": {
        "CFrame": {
          "position": [
            -2.27317258e-7,
            0.34208861,
            -1.51544839e-7
          ],
          "rotation": [
            0.785841167,
            -0.545396686,
            0.29154104,
            0.519127369,
            0.837960958,
            0.168310285,
            -0.33609581,
            0.0190817993,
            0.941634536
          ]
        },
        "Visible": false,
        "Name": "Bone.013"
      }
    },
    {
      "id": "RBX598B479BFD82486295445EA5349FC7BB",
      "parent": "RBX8FFF27206ECC435FA3043FD335766AEB",
      "class": "Bone",
      "name": "Bone.014",
      "properties": {
        "CFrame": {
          "position": [
            -1.51544839e-7,
            0.378577262,
            0
          ],
          "rotation": [
            0.947608709,
            -0.319082856,
            0.0149668083,
            0.281916678,
            0.857426703,
            0.430514455,
            -0.150202677,
            -0.40373978,
            0.9024598
          ]
        },
        "Visible": false,
        "Name": "Bone.014"
      }
    }
  ]
}
