{
  "format": "overlay_json_v1",
  "kind": "morph_bundle",
  "version": 1,
  "asset_id": "morph_2601-bbc-2",
  "name": "BBC 2+",
  "source_file": "2601-bbc-2.rbxmx",
  "anchor": "HumanoidRootPart",
  "anchor_candidates": [
    "HumanoidRootPart",
    "UpperTorso",
    "Torso",
    "Head"
  ],
  "jiggle": false,
  "root_cframe": {
    "position": [
      484.007599,
      12.9140062,
      -117.124603
    ],
    "rotation": [
      1,
      0,
      0,
      0,
      1,
      0,
      0,
      0,
      1
    ]
  },
  "class_counts": {
    "Folder": 1,
    "Model": 3,
    "Part": 4,
    "UnionOperation": 12,
    "SpecialMesh": 1,
    "ParticleEmitter": 1,
    "Motor6D": 8
  },
  "nodes": [
    {
      "id": "RBX46647037A63F46F4B286DF83AAE577DB",
      "parent": null,
      "class": "Folder",
      "name": "BBC 2+",
      "properties": {
        "Name": "BBC 2+"
      }
    },
    {
      "id": "RBX1C9959F7436A4760B6533C2597D169E8",
      "parent": "RBX46647037A63F46F4B286DF83AAE577DB",
      "class": "Model",
      "name": "Orbs",
      "properties": {
        "PrimaryPart": null,
        "Name": "Orbs"
      }
    },
    {
      "id": "RBX3EA0287F4A4C436AB977000C01C5FFDF",
      "parent": "RBX1C9959F7436A4760B6533C2597D169E8",
      "class": "Part",
      "name": "Middle",
      "properties": {
        "shape": 1,
        "Anchored": true,
        "CanCollide": false,
        "CanQuery": true,
        "CanTouch": true,
        "Color3uint8": [
          1,
          0,
          0
        ],
        "Massless": false,
        "Material": 256,
        "PivotOffset": {
          "position": [
            0,
            0,
            0
          ],
          "rotation": [
            1,
            0,
            0,
            0,
            1,
            0,
            0,
            0,
            1
          ]
        },
        "Reflectance": 0,
        "Transparency": 0,
        "size": [
          0.233960062,
          0.233960062,
          0.233960062
        ],
        "Name": "Middle",
        "LocalCFrame": {
          "position": [
            -0.006897,
            -0.812703,
            -0.449936
          ],
          "rotation": [
            1,
            0,
            0,
            0,
            1,
            0,
            0,
            0,
            1
          ]
        }
      }
    },
    {
      "id": "RBXA15FEC2280924AE798AAA3C2EC09F926",
      "parent": "RBX1C9959F7436A4760B6533C2597D169E8",
      "class": "UnionOperation",
      "name": "color5",
      "properties": {
        "UsePartColor": true,
        "Anchored": false,
        "CanCollide": false,
        "CanQuery": true,
        "CanTouch": true,
        "Color3uint8": [
          0.972549,
          0.972549,
          0.972549
        ],
        "Massless": false,
        "Material": 272,
        "PivotOffset": {
          "position": [
            0,
            0,
            0
          ],
          "rotation": [
            1,
            0,
            0,
            0,
            1,
            0,
            0,
            0,
            1
          ]
        },
        "Reflectance": 0,
        "Transparency": 0,
        "size": [
          1.09304142,
          0.570419073,
          0.95890969
        ],
        "Name": "color5",
        "LocalCFrame": {
          "position": [
            0.039642,
            -1.285312,
            -0.435265
          ],
          "rotation": [
            -0.342876,
            -0.001166,
            0.93938,
            -0.93938,
            0.001416,
            -0.342874,
            -0.00093,
            -0.999998,
            -0.001581
          ]
        }
      }
    },
    {
      "id": "RBX57C02E5B04EE425E84FA197DA62CD5EF",
      "parent": "RBX46647037A63F46F4B286DF83AAE577DB",
      "class": "Model",
      "name": "LowerStaticA",
      "properties": {
        "PrimaryPart": "RBXE55DADD183524735A7A8BE3C4A6F914B",
        "Name": "LowerStaticA"
      }
    },
    {
      "id": "RBXE55DADD183524735A7A8BE3C4A6F914B",
      "parent": "RBX57C02E5B04EE425E84FA197DA62CD5EF",
      "class": "Part",
      "name": "Middle",
      "properties": {
        "shape": 1,
        "Anchored": true,
        "CanCollide": false,
        "CanQuery": true,
        "CanTouch": true,
        "Color3uint8": [
          0.972549,
          0.972549,
          0.972549
        ],
        "Massless": false,
        "Material": 272,
        "PivotOffset": {
          "position": [
            0,
            0,
            0
          ],
          "rotation": [
            1,
            0,
            0,
            0,
            1,
            0,
            0,
            0,
            1
          ]
        },
        "Reflectance": 0,
        "Transparency": 1,
        "size": [
          2,
          2,
          1
        ],
        "Name": "Middle",
        "LocalCFrame": {
          "position": [
            0,
            0,
            0
          ],
          "rotation": [
            1,
            0,
            0,
            0,
            1,
            0,
            0,
            0,
            1
          ]
        }
      }
    },
    {
      "id": "RBX62B495CB1467433A8E629FF03BEDAFAA",
      "parent": "RBXE55DADD183524735A7A8BE3C4A6F914B",
      "class": "SpecialMesh",
      "name": "Mesh",
      "properties": {
        "MeshType": 5,
        "MeshId": "rbxassetid://12221758",
        "TextureId": null,
        "Offset": [
          0,
          0,
          0
        ],
        "Scale": [
          1,
          1,
          1
        ],
        "VertexColor": [
          1,
          1,
          1
        ],
        "Name": "Mesh"
      }
    },
    {
      "id": "RBX0D651E518AD042B8B7EF300676D984A2",
      "parent": "RBX46647037A63F46F4B286DF83AAE577DB",
      "class": "Model",
      "name": "Rod",
      "properties": {
        "PrimaryPart": null,
        "Name": "Rod"
      }
    },
    {
      "id": "RBXAAD1D15BA4F14ECABDD9B39B988502EF",
      "parent": "RBX0D651E518AD042B8B7EF300676D984A2",
      "class": "Part",
      "name": "Middle",
      "properties": {
        "shape": 1,
        "Anchored": true,
        "CanCollide": false,
        "CanQuery": true,
        "CanTouch": true,
        "Color3uint8": [
          1,
          0,
          0
        ],
        "Massless": false,
        "Material": 256,
        "PivotOffset": {
          "position": [
            0,
            0,
            0
          ],
          "rotation": [
            1,
            0,
            0,
            0,
            1,
            0,
            0,
            0,
            1
          ]
        },
        "Reflectance": 0,
        "Transparency": 0,
        "size": [
          0.26308319,
          0.26308319,
          0.26308319
        ],
        "Name": "Middle",
        "LocalCFrame": {
          "position": [
            -0.000855,
            -0.826271,
            -0.547516
          ],
          "rotation": [
            1,
            0,
            -0.000009,
            0.000002,
            0.984801,
            0.173685,
            0.000008,
            -0.173685,
            0.984801
          ]
        }
      }
    },
    {
      "id": "RBX08B68B520B75434F83FC789583067C69",
      "parent": "RBX0D651E518AD042B8B7EF300676D984A2",
      "class": "Part",
      "name": "Particle1",
      "properties": {
        "shape": 1,
        "Anchored": true,
        "CanCollide": false,
        "CanQuery": true,
        "CanTouch": true,
        "Color3uint8": [
          1,
          0.580392,
          0.580392
        ],
        "Massless": false,
        "Material": 272,
        "PivotOffset": {
          "position": [
            0,
            0,
            0
          ],
          "rotation": [
            1,
            0,
            0,
            0,
            1,
            0,
            0,
            0,
            1
          ]
        },
        "Reflectance": 0,
        "Transparency": 0,
        "size": [
          0.203096867,
          0.203096867,
          0.203096867
        ],
        "Name": "Particle1",
        "LocalCFrame": {
          "position": [
            0.012451,
            -0.640513,
            -2.641541
          ],
          "rotation": [
            -0.999751,
            0.022205,
            0.002306,
            -0.000211,
            0.093917,
            -0.99558,
            -0.022323,
            -0.995333,
            -0.093888
          ]
        }
      }
    },
    {
      "id": "RBX9B9E282854B5445E9ED02AC23D87DEB5",
      "parent": "RBX08B68B520B75434F83FC789583067C69",
      "class": "ParticleEmitter",
      "name": "Particles",
      "properties": {
        "Acceleration": [
          0,
          -19.5969925,
          0
        ],
        "Color": "0 1 1 1 0 1 1 1 1 0",
        "Drag": 0,
        "Enabled": false,
        "Lifetime": [
          1,
          1.5
        ],
        "LightEmission": 0,
        "LightInfluence": 1,
        "LockedToPart": false,
        "Rate": 25,
        "RotSpeed": [
          0,
          0
        ],
        "Rotation": [
          90,
          90
        ],
        "Size": "0 0.104517 0 0.8 0.104517 0 1 0 0",
        "Speed": [
          5.22586,
          7.8388
        ],
        "SpreadAngle": [
          10,
          10
        ],
        "Texture": "rbxassetid://3202767053",
        "TimeScale": 1,
        "Transparency": "0 0 0 0.9 0 0 1 1 0",
        "VelocityInheritance": 0,
        "ZOffset": 0,
        "Name": "Particles"
      }
    },
    {
      "id": "RBX8B17805C60384F008DAAC57569E81215",
      "parent": "RBX0D651E518AD042B8B7EF300676D984A2",
      "class": "UnionOperation",
      "name": "color5",
      "properties": {
        "UsePartColor": true,
        "Anchored": false,
        "CanCollide": false,
        "CanQuery": true,
        "CanTouch": true,
        "Color3uint8": [
          0.972549,
          0.972549,
          0.972549
        ],
        "Massless": false,
        "Material": 272,
        "PivotOffset": {
          "position": [
            0,
            0,
            0
          ],
          "rotation": [
            1,
            0,
            0,
            0,
            1,
            0,
            0,
            0,
            1
          ]
        },
        "Reflectance": 0,
        "Transparency": 0,
        "size": [
          0.0878473893,
          0.976715863,
          0.123831809
        ],
        "Name": "color5",
        "LocalCFrame": {
          "position": [
            -0.170288,
            -1.053628,
            -0.835846
          ],
          "rotation": [
            0.666571,
            -0.173837,
            -0.724889,
            -0.674458,
            0.273502,
            -0.685787,
            0.317473,
            0.946033,
            0.065062
          ]
        }
      }
    },
    {
      "id": "RBXA697509343C74E3F98850DB0350EF7CA",
      "parent": "RBX0D651E518AD042B8B7EF300676D984A2",
      "class": "UnionOperation",
      "name": "color5",
      "properties": {
        "UsePartColor": true,
        "Anchored": false,
        "CanCollide": false,
        "CanQuery": true,
        "CanTouch": true,
        "Color3uint8": [
          0.972549,
          0.972549,
          0.972549
        ],
        "Massless": false,
        "Material": 272,
        "PivotOffset": {
          "position": [
            0,
            0,
            0
          ],
          "rotation": [
            1,
            0,
            0,
            0,
            1,
            0,
            0,
            0,
            1
          ]
        },
        "Reflectance": 0,
        "Transparency": 0,
        "size": [
          0.131968588,
          0.557692945,
          0.0651016086
        ],
        "Name": "color5",
        "LocalCFrame": {
          "position": [
            0.069031,
            -0.704781,
            -2.01471
          ],
          "rotation": [
            0.999437,
            -0.019,
            -0.027643,
            -0.01834,
            0.380476,
            -0.924609,
            0.028085,
            0.924596,
            0.379913
          ]
        }
      }
    },
    {
      "id": "RBX4927ECA8EB50497F834D509DF9D9203B",
      "parent": "RBX0D651E518AD042B8B7EF300676D984A2",
      "class": "UnionOperation",
      "name": "color5",
      "properties": {
        "UsePartColor": true,
        "Anchored": false,
        "CanCollide": false,
        "CanQuery": true,
        "CanTouch": true,
        "Color3uint8": [
          0.972549,
          0.972549,
          0.972549
        ],
        "Massless": false,
        "Material": 272,
        "PivotOffset": {
          "position": [
            0,
            0,
            0
          ],
          "rotation": [
            1,
            0,
            0,
            0,
            1,
            0,
            0,
            0,
            1
          ]
        },
        "Reflectance": 0,
        "Transparency": 0,
        "size": [
          0.252315879,
          1.25210822,
          0.169437915
        ],
        "Name": "color5",
        "LocalCFrame": {
          "position": [
            0.079315,
            -0.651076,
            -0.903908
          ],
          "rotation": [
            0.922325,
            -0.267779,
            0.278589,
            0.312019,
            0.090797,
            -0.945728,
            0.227951,
            0.959194,
            0.167296
          ]
        }
      }
    },
    {
      "id": "RBX5DC2AD6ADB0B4EC380451F89B1516688",
      "parent": "RBX0D651E518AD042B8B7EF300676D984A2",
      "class": "UnionOperation",
      "name": "color5",
      "properties": {
        "UsePartColor": true,
        "Anchored": false,
        "CanCollide": false,
        "CanQuery": true,
        "CanTouch": true,
        "Color3uint8": [
          0.972549,
          0.972549,
          0.972549
        ],
        "Massless": false,
        "Material": 272,
        "PivotOffset": {
          "position": [
            0,
            0,
            0
          ],
          "rotation": [
            1,
            0,
            0,
            0,
            1,
            0,
            0,
            0,
            1
          ]
        },
        "Reflectance": 0,
        "Transparency": 0,
        "size": [
          0.208609939,
          0.541364968,
          0.208289012
        ],
        "Name": "color5",
        "LocalCFrame": {
          "position": [
            0.270447,
            -0.88437,
            -1.847466
          ],
          "rotation": [
            0.303831,
            -0.314192,
            -0.899428,
            -0.747053,
            0.507321,
            -0.429578,
            0.591268,
            0.802439,
            -0.080578
          ]
        }
      }
    },
    {
      "id": "RBXE4F952D6FFF7442897A6E99FA664D649",
      "parent": "RBX0D651E518AD042B8B7EF300676D984A2",
      "class": "UnionOperation",
      "name": "color5",
      "properties": {
        "UsePartColor": true,
        "Anchored": false,
        "CanCollide": false,
        "CanQuery": true,
        "CanTouch": true,
        "Color3uint8": [
          0.972549,
          0.972549,
          0.972549
        ],
        "Massless": false,
        "Material": 272,
        "PivotOffset": {
          "position": [
            0,
            0,
            0
          ],
          "rotation": [
            1,
            0,
            0,
            0,
            1,
            0,
            0,
            0,
            1
          ]
        },
        "Reflectance": 0,
        "Transparency": 0,
        "size": [
          0.302831322,
          0.486557901,
          0.301523
        ],
        "Name": "color5",
        "LocalCFrame": {
          "position": [
            0.253509,
            -0.919701,
            -1.59359
          ],
          "rotation": [
            0.017912,
            0.249473,
            -0.968216,
            -0.306048,
            0.923259,
            0.232228,
            0.951849,
            0.292161,
            0.092888
          ]
        }
      }
    },
    {
      "id": "RBX8A0779140280448BA1B50AB5F765D6C6",
      "parent": "RBX0D651E518AD042B8B7EF300676D984A2",
      "class": "UnionOperation",
      "name": "color5",
      "properties": {
        "UsePartColor": true,
        "Anchored": false,
        "CanCollide": false,
        "CanQuery": true,
        "CanTouch": true,
        "Color3uint8": [
          0.972549,
          0.972549,
          0.972549
        ],
        "Massless": false,
        "Material": 272,
        "PivotOffset": {
          "position": [
            0,
            0,
            0
          ],
          "rotation": [
            1,
            0,
            0,
            0,
            1,
            0,
            0,
            0,
            1
          ]
        },
        "Reflectance": 0,
        "Transparency": 0,
        "size": [
          0.273610473,
          1.13896573,
          0.291945964
        ],
        "Name": "color5",
        "LocalCFrame": {
          "position": [
            -0.18161,
            -1.104867,
            -1.035469
          ],
          "rotation": [
            0.685661,
            0.463737,
            0.561086,
            0.63578,
            -0.006161,
            -0.771847,
            -0.354477,
            0.885953,
            -0.299059
          ]
        }
      }
    },
    {
      "id": "RBX556B728E624F43688195584E3CA4A75B",
      "parent": "RBX0D651E518AD042B8B7EF300676D984A2",
      "class": "UnionOperation",
      "name": "color5",
      "properties": {
        "UsePartColor": true,
        "Anchored": false,
        "CanCollide": false,
        "CanQuery": true,
        "CanTouch": true,
        "Color3uint8": [
          0.972549,
          0.972549,
          0.972549
        ],
        "Massless": false,
        "Material": 272,
        "PivotOffset": {
          "position": [
            0,
            0,
            0
          ],
          "rotation": [
            1,
            0,
            0,
            0,
            1,
            0,
            0,
            0,
            1
          ]
        },
        "Reflectance": 0,
        "Transparency": 0,
        "size": [
          0.122027695,
          0.439067453,
          0.389071018
        ],
        "Name": "color5",
        "LocalCFrame": {
          "position": [
            -0.253967,
            -1.094013,
            -1.965157
          ],
          "rotation": [
            0.964942,
            0.185557,
            0.18562,
            0.257795,
            -0.802841,
            -0.537576,
            0.049272,
            0.566582,
            -0.822531
          ]
        }
      }
    },
    {
      "id": "RBX025530EB7C8E4E758FB78C3CA4C09786",
      "parent": "RBX0D651E518AD042B8B7EF300676D984A2",
      "class": "UnionOperation",
      "name": "color5",
      "properties": {
        "UsePartColor": true,
        "Anchored": false,
        "CanCollide": false,
        "CanQuery": true,
        "CanTouch": true,
        "Color3uint8": [
          0.972549,
          0.972549,
          0.972549
        ],
        "Massless": false,
        "Material": 272,
        "PivotOffset": {
          "position": [
            0,
            0,
            0
          ],
          "rotation": [
            1,
            0,
            0,
            0,
            1,
            0,
            0,
            0,
            1
          ]
        },
        "Reflectance": 0,
        "Transparency": 0,
        "size": [
          0.206370488,
          0.945479572,
          0.307376862
        ],
        "Name": "color5",
        "LocalCFrame": {
          "position": [
            -0.238587,
            -1.094493,
            -1.78244
          ],
          "rotation": [
            0.94893,
            -0.034309,
            0.313616,
            0.312398,
            0.240974,
            -0.918881,
            -0.044047,
            0.969927,
            0.239385
          ]
        }
      }
    },
    {
      "id": "RBX8D45DF5521B14D1C953CEA0EAFF8FC2E",
      "parent": "RBX0D651E518AD042B8B7EF300676D984A2",
      "class": "UnionOperation",
      "name": "color1",
      "properties": {
        "UsePartColor": true,
        "Anchored": false,
        "CanCollide": false,
        "CanQuery": true,
        "CanTouch": true,
        "Color3uint8": [
          0.972549,
          0.972549,
          0.972549
        ],
        "Massless": false,
        "Material": 272,
        "PivotOffset": {
          "position": [
            0,
            0,
            0
          ],
          "rotation": [
            1,
            0,
            0,
            0,
            1,
            0,
            0,
            0,
            1
          ]
        },
        "Reflectance": 0,
        "Transparency": 0,
        "size": [
          0.580827057,
          0.605352879,
          0.441638768
        ],
        "Name": "color1",
        "LocalCFrame": {
          "position": [
            0.010589,
            -0.663852,
            -2.40567
          ],
          "rotation": [
            -1,
            -0.000015,
            -0.000051,
            -0.000049,
            0.634223,
            0.773152,
            0.000021,
            0.773152,
            -0.634223
          ]
        }
      }
    },
    {
      "id": "RBX80AD7DDC3F2B4A2EAB489E9ACB5E5715",
      "parent": "RBX0D651E518AD042B8B7EF300676D984A2",
      "class": "UnionOperation",
      "name": "color5",
      "properties": {
        "UsePartColor": true,
        "Anchored": false,
        "CanCollide": false,
        "CanQuery": true,
        "CanTouch": true,
        "Color3uint8": [
          0.972549,
          0.972549,
          0.972549
        ],
        "Massless": false,
        "Material": 272,
        "PivotOffset": {
          "position": [
            0,
            0,
            0
          ],
          "rotation": [
            1,
            0,
            0,
            0,
            1,
            0,
            0,
            0,
            1
          ]
        },
        "Reflectance": 0,
        "Transparency": 0,
        "size": [
          0.31238988,
          2.16273379,
          0.880132437
        ],
        "Name": "color5",
        "LocalCFrame": {
          "position": [
            0.003052,
            -0.994454,
            -1.499275
          ],
          "rotation": [
            -1,
            0.000034,
            -0.000038,
            -0.000047,
            -0.316835,
            0.948482,
            0.00002,
            0.948482,
            0.316835
          ]
        }
      }
    },
    {
      "id": "RBX32062ACE254D4B9F8C19B572980C7860",
      "parent": "RBX0D651E518AD042B8B7EF300676D984A2",
      "class": "UnionOperation",
      "name": "color5",
      "properties": {
        "UsePartColor": true,
        "Anchored": false,
        "CanCollide": false,
        "CanQuery": true,
        "CanTouch": true,
        "Color3uint8": [
          0.972549,
          0.972549,
          0.972549
        ],
        "Massless": false,
        "Material": 272,
        "PivotOffset": {
          "position": [
            0,
            0,
            0
          ],
          "rotation": [
            1,
            0,
            0,
            0,
            1,
            0,
            0,
            0,
            1
          ]
        },
        "Reflectance": 0,
        "Transparency": 0,
        "size": [
          0.737778842,
          2.51900864,
          0.795578241
        ],
        "Name": "color5",
        "LocalCFrame": {
          "position": [
            0.002869,
            -0.94935,
            -1.343499
          ],
          "rotation": [
            -1,
            0.000023,
            -0.000047,
            -0.000047,
            -0.034779,
            0.999396,
            0.000022,
            0.999396,
            0.034779
          ]
        }
      }
    },
    {
      "id": "RBXBEFE415667D84334BD556C594B86AAD9",
      "parent": "RBX32062ACE254D4B9F8C19B572980C7860",
      "class": "Motor6D",
      "name": "urethra",
      "properties": {
        "C0": {
          "position": [
            -0.000196949331,
            -0.154112861,
            -0.0504944213
          ],
          "rotation": [
            1,
            0.00000136332346,
            -3.03055458e-7,
            -0.00000122116944,
            0.95892626,
            0.283655882,
            6.73657382e-7,
            -0.283655852,
            0.95892626
          ]
        },
        "C1": {
          "position": [
            0,
            0,
            0
          ],
          "rotation": [
            1,
            0,
            0,
            0,
            1,
            0,
            0,
            0,
            1
          ]
        },
        "Enabled": true,
        "Part0": "RBX32062ACE254D4B9F8C19B572980C7860",
        "Part1": "RBX80AD7DDC3F2B4A2EAB489E9ACB5E5715",
        "Name": "urethra"
      }
    },
    {
      "id": "RBXA93F5C4ABE7E4706BC9D29055D69488F",
      "parent": "RBX32062ACE254D4B9F8C19B572980C7860",
      "class": "Motor6D",
      "name": "tip",
      "properties": {
        "C0": {
          "position": [
            -0.00775487954,
            -1.07145357,
            0.248383895
          ],
          "rotation": [
            1,
            0.00000207558151,
            9.18792466e-7,
            -9.50723916e-7,
            0.75062573,
            -0.660727739,
            -0.00000206473169,
            0.66072768,
            0.75062573
          ]
        },
        "C1": {
          "position": [
            0,
            0,
            0
          ],
          "rotation": [
            1,
            0,
            0,
            0,
            1,
            0,
            0,
            0,
            1
          ]
        },
        "Enabled": true,
        "Part0": "RBX32062ACE254D4B9F8C19B572980C7860",
        "Part1": "RBX8D45DF5521B14D1C953CEA0EAFF8FC2E",
        "Name": "tip"
      }
    },
    {
      "id": "RBX96D44A40133D45DCAF7554D60A450EB0",
      "parent": "RBX32062ACE254D4B9F8C19B572980C7860",
      "class": "Motor6D",
      "name": "Union",
      "properties": {
        "C0": {
          "position": [
            -0.267580271,
            -0.505913615,
            0.0474017076
          ],
          "rotation": [
            -0.303783685,
            0.31418559,
            0.899445951,
            0.616900623,
            0.784308553,
            -0.0656115264,
            -0.726053238,
            0.534935832,
            -0.432079792
          ]
        },
        "C1": {
          "position": [
            0,
            0,
            0
          ],
          "rotation": [
            1,
            0,
            0,
            0,
            1,
            0,
            0,
            0,
            1
          ]
        },
        "Enabled": true,
        "Part0": "RBX32062ACE254D4B9F8C19B572980C7860",
        "Part1": "RBX5DC2AD6ADB0B4EC380451F89B1516688",
        "Name": "Union"
      }
    },
    {
      "id": "RBX41EFFE36DA404FD1BAE9A3E7AEF3EC9C",
      "parent": "RBX32062ACE254D4B9F8C19B572980C7860",
      "class": "Motor6D",
      "name": "Union",
      "properties": {
        "C0": {
          "position": [
            0.241459891,
            -0.433633208,
            -0.160309061
          ],
          "rotation": [
            -0.948945522,
            0.0343185924,
            -0.313567549,
            -0.0548634455,
            0.960956752,
            0.271205038,
            0.310632259,
            0.27456221,
            -0.910012782
          ]
        },
        "C1": {
          "position": [
            0,
            0,
            0
          ],
          "rotation": [
            1,
            0,
            0,
            0,
            1,
            0,
            0,
            0,
            1
          ]
        },
        "Enabled": true,
        "Part0": "RBX32062ACE254D4B9F8C19B572980C7860",
        "Part1": "RBX025530EB7C8E4E758FB78C3CA4C09786",
        "Name": "Union"
      }
    },
    {
      "id": "RBX16B7688C43FF4BA597A6CBF3FC59F4CC",
      "parent": "RBX32062ACE254D4B9F8C19B572980C7860",
      "class": "Motor6D",
      "name": "Union",
      "properties": {
        "C0": {
          "position": [
            0.18449229,
            0.313247919,
            -0.144700825
          ],
          "rotation": [
            -0.685698569,
            -0.46371761,
            -0.561055541,
            -0.376358211,
            0.885640562,
            -0.272020817,
            0.623034537,
            0.0246336069,
            -0.781806469
          ]
        },
        "C1": {
          "position": [
            0,
            0,
            0
          ],
          "rotation": [
            1,
            0,
            0,
            0,
            1,
            0,
            0,
            0,
            1
          ]
        },
        "Enabled": true,
        "Part0": "RBX32062ACE254D4B9F8C19B572980C7860",
        "Part1": "RBX8A0779140280448BA1B50AB5F765D6C6",
        "Name": "Union"
      }
    },
    {
      "id": "RBXEEC9667B78904CDD907190E95C4C2EFD",
      "parent": "RBX32062ACE254D4B9F8C19B572980C7860",
      "class": "Motor6D",
      "name": "Union",
      "properties": {
        "C0": {
          "position": [
            -0.250642657,
            -0.250962675,
            0.0209227912
          ],
          "rotation": [
            -0.0178767499,
            -0.24951078,
            0.968206942,
            0.961916268,
            0.259879798,
            0.0847326368,
            -0.27275908,
            0.93284893,
            0.235362619
          ]
        },
        "C1": {
          "position": [
            0,
            0,
            0
          ],
          "rotation": [
            1,
            0,
            0,
            0,
            1,
            0,
            0,
            0,
            1
          ]
        },
        "Enabled": true,
        "Part0": "RBX32062ACE254D4B9F8C19B572980C7860",
        "Part1": "RBXE4F952D6FFF7442897A6E99FA664D649",
        "Name": "Union"
      }
    },
    {
      "id": "RBX6F372C2962A543D985026B101BC0E18D",
      "parent": "RBX32062ACE254D4B9F8C19B572980C7860",
      "class": "Motor6D",
      "name": "Union",
      "properties": {
        "C0": {
          "position": [
            -0.0764409527,
            0.428955615,
            0.313378662
          ],
          "rotation": [
            -0.922334492,
            0.267795175,
            -0.278540492,
            0.216982558,
            0.955448329,
            0.200092822,
            0.319714934,
            0.124114089,
            -0.93934989
          ]
        },
        "C1": {
          "position": [
            0,
            0,
            0
          ],
          "rotation": [
            1,
            0,
            0,
            0,
            1,
            0,
            0,
            0,
            1
          ]
        },
        "Enabled": true,
        "Part0": "RBX32062ACE254D4B9F8C19B572980C7860",
        "Part1": "RBX4927ECA8EB50497F834D509DF9D9203B",
        "Name": "Union"
      }
    },
    {
      "id": "RBX69F66806958C447D9F2284D6CBB460DD",
      "parent": "RBX32062ACE254D4B9F8C19B572980C7860",
      "class": "Motor6D",
      "name": "Union",
      "properties": {
        "C0": {
          "position": [
            0.25682196,
            -0.616254449,
            -0.16618368
          ],
          "rotation": [
            -0.964953959,
            -0.185506433,
            -0.185611039,
            0.040298935,
            0.594166815,
            -0.803338349,
            0.259307563,
            -0.782660186,
            -0.565866709
          ]
        },
        "C1": {
          "position": [
            0,
            0,
            0
          ],
          "rotation": [
            1,
            0,
            0,
            0,
            1,
            0,
            0,
            0,
            1
          ]
        },
        "Enabled": true,
        "Part0": "RBX32062ACE254D4B9F8C19B572980C7860",
        "Part1": "RBX556B728E624F43688195584E3CA4A75B",
        "Name": "Union"
      }
    }
  ]
}
