{
  "format": "overlay_json_v1",
  "kind": "morph_bundle",
  "version": 1,
  "asset_id": "morph_2769-bbc",
  "name": "BBC",
  "source_file": "2769-bbc.rbxmx",
  "anchor": "HumanoidRootPart",
  "anchor_candidates": [
    "HumanoidRootPart",
    "UpperTorso",
    "Torso",
    "Head"
  ],
  "jiggle": false,
  "root_cframe": {
    "position": [
      -7622.49316,
      30752.7285,
      717.742798
    ],
    "rotation": [
      1.74622961e-9,
      1.49012713e-8,
      1,
      -7.56699481e-10,
      1,
      -1.49012713e-8,
      -1,
      -7.56699481e-10,
      1.74622961e-9
    ]
  },
  "class_counts": {
    "Folder": 1,
    "Model": 3,
    "Part": 4,
    "UnionOperation": 12,
    "SpecialMesh": 1,
    "ParticleEmitter": 1,
    "Motor6D": 8
  },
  "nodes": [
    {
      "id": "RBX8724F38256344843A5B7B42AEC1C83D6",
      "parent": null,
      "class": "Folder",
      "name": "BBC",
      "properties": {
        "Name": "BBC"
      }
    },
    {
      "id": "RBXE4D135BCE389489FBB634C5E59D9786A",
      "parent": "RBX8724F38256344843A5B7B42AEC1C83D6",
      "class": "Model",
      "name": "Orbs",
      "properties": {
        "PrimaryPart": null,
        "Name": "Orbs"
      }
    },
    {
      "id": "RBXE371216A2EC34819A7B752B9A3093854",
      "parent": "RBXE4D135BCE389489FBB634C5E59D9786A",
      "class": "Part",
      "name": "Middle",
      "properties": {
        "shape": 1,
        "Anchored": true,
        "CanCollide": false,
        "CanQuery": true,
        "CanTouch": true,
        "Color3uint8": [
          1,
          0,
          0
        ],
        "Massless": false,
        "Material": 256,
        "PivotOffset": {
          "position": [
            0,
            0,
            0
          ],
          "rotation": [
            1,
            0,
            0,
            0,
            1,
            0,
            0,
            0,
            1
          ]
        },
        "Reflectance": 0,
        "Transparency": 0,
        "size": [
          0.200000003,
          0.200000003,
          0.200000003
        ],
        "Name": "Middle",
        "LocalCFrame": {
          "position": [
            0,
            0,
            0
          ],
          "rotation": [
            1,
            0,
            0,
            0,
            1,
            0,
            0,
            0,
            1
          ]
        }
      }
    },
    {
      "id": "RBXB174DBEC863C4051B2EA4764C226DA09",
      "parent": "RBXE4D135BCE389489FBB634C5E59D9786A",
      "class": "UnionOperation",
      "name": "color5",
      "properties": {
        "UsePartColor": true,
        "Anchored": false,
        "CanCollide": true,
        "CanQuery": true,
        "CanTouch": true,
        "Color3uint8": [
          0.972549,
          0.972549,
          0.972549
        ],
        "Massless": false,
        "Material": 272,
        "PivotOffset": {
          "position": [
            0,
            0,
            0
          ],
          "rotation": [
            1,
            0,
            0,
            0,
            1,
            0,
            0,
            0,
            1
          ]
        },
        "Reflectance": 0,
        "Transparency": 0,
        "size": [
          0.934382975,
          0.48762092,
          0.819720864
        ],
        "Name": "color5",
        "LocalCFrame": {
          "position": [
            0.040039,
            -0.4023,
            0.01269
          ],
          "rotation": [
            -0.342878,
            -0.001166,
            0.939379,
            -0.939379,
            0.001416,
            -0.342877,
            -0.00093,
            -0.999998,
            -0.001581
          ]
        }
      }
    },
    {
      "id": "RBX10566A45D85843A5A8155E94DFBDE751",
      "parent": "RBX8724F38256344843A5B7B42AEC1C83D6",
      "class": "Model",
      "name": "LowerStaticA",
      "properties": {
        "PrimaryPart": "RBX290B9E49BD2E4ED390FEE303D3E38187",
        "Name": "LowerStaticA"
      }
    },
    {
      "id": "RBX290B9E49BD2E4ED390FEE303D3E38187",
      "parent": "RBX10566A45D85843A5A8155E94DFBDE751",
      "class": "Part",
      "name": "Middle",
      "properties": {
        "shape": 1,
        "Anchored": true,
        "CanCollide": false,
        "CanQuery": true,
        "CanTouch": true,
        "Color3uint8": [
          0.972549,
          0.972549,
          0.972549
        ],
        "Massless": false,
        "Material": 272,
        "PivotOffset": {
          "position": [
            0,
            0,
            0
          ],
          "rotation": [
            1,
            0,
            0,
            0,
            1,
            0,
            0,
            0,
            1
          ]
        },
        "Reflectance": 0,
        "Transparency": 0,
        "size": [
          2,
          2,
          1
        ],
        "Name": "Middle",
        "LocalCFrame": {
          "position": [
            0.000488,
            0.8535,
            0.5
          ],
          "rotation": [
            1,
            0,
            0,
            0,
            1,
            0,
            0,
            0,
            1
          ]
        }
      }
    },
    {
      "id": "RBX64C33476EE714BAF8026A87853EA1E1E",
      "parent": "RBX290B9E49BD2E4ED390FEE303D3E38187",
      "class": "SpecialMesh",
      "name": "Mesh",
      "properties": {
        "MeshType": 5,
        "MeshId": "rbxassetid://12221758",
        "TextureId": null,
        "Offset": [
          0,
          0,
          0
        ],
        "Scale": [
          1,
          1,
          1
        ],
        "VertexColor": [
          1,
          1,
          1
        ],
        "Name": "Mesh"
      }
    },
    {
      "id": "RBX831CF599F2144C7B81712697CCC394A9",
      "parent": "RBX8724F38256344843A5B7B42AEC1C83D6",
      "class": "Model",
      "name": "Rod",
      "properties": {
        "PrimaryPart": null,
        "Name": "Rod"
      }
    },
    {
      "id": "RBX49FDF55DCD6C4D2C8BBC999074E2EC5E",
      "parent": "RBX831CF599F2144C7B81712697CCC394A9",
      "class": "Part",
      "name": "Middle",
      "properties": {
        "shape": 1,
        "Anchored": true,
        "CanCollide": false,
        "CanQuery": true,
        "CanTouch": true,
        "Color3uint8": [
          1,
          0,
          0
        ],
        "Massless": false,
        "Material": 256,
        "PivotOffset": {
          "position": [
            0,
            0,
            0
          ],
          "rotation": [
            1,
            0,
            0,
            0,
            1,
            0,
            0,
            0,
            1
          ]
        },
        "Reflectance": 0,
        "Transparency": 0,
        "size": [
          0.20137006,
          0.20137006,
          0.20137006
        ],
        "Name": "Middle",
        "LocalCFrame": {
          "position": [
            0.00293,
            0.0313,
            -0.01416
          ],
          "rotation": [
            1,
            0,
            0,
            0,
            1,
            0.000038,
            -0.000005,
            -0.000038,
            1
          ]
        }
      }
    },
    {
      "id": "RBX78BBE4C8B4154D56A56DE63DA0D2A8D9",
      "parent": "RBX831CF599F2144C7B81712697CCC394A9",
      "class": "Part",
      "name": "Particle1",
      "properties": {
        "shape": 1,
        "Anchored": true,
        "CanCollide": true,
        "CanQuery": true,
        "CanTouch": true,
        "Color3uint8": [
          1,
          0.580392,
          0.580392
        ],
        "Massless": false,
        "Material": 272,
        "PivotOffset": {
          "position": [
            0,
            0,
            0
          ],
          "rotation": [
            1,
            0,
            0,
            0,
            1,
            0,
            0,
            0,
            1
          ]
        },
        "Reflectance": 0,
        "Transparency": 0,
        "size": [
          0.155455127,
          0.155455127,
          0.155455127
        ],
        "Name": "Particle1",
        "LocalCFrame": {
          "position": [
            0.00824,
            0.3965,
            -1.36573
          ],
          "rotation": [
            -0.999751,
            0.022197,
            0.002303,
            0.00367,
            0.265327,
            -0.964152,
            -0.022007,
            -0.963903,
            -0.265343
          ]
        }
      }
    },
    {
      "id": "RBXE0B531A2AFDC48A199F6BE08F8F4D4A6",
      "parent": "RBX78BBE4C8B4154D56A56DE63DA0D2A8D9",
      "class": "ParticleEmitter",
      "name": "Particles",
      "properties": {
        "Acceleration": [
          0,
          -15,
          0
        ],
        "Color": "0 1 1 1 0 1 1 1 1 0",
        "Drag": 0,
        "Enabled": false,
        "Lifetime": [
          1,
          1.5
        ],
        "LightEmission": 0,
        "LightInfluence": 1,
        "LockedToPart": false,
        "Rate": 25,
        "RotSpeed": [
          0,
          0
        ],
        "Rotation": [
          90,
          90
        ],
        "Size": "0 0.08 0 0.8 0.08 0 1 0 0",
        "Speed": [
          4,
          6
        ],
        "SpreadAngle": [
          10,
          10
        ],
        "Texture": "rbxassetid://3202767053",
        "TimeScale": 1,
        "Transparency": "0 0 0 0.9 0 0 1 1 0",
        "VelocityInheritance": 0,
        "ZOffset": 0,
        "Name": "Particles"
      }
    },
    {
      "id": "RBX07CC9140E32A4BE393E80A6C815C5F29",
      "parent": "RBX831CF599F2144C7B81712697CCC394A9",
      "class": "UnionOperation",
      "name": "color5",
      "properties": {
        "UsePartColor": true,
        "Anchored": false,
        "CanCollide": true,
        "CanQuery": true,
        "CanTouch": true,
        "Color3uint8": [
          0.972549,
          0.972549,
          0.972549
        ],
        "Massless": false,
        "Material": 272,
        "PivotOffset": {
          "position": [
            0,
            0,
            0
          ],
          "rotation": [
            1,
            0,
            0,
            0,
            1,
            0,
            0,
            0,
            1
          ]
        },
        "Reflectance": 0,
        "Transparency": 0,
        "size": [
          0.0672404617,
          0.74760133,
          0.094783783
        ],
        "Name": "color5",
        "LocalCFrame": {
          "position": [
            -0.126953,
            -0.1015,
            -0.26172
          ],
          "rotation": [
            0.666572,
            -0.173829,
            -0.72489,
            -0.719341,
            0.10507,
            -0.686666,
            0.195523,
            0.979156,
            -0.055002
          ]
        }
      }
    },
    {
      "id": "RBX050EF1B4BE8946C5AD5DFC3EA763CF92",
      "parent": "RBX831CF599F2144C7B81712697CCC394A9",
      "class": "UnionOperation",
      "name": "color5",
      "properties": {
        "UsePartColor": true,
        "Anchored": false,
        "CanCollide": true,
        "CanQuery": true,
        "CanTouch": true,
        "Color3uint8": [
          0.972549,
          0.972549,
          0.972549
        ],
        "Massless": false,
        "Material": 272,
        "PivotOffset": {
          "position": [
            0,
            0,
            0
          ],
          "rotation": [
            1,
            0,
            0,
            0,
            1,
            0,
            0,
            0,
            1
          ]
        },
        "Reflectance": 0,
        "Transparency": 0,
        "size": [
          0.101011865,
          0.4268713,
          0.0498303063
        ],
        "Name": "color5",
        "LocalCFrame": {
          "position": [
            0.056152,
            0.3184,
            -1.10401
          ],
          "rotation": [
            0.999438,
            -0.018992,
            -0.027642,
            -0.022939,
            0.214141,
            -0.976534,
            0.02446,
            0.976618,
            0.213585
          ]
        }
      }
    },
    {
      "id": "RBX89C84E0CAFBC46A582238A5A89F7B850",
      "parent": "RBX831CF599F2144C7B81712697CCC394A9",
      "class": "UnionOperation",
      "name": "color5",
      "properties": {
        "UsePartColor": true,
        "Anchored": false,
        "CanCollide": true,
        "CanQuery": true,
        "CanTouch": true,
        "Color3uint8": [
          0.972549,
          0.972549,
          0.972549
        ],
        "Massless": false,
        "Material": 272,
        "PivotOffset": {
          "position": [
            0,
            0,
            0
          ],
          "rotation": [
            1,
            0,
            0,
            0,
            1,
            0,
            0,
            0,
            1
          ]
        },
        "Reflectance": 0,
        "Transparency": 0,
        "size": [
          0.193128511,
          0.958393097,
          0.129691765
        ],
        "Name": "color5",
        "LocalCFrame": {
          "position": [
            0.064392,
            0.211,
            -0.25977
          ],
          "rotation": [
            0.922327,
            -0.267771,
            0.278588,
            0.267695,
            -0.077144,
            -0.960411,
            0.278656,
            0.960391,
            0.000527
          ]
        }
      }
    },
    {
      "id": "RBXB8901B54828A4B569E657ED8F0EDEE95",
      "parent": "RBX831CF599F2144C7B81712697CCC394A9",
      "class": "UnionOperation",
      "name": "color5",
      "properties": {
        "UsePartColor": true,
        "Anchored": false,
        "CanCollide": true,
        "CanQuery": true,
        "CanTouch": true,
        "Color3uint8": [
          0.972549,
          0.972549,
          0.972549
        ],
        "Massless": false,
        "Material": 272,
        "PivotOffset": {
          "position": [
            0,
            0,
            0
          ],
          "rotation": [
            1,
            0,
            0,
            0,
            1,
            0,
            0,
            0,
            1
          ]
        },
        "Reflectance": 0,
        "Transparency": 0,
        "size": [
          0.159674957,
          0.414373487,
          0.159429312
        ],
        "Name": "color5",
        "LocalCFrame": {
          "position": [
            0.210632,
            0.1602,
            -1.00196
          ],
          "rotation": [
            0.303835,
            -0.314184,
            -0.899429,
            -0.838377,
            0.360271,
            -0.409058,
            0.452557,
            0.878347,
            -0.153942
          ]
        }
      }
    },
    {
      "id": "RBXE3CC9E07C9814EC29A98FEB2A501861A",
      "parent": "RBX831CF599F2144C7B81712697CCC394A9",
      "class": "UnionOperation",
      "name": "color5",
      "properties": {
        "UsePartColor": true,
        "Anchored": false,
        "CanCollide": true,
        "CanQuery": true,
        "CanTouch": true,
        "Color3uint8": [
          0.972549,
          0.972549,
          0.972549
        ],
        "Massless": false,
        "Material": 272,
        "PivotOffset": {
          "position": [
            0,
            0,
            0
          ],
          "rotation": [
            1,
            0,
            0,
            0,
            1,
            0,
            0,
            0,
            1
          ]
        },
        "Reflectance": 0,
        "Transparency": 0,
        "size": [
          0.231794223,
          0.372422874,
          0.230792791
        ],
        "Name": "color5",
        "LocalCFrame": {
          "position": [
            0.197693,
            0.0996,
            -0.81543
          ],
          "rotation": [
            0.017919,
            0.249478,
            -0.968215,
            -0.466685,
            0.858499,
            0.21257,
            0.884243,
            0.448041,
            0.131816
          ]
        }
      }
    },
    {
      "id": "RBX9E38019BACD349D6B612E79196630E1A",
      "parent": "RBX831CF599F2144C7B81712697CCC394A9",
      "class": "UnionOperation",
      "name": "color5",
      "properties": {
        "UsePartColor": true,
        "Anchored": false,
        "CanCollide": true,
        "CanQuery": true,
        "CanTouch": true,
        "Color3uint8": [
          0.972549,
          0.972549,
          0.972549
        ],
        "Massless": false,
        "Material": 272,
        "PivotOffset": {
          "position": [
            0,
            0,
            0
          ],
          "rotation": [
            1,
            0,
            0,
            0,
            1,
            0,
            0,
            0,
            1
          ]
        },
        "Reflectance": 0,
        "Transparency": 0,
        "size": [
          0.209427893,
          0.871791184,
          0.223462313
        ],
        "Name": "color5",
        "LocalCFrame": {
          "position": [
            -0.135315,
            -0.1133,
            -0.41944
          ],
          "rotation": [
            0.685659,
            0.463744,
            0.561081,
            0.687675,
            -0.159912,
            -0.70819,
            -0.238699,
            0.871416,
            -0.428553
          ]
        }
      }
    },
    {
      "id": "RBX26ED8476845341EDAEC470587CB16309",
      "parent": "RBX831CF599F2144C7B81712697CCC394A9",
      "class": "UnionOperation",
      "name": "color5",
      "properties": {
        "UsePartColor": true,
        "Anchored": false,
        "CanCollide": true,
        "CanQuery": true,
        "CanTouch": true,
        "Color3uint8": [
          0.972549,
          0.972549,
          0.972549
        ],
        "Massless": false,
        "Material": 272,
        "PivotOffset": {
          "position": [
            0,
            0,
            0
          ],
          "rotation": [
            1,
            0,
            0,
            0,
            1,
            0,
            0,
            0,
            1
          ]
        },
        "Reflectance": 0,
        "Transparency": 0,
        "size": [
          0.09340287,
          0.336072564,
          0.297804117
        ],
        "Name": "color5",
        "LocalCFrame": {
          "position": [
            -0.190735,
            0.0176,
            -1.11866
          ],
          "rotation": [
            0.964944,
            0.185562,
            0.185607,
            0.245322,
            -0.88903,
            -0.386579,
            0.093276,
            0.418561,
            -0.903386
          ]
        }
      }
    },
    {
      "id": "RBX18E16E14766E4D80886B51263B56324B",
      "parent": "RBX831CF599F2144C7B81712697CCC394A9",
      "class": "UnionOperation",
      "name": "color5",
      "properties": {
        "UsePartColor": true,
        "Anchored": false,
        "CanCollide": true,
        "CanQuery": true,
        "CanTouch": true,
        "Color3uint8": [
          0.972549,
          0.972549,
          0.972549
        ],
        "Massless": false,
        "Material": 272,
        "PivotOffset": {
          "position": [
            0,
            0,
            0
          ],
          "rotation": [
            1,
            0,
            0,
            0,
            1,
            0,
            0,
            0,
            1
          ]
        },
        "Reflectance": 0,
        "Transparency": 0,
        "size": [
          0.157960832,
          0.723692298,
          0.23527348
        ],
        "Name": "color5",
        "LocalCFrame": {
          "position": [
            -0.178955,
            -0.0058,
            -0.98096
          ],
          "rotation": [
            0.94893,
            -0.0343,
            0.313616,
            0.3153,
            0.068887,
            -0.946489,
            0.010856,
            0.997035,
            0.076182
          ]
        }
      }
    },
    {
      "id": "RBX326F1451C3B74B1FA23FE50EB577CC4A",
      "parent": "RBX831CF599F2144C7B81712697CCC394A9",
      "class": "UnionOperation",
      "name": "color1",
      "properties": {
        "UsePartColor": true,
        "Anchored": false,
        "CanCollide": true,
        "CanQuery": true,
        "CanTouch": true,
        "Color3uint8": [
          0.972549,
          0.972549,
          0.972549
        ],
        "Massless": false,
        "Material": 272,
        "PivotOffset": {
          "position": [
            0,
            0,
            0
          ],
          "rotation": [
            1,
            0,
            0,
            0,
            1,
            0,
            0,
            0,
            1
          ]
        },
        "Reflectance": 0,
        "Transparency": 0,
        "size": [
          0.444578707,
          0.463351339,
          0.338040709
        ],
        "Name": "color1",
        "LocalCFrame": {
          "position": [
            0.01178,
            0.4004,
            -1.39356
          ],
          "rotation": [
            -1,
            -0.000008,
            -0.000055,
            -0.000052,
            0.490331,
            0.871537,
            0.000026,
            0.871537,
            -0.490331
          ]
        }
      }
    },
    {
      "id": "RBX67A9FE6B48054575A4D47165C16AE787",
      "parent": "RBX831CF599F2144C7B81712697CCC394A9",
      "class": "UnionOperation",
      "name": "color5",
      "properties": {
        "UsePartColor": true,
        "Anchored": false,
        "CanCollide": true,
        "CanQuery": true,
        "CanTouch": true,
        "Color3uint8": [
          0.972549,
          0.972549,
          0.972549
        ],
        "Massless": false,
        "Material": 272,
        "PivotOffset": {
          "position": [
            0,
            0,
            0
          ],
          "rotation": [
            1,
            0,
            0,
            0,
            1,
            0,
            0,
            0,
            1
          ]
        },
        "Reflectance": 0,
        "Transparency": 0,
        "size": [
          0.239110559,
          1.65540743,
          0.673674107
        ],
        "Name": "color5",
        "LocalCFrame": {
          "position": [
            0.005982,
            0.0313,
            -0.7544
          ],
          "rotation": [
            -1,
            0.000041,
            -0.000033,
            -0.000049,
            -0.476723,
            0.879054,
            0.000026,
            0.879054,
            0.476723
          ]
        }
      }
    },
    {
      "id": "RBXCE186764754F443E9036C28BC3456134",
      "parent": "RBX831CF599F2144C7B81712697CCC394A9",
      "class": "UnionOperation",
      "name": "color5",
      "properties": {
        "UsePartColor": true,
        "Anchored": false,
        "CanCollide": true,
        "CanQuery": true,
        "CanTouch": true,
        "Color3uint8": [
          0.972549,
          0.972549,
          0.972549
        ],
        "Massless": false,
        "Material": 272,
        "PivotOffset": {
          "position": [
            0,
            0,
            0
          ],
          "rotation": [
            1,
            0,
            0,
            0,
            1,
            0,
            0,
            0,
            1
          ]
        },
        "Reflectance": 0,
        "Transparency": 0,
        "size": [
          0.564713299,
          1.92810857,
          0.60895431
        ],
        "Name": "color5",
        "LocalCFrame": {
          "position": [
            0.00586,
            0.0449,
            -0.63086
          ],
          "rotation": [
            -1,
            0.000031,
            -0.000044,
            -0.00005,
            -0.207794,
            0.978173,
            0.000027,
            0.978173,
            0.207794
          ]
        }
      }
    },
    {
      "id": "RBX5DCC2D444C6E4C338DA9C0FC2D9290BF",
      "parent": "RBXCE186764754F443E9036C28BC3456134",
      "class": "Motor6D",
      "name": "urethra",
      "properties": {
        "C0": {
          "position": [
            -0.000150749649,
            -0.117961615,
            -0.0386496186
          ],
          "rotation": [
            1,
            0.00000136332346,
            -3.03055458e-7,
            -0.00000122116944,
            0.95892626,
            0.283655882,
            6.73657382e-7,
            -0.283655852,
            0.95892626
          ]
        },
        "C1": {
          "position": [
            0,
            0,
            0
          ],
          "rotation": [
            1,
            0,
            0,
            0,
            1,
            0,
            0,
            0,
            1
          ]
        },
        "Enabled": true,
        "Part0": "RBXCE186764754F443E9036C28BC3456134",
        "Part1": "RBX67A9FE6B48054575A4D47165C16AE787",
        "Name": "urethra"
      }
    },
    {
      "id": "RBXA059D52D2941453F9F46928A006F18B9",
      "parent": "RBXCE186764754F443E9036C28BC3456134",
      "class": "Motor6D",
      "name": "tip",
      "properties": {
        "C0": {
          "position": [
            -0.0059357672,
            -0.820115805,
            0.190118879
          ],
          "rotation": [
            1,
            0.00000207558151,
            9.18792466e-7,
            -9.50723916e-7,
            0.75062573,
            -0.660727739,
            -0.00000206473169,
            0.66072768,
            0.75062573
          ]
        },
        "C1": {
          "position": [
            0,
            0,
            0
          ],
          "rotation": [
            1,
            0,
            0,
            0,
            1,
            0,
            0,
            0,
            1
          ]
        },
        "Enabled": true,
        "Part0": "RBXCE186764754F443E9036C28BC3456134",
        "Part1": "RBX326F1451C3B74B1FA23FE50EB577CC4A",
        "Name": "tip"
      }
    },
    {
      "id": "RBX6A170A8E72C74DB395F0D8263B4281EE",
      "parent": "RBXCE186764754F443E9036C28BC3456134",
      "class": "Motor6D",
      "name": "Union",
      "properties": {
        "C0": {
          "position": [
            -0.204812229,
            -0.387238175,
            0.0362823829
          ],
          "rotation": [
            -0.303783685,
            0.31418559,
            0.899445951,
            0.616900623,
            0.784308553,
            -0.0656115264,
            -0.726053238,
            0.534935832,
            -0.432079792
          ]
        },
        "C1": {
          "position": [
            0,
            0,
            0
          ],
          "rotation": [
            1,
            0,
            0,
            0,
            1,
            0,
            0,
            0,
            1
          ]
        },
        "Enabled": true,
        "Part0": "RBXCE186764754F443E9036C28BC3456134",
        "Part1": "RBXB8901B54828A4B569E657ED8F0EDEE95",
        "Name": "Union"
      }
    },
    {
      "id": "RBX2FBE4B1AF3D54F74B1D844EB376D854B",
      "parent": "RBXCE186764754F443E9036C28BC3456134",
      "class": "Motor6D",
      "name": "Union",
      "properties": {
        "C0": {
          "position": [
            0.184819087,
            -0.331913054,
            -0.122704335
          ],
          "rotation": [
            -0.948945522,
            0.0343185924,
            -0.313567549,
            -0.0548634455,
            0.960956752,
            0.271205038,
            0.310632259,
            0.27456221,
            -0.910012782
          ]
        },
        "C1": {
          "position": [
            0,
            0,
            0
          ],
          "rotation": [
            1,
            0,
            0,
            0,
            1,
            0,
            0,
            0,
            1
          ]
        },
        "Enabled": true,
        "Part0": "RBXCE186764754F443E9036C28BC3456134",
        "Part1": "RBX18E16E14766E4D80886B51263B56324B",
        "Name": "Union"
      }
    },
    {
      "id": "RBX14B266186F024923A391A72C99747E76",
      "parent": "RBXCE186764754F443E9036C28BC3456134",
      "class": "Motor6D",
      "name": "Union",
      "properties": {
        "C0": {
          "position": [
            0.141214743,
            0.239767328,
            -0.110757418
          ],
          "rotation": [
            -0.685698569,
            -0.46371761,
            -0.561055541,
            -0.376358211,
            0.885640562,
            -0.272020817,
            0.623034537,
            0.0246336069,
            -0.781806469
          ]
        },
        "C1": {
          "position": [
            0,
            0,
            0
          ],
          "rotation": [
            1,
            0,
            0,
            0,
            1,
            0,
            0,
            0,
            1
          ]
        },
        "Enabled": true,
        "Part0": "RBXCE186764754F443E9036C28BC3456134",
        "Part1": "RBX9E38019BACD349D6B612E79196630E1A",
        "Name": "Union"
      }
    },
    {
      "id": "RBX2D37105774EB401F892BA04A08B8F353",
      "parent": "RBXCE186764754F443E9036C28BC3456134",
      "class": "Motor6D",
      "name": "Union",
      "properties": {
        "C0": {
          "position": [
            -0.191847801,
            -0.192092732,
            0.0160147976
          ],
          "rotation": [
            -0.0178767499,
            -0.24951078,
            0.968206942,
            0.961916268,
            0.259879798,
            0.0847326368,
            -0.27275908,
            0.93284893,
            0.235362619
          ]
        },
        "C1": {
          "position": [
            0,
            0,
            0
          ],
          "rotation": [
            1,
            0,
            0,
            0,
            1,
            0,
            0,
            0,
            1
          ]
        },
        "Enabled": true,
        "Part0": "RBXCE186764754F443E9036C28BC3456134",
        "Part1": "RBXE3CC9E07C9814EC29A98FEB2A501861A",
        "Name": "Union"
      }
    },
    {
      "id": "RBX14D2CD4888CD424BACB6DC3F710065BB",
      "parent": "RBXCE186764754F443E9036C28BC3456134",
      "class": "Motor6D",
      "name": "Union",
      "properties": {
        "C0": {
          "position": [
            -0.0585097075,
            0.328332722,
            0.239867404
          ],
          "rotation": [
            -0.922334492,
            0.267795175,
            -0.278540492,
            0.216982558,
            0.955448329,
            0.200092822,
            0.319714934,
            0.124114089,
            -0.93934989
          ]
        },
        "C1": {
          "position": [
            0,
            0,
            0
          ],
          "rotation": [
            1,
            0,
            0,
            0,
            1,
            0,
            0,
            0,
            1
          ]
        },
        "Enabled": true,
        "Part0": "RBXCE186764754F443E9036C28BC3456134",
        "Part1": "RBX89C84E0CAFBC46A582238A5A89F7B850",
        "Name": "Union"
      }
    },
    {
      "id": "RBX244B7794E69C412787450C6BD826DD2A",
      "parent": "RBXCE186764754F443E9036C28BC3456134",
      "class": "Motor6D",
      "name": "Union",
      "properties": {
        "C0": {
          "position": [
            0.196577579,
            -0.471695662,
            -0.127200902
          ],
          "rotation": [
            -0.964953959,
            -0.185506433,
            -0.185611039,
            0.040298935,
            0.594166815,
            -0.803338349,
            0.259307563,
            -0.782660186,
            -0.565866709
          ]
        },
        "C1": {
          "position": [
            0,
            0,
            0
          ],
          "rotation": [
            1,
            0,
            0,
            0,
            1,
            0,
            0,
            0,
            1
          ]
        },
        "Enabled": true,
        "Part0": "RBXCE186764754F443E9036C28BC3456134",
        "Part1": "RBX26ED8476845341EDAEC470587CB16309",
        "Name": "Union"
      }
    }
  ]
}
