{
  "format": "overlay_json_v1",
  "kind": "morph_bundle",
  "version": 1,
  "asset_id": "morph_3193-boobs-v5",
  "name": "Boobs v5",
  "source_file": "3193-boobs-v5.rbxmx",
  "anchor": "UpperTorso",
  "anchor_candidates": [
    "UpperTorso",
    "Torso",
    "HumanoidRootPart",
    "Head"
  ],
  "jiggle": true,
  "root_cframe": {
    "position": [
      -7571.1626,
      427.564606,
      -7881.0415
    ],
    "rotation": [
      0.987108529,
      4.65661287e-8,
      0.160054699,
      -3.35276127e-8,
      0.99999994,
      2.98023224e-8,
      -0.160054699,
      7.4505806e-9,
      0.987108529
    ]
  },
  "class_counts": {
    "Folder": 1,
    "Model": 3,
    "Part": 5,
    "SpecialMesh": 3,
    "Weld": 13,
    "UnionOperation": 6,
    "Highlight": 3,
    "ParticleEmitter": 2,
    "MeshPart": 2,
    "SurfaceAppearance": 2
  },
  "nodes": [
    {
      "id": "RBXB75CB9264CD04D8A9BDC94418E539B03",
      "parent": null,
      "class": "Folder",
      "name": "Boobs v5",
      "properties": {
        "Name": "Boobs v5"
      }
    },
    {
      "id": "RBXDB62E1F731BC4C938BB55139DE480DF6",
      "parent": "RBXB75CB9264CD04D8A9BDC94418E539B03",
      "class": "Model",
      "name": "UpperL",
      "properties": {
        "PrimaryPart": "RBX0E9DDCE5856B4E118DEF2E4765FC663B",
        "Name": "UpperL"
      }
    },
    {
      "id": "RBX0E9DDCE5856B4E118DEF2E4765FC663B",
      "parent": "RBXDB62E1F731BC4C938BB55139DE480DF6",
      "class": "Part",
      "name": "Middle",
      "properties": {
        "shape": 1,
        "Anchored": false,
        "CanCollide": false,
        "CanQuery": true,
        "CanTouch": true,
        "Color3uint8": [
          1,
          0,
          0
        ],
        "Massless": false,
        "Material": 256,
        "PivotOffset": {
          "position": [
            0,
            0,
            0
          ],
          "rotation": [
            1,
            0,
            0,
            0,
            1,
            0,
            0,
            0,
            1
          ]
        },
        "Reflectance": 0,
        "Transparency": 1,
        "size": [
          0.200000003,
          0.200000003,
          0.200000003
        ],
        "Name": "Middle",
        "LocalCFrame": {
          "position": [
            0,
            0,
            0
          ],
          "rotation": [
            1.000001,
            0,
            0,
            0,
            1,
            0,
            0,
            0,
            1.000001
          ]
        }
      }
    },
    {
      "id": "RBXFC2F4157806D4E55BB179F87E9D194C1",
      "parent": "RBX0E9DDCE5856B4E118DEF2E4765FC663B",
      "class": "SpecialMesh",
      "name": "Mesh",
      "properties": {
        "MeshType": 6,
        "MeshId": null,
        "TextureId": null,
        "Offset": [
          0,
          0,
          0
        ],
        "Scale": [
          0,
          0,
          0
        ],
        "VertexColor": [
          1,
          1,
          1
        ],
        "Name": "Mesh"
      }
    },
    {
      "id": "RBX699B1AC33F5748CFAD6085550258D2B4",
      "parent": "RBX0E9DDCE5856B4E118DEF2E4765FC663B",
      "class": "Weld",
      "name": "Weld",
      "properties": {
        "C0": {
          "position": [
            0,
            0,
            0
          ],
          "rotation": [
            1,
            0,
            0,
            0,
            1,
            0,
            0,
            0,
            1
          ]
        },
        "C1": {
          "position": [
            0,
            0,
            0
          ],
          "rotation": [
            1,
            0,
            0,
            0,
            1,
            0,
            0,
            0,
            1
          ]
        },
        "Enabled": true,
        "Part0": "RBX0E9DDCE5856B4E118DEF2E4765FC663B",
        "Part1": "RBX0E9DDCE5856B4E118DEF2E4765FC663B",
        "Name": "Weld"
      }
    },
    {
      "id": "RBXF26F71E1568046739009FE9FF05760F4",
      "parent": "RBX0E9DDCE5856B4E118DEF2E4765FC663B",
      "class": "Weld",
      "name": "Weld",
      "properties": {
        "C0": {
          "position": [
            0,
            0,
            0
          ],
          "rotation": [
            1,
            0,
            0,
            0,
            1,
            0,
            0,
            0,
            1
          ]
        },
        "C1": {
          "position": [
            0.0478744507,
            0.935821533,
            0.991203308
          ],
          "rotation": [
            0.896996915,
            0.0433580801,
            -0.439905256,
            -0.0444107056,
            0.998982072,
            0.00790551491,
            0.439800233,
            0.0124452785,
            0.898009419
          ]
        },
        "Enabled": true,
        "Part0": "RBX0E9DDCE5856B4E118DEF2E4765FC663B",
        "Part1": "RBXF93F4BCE83134907A6B269DC583D792B",
        "Name": "Weld"
      }
    },
    {
      "id": "RBX7D973762EC7D40E1A2780BE7F9A965A1",
      "parent": "RBX0E9DDCE5856B4E118DEF2E4765FC663B",
      "class": "Weld",
      "name": "Weld",
      "properties": {
        "C0": {
          "position": [
            0,
            0,
            0
          ],
          "rotation": [
            1,
            0,
            0,
            0,
            1,
            0,
            0,
            0,
            1
          ]
        },
        "C1": {
          "position": [
            0.0478591919,
            0.991203308,
            -1.07070923
          ],
          "rotation": [
            0.896974504,
            0.0433350503,
            -0.439953208,
            0.439846277,
            0.0124850869,
            0.897986293,
            0.0444071144,
            -0.998982549,
            -0.00786197186
          ]
        },
        "Enabled": true,
        "Part0": "RBX0E9DDCE5856B4E118DEF2E4765FC663B",
        "Part1": "RBXF94ED48DDE9A4769AE061F7D295A0F9C",
        "Name": "Weld"
      }
    },
    {
      "id": "RBXBED7B71F7F4A4A0A9CED3FACF2CB9213",
      "parent": "RBX0E9DDCE5856B4E118DEF2E4765FC663B",
      "class": "Weld",
      "name": "Weld",
      "properties": {
        "C0": {
          "position": [
            0,
            0,
            0
          ],
          "rotation": [
            1,
            0,
            0,
            0,
            1,
            0,
            0,
            0,
            1
          ]
        },
        "C1": {
          "position": [
            -0.158493042,
            0.669799805,
            -0.379076004
          ],
          "rotation": [
            -0.98440659,
            -0.022754252,
            0.174431235,
            -0.0370403677,
            0.996179223,
            -0.0790882632,
            -0.171965182,
            -0.0843159929,
            -0.981488228
          ]
        },
        "Enabled": true,
        "Part0": "RBX0E9DDCE5856B4E118DEF2E4765FC663B",
        "Part1": "RBX82FF5FD1AB6B468C89B70CDE334EC65C",
        "Name": "Weld"
      }
    },
    {
      "id": "RBXE88A4A308E1B46F1984819205E2001DC",
      "parent": "RBX0E9DDCE5856B4E118DEF2E4765FC663B",
      "class": "Weld",
      "name": "Weld",
      "properties": {
        "C0": {
          "position": [
            0,
            0,
            0
          ],
          "rotation": [
            1,
            0,
            0,
            0,
            1,
            0,
            0,
            0,
            1
          ]
        },
        "C1": {
          "position": [
            0.0411148071,
            0.798828125,
            1.11386776
          ],
          "rotation": [
            0.943009079,
            -0.0796015337,
            -0.323105991,
            0.0229665712,
            0.984221041,
            -0.175446495,
            0.331973553,
            0.158027008,
            0.929957569
          ]
        },
        "Enabled": true,
        "Part0": "RBX0E9DDCE5856B4E118DEF2E4765FC663B",
        "Part1": "RBX64108C5240374856B7DD83019285C4C8",
        "Name": "Weld"
      }
    },
    {
      "id": "RBX29C781A5B68B4A2C8ED6DD391E1A003A",
      "parent": "RBX0E9DDCE5856B4E118DEF2E4765FC663B",
      "class": "Weld",
      "name": "Weld",
      "properties": {
        "C0": {
          "position": [
            0,
            0,
            0
          ],
          "rotation": [
            1,
            0,
            0,
            0,
            1,
            0,
            0,
            0,
            1
          ]
        },
        "C1": {
          "position": [
            0.0546760559,
            0.945770264,
            1.01240158
          ],
          "rotation": [
            0.904532552,
            0.0435400233,
            -0.424175829,
            -0.0444029421,
            0.998982847,
            0.00785482489,
            0.424086362,
            0.0117297061,
            0.905545831
          ]
        },
        "Enabled": true,
        "Part0": "RBX0E9DDCE5856B4E118DEF2E4765FC663B",
        "Part1": "RBXB0F1E1181D364D348BE315352023CF69",
        "Name": "Weld"
      }
    },
    {
      "id": "RBXF94ED48DDE9A4769AE061F7D295A0F9C",
      "parent": "RBXDB62E1F731BC4C938BB55139DE480DF6",
      "class": "UnionOperation",
      "name": "Ring",
      "properties": {
        "UsePartColor": false,
        "Anchored": false,
        "CanCollide": false,
        "CanQuery": true,
        "CanTouch": true,
        "Color3uint8": [
          1,
          1,
          1
        ],
        "Massless": false,
        "Material": 784,
        "PivotOffset": {
          "position": [
            0,
            0,
            0
          ],
          "rotation": [
            1,
            0,
            0,
            0,
            1,
            0,
            0,
            0,
            1
          ]
        },
        "Reflectance": 1,
        "Transparency": 1,
        "size": [
          0.340179443,
          0.0754316971,
          0.340280503
        ],
        "Name": "Ring",
        "LocalCFrame": {
          "position": [
            -0.431554,
            -1.084076,
            -0.877262
          ],
          "rotation": [
            0.896975,
            0.439847,
            0.044407,
            0.043335,
            0.012485,
            -0.998982,
            -0.439954,
            0.897987,
            -0.007862
          ]
        }
      }
    },
    {
      "id": "RBXF93F4BCE83134907A6B269DC583D792B",
      "parent": "RBXDB62E1F731BC4C938BB55139DE480DF6",
      "class": "UnionOperation",
      "name": "Piercing",
      "properties": {
        "UsePartColor": false,
        "Anchored": false,
        "CanCollide": false,
        "CanQuery": true,
        "CanTouch": true,
        "Color3uint8": [
          1,
          1,
          1
        ],
        "Massless": false,
        "Material": 784,
        "PivotOffset": {
          "position": [
            0,
            0,
            0
          ],
          "rotation": [
            1,
            0,
            0,
            0,
            1,
            0,
            0,
            0,
            1
          ]
        },
        "Reflectance": 1,
        "Transparency": 1,
        "size": [
          0.323625833,
          0.110073283,
          0.113802493
        ],
        "Name": "Piercing",
        "LocalCFrame": {
          "position": [
            -0.437177,
            -0.94928,
            -0.876198
          ],
          "rotation": [
            0.896998,
            -0.044411,
            0.439801,
            0.043358,
            0.998982,
            0.012445,
            -0.439906,
            0.007906,
            0.89801
          ]
        }
      }
    },
    {
      "id": "RBXE6E7A22E3B3E428E96F1DF2F789F52A1",
      "parent": "RBXF93F4BCE83134907A6B269DC583D792B",
      "class": "Highlight",
      "name": "Highlight",
      "properties": {
        "DepthMode": 1,
        "Enabled": true,
        "FillColor": [
          1,
          0,
          0
        ],
        "FillTransparency": 1,
        "OutlineColor": [
          0,
          0,
          0
        ],
        "OutlineTransparency": 0,
        "Name": "Highlight"
      }
    },
    {
      "id": "RBXB0F1E1181D364D348BE315352023CF69",
      "parent": "RBXDB62E1F731BC4C938BB55139DE480DF6",
      "class": "Part",
      "name": "Particle3",
      "properties": {
        "shape": 1,
        "Anchored": false,
        "CanCollide": false,
        "CanQuery": true,
        "CanTouch": true,
        "Color3uint8": [
          0.972549,
          0.972549,
          0.972549
        ],
        "Massless": false,
        "Material": 272,
        "PivotOffset": {
          "position": [
            0,
            0,
            0
          ],
          "rotation": [
            1,
            0,
            0,
            0,
            1,
            0,
            0,
            0,
            1
          ]
        },
        "Reflectance": 0,
        "Transparency": 1,
        "size": [
          0.155689672,
          0.155689672,
          0.155689672
        ],
        "Name": "Particle3",
        "LocalCFrame": {
          "position": [
            -0.436636,
            -0.959076,
            -0.900839
          ],
          "rotation": [
            0.904533,
            -0.044403,
            0.424087,
            0.04354,
            0.998983,
            0.01173,
            -0.424176,
            0.007855,
            0.905547
          ]
        }
      }
    },
    {
      "id": "RBX1B6C63AA5A114D0AA51631F3AAB17BA8",
      "parent": "RBXB0F1E1181D364D348BE315352023CF69",
      "class": "ParticleEmitter",
      "name": "Particles",
      "properties": {
        "Acceleration": [
          0,
          -5,
          0
        ],
        "Color": "0 1 1 1 0 1 1 1 1 0",
        "Drag": 0,
        "Enabled": false,
        "Lifetime": [
          0.75,
          1
        ],
        "LightEmission": 0,
        "LightInfluence": 0,
        "LockedToPart": false,
        "Rate": 75,
        "RotSpeed": [
          0,
          0
        ],
        "Rotation": [
          90,
          90
        ],
        "Size": "0 0.08 0 0.8 0.08 0 1 0 0",
        "Speed": [
          4,
          6
        ],
        "SpreadAngle": [
          10,
          10
        ],
        "Texture": "rbxassetid://3202767053",
        "TimeScale": 1,
        "Transparency": "0 0 0 0.9 0 0 1 1 0",
        "VelocityInheritance": 0,
        "ZOffset": 0,
        "Name": "Particles"
      }
    },
    {
      "id": "RBX64108C5240374856B7DD83019285C4C8",
      "parent": "RBXDB62E1F731BC4C938BB55139DE480DF6",
      "class": "UnionOperation",
      "name": "inner",
      "properties": {
        "UsePartColor": true,
        "Anchored": false,
        "CanCollide": false,
        "CanQuery": true,
        "CanTouch": true,
        "Color3uint8": [
          1,
          0.580392,
          0.580392
        ],
        "Massless": false,
        "Material": 272,
        "PivotOffset": {
          "position": [
            0,
            0,
            0
          ],
          "rotation": [
            1,
            0,
            0,
            0,
            1,
            0,
            0,
            0,
            1
          ]
        },
        "Reflectance": 0,
        "Transparency": 0,
        "size": [
          0.154245034,
          0.172854349,
          0.0886835605
        ],
        "Name": "inner",
        "LocalCFrame": {
          "position": [
            -0.426766,
            -0.958985,
            -0.882422
          ],
          "rotation": [
            0.94301,
            0.022967,
            0.331974,
            -0.079602,
            0.984221,
            0.158027,
            -0.323106,
            -0.175447,
            0.929958
          ]
        }
      }
    },
    {
      "id": "RBX82FF5FD1AB6B468C89B70CDE334EC65C",
      "parent": "RBXDB62E1F731BC4C938BB55139DE480DF6",
      "class": "MeshPart",
      "name": "color5",
      "properties": {
        "HasSkinnedMesh": true,
        "MeshId": "rbxassetid://18576773905",
        "RenderFidelity": 0,
        "TextureID": null,
        "Anchored": false,
        "CanCollide": false,
        "CanQuery": false,
        "CanTouch": false,
        "Color3uint8": [
          1,
          1,
          0.8
        ],
        "Massless": false,
        "Material": 272,
        "PivotOffset": {
          "position": [
            0.0490583032,
            -0.0687624291,
            0.289641649
          ],
          "rotation": [
            -0.973876953,
            -0.219679743,
            0.0574865118,
            0.0683608428,
            -0.0422177315,
            0.996767044,
            -0.216542572,
            0.974658132,
            0.0561323166
          ]
        },
        "Reflectance": 0,
        "Transparency": 0,
        "size": [
          1.04510665,
          1.35179913,
          1.33901799
        ],
        "Name": "color5",
        "LocalCFrame": {
          "position": [
            -0.196587,
            -0.70282,
            -0.291574
          ],
          "rotation": [
            -0.984407,
            -0.03704,
            -0.171965,
            -0.022754,
            0.996179,
            -0.084316,
            0.174431,
            -0.079088,
            -0.981489
          ]
        }
      }
    },
    {
      "id": "RBX9BE5894B65B14A29852D40FCA60F96CB",
      "parent": "RBX82FF5FD1AB6B468C89B70CDE334EC65C",
      "class": "SurfaceAppearance",
      "name": "SurfaceAppearance",
      "properties": {
        "AlphaMode": 0,
        "ColorMap": "rbxassetid://100708530793417",
        "MetalnessMap": null,
        "NormalMap": null,
        "RoughnessMap": null,
        "Name": "SurfaceAppearance"
      }
    },
    {
      "id": "RBX7E0EA88710BA4B2BB486B7F51A436574",
      "parent": "RBXB75CB9264CD04D8A9BDC94418E539B03",
      "class": "Model",
      "name": "UpperR",
      "properties": {
        "PrimaryPart": "RBX0990E507DFB3444E9193CE73EA611864",
        "Name": "UpperR"
      }
    },
    {
      "id": "RBX0990E507DFB3444E9193CE73EA611864",
      "parent": "RBX7E0EA88710BA4B2BB486B7F51A436574",
      "class": "Part",
      "name": "Middle",
      "properties": {
        "shape": 1,
        "Anchored": false,
        "CanCollide": false,
        "CanQuery": true,
        "CanTouch": true,
        "Color3uint8": [
          1,
          0,
          0
        ],
        "Massless": false,
        "Material": 256,
        "PivotOffset": {
          "position": [
            0,
            0,
            0
          ],
          "rotation": [
            1,
            0,
            0,
            0,
            1,
            0,
            0,
            0,
            1
          ]
        },
        "Reflectance": 0,
        "Transparency": 1,
        "size": [
          0.200000003,
          0.200000003,
          0.200000003
        ],
        "Name": "Middle",
        "LocalCFrame": {
          "position": [
            0.499629,
            -0.000061,
            -0.000113
          ],
          "rotation": [
            1,
            0,
            0,
            0,
            1,
            0,
            0,
            0,
            1
          ]
        }
      }
    },
    {
      "id": "RBX58FE7FDC53A8441896CC832F8D09FA56",
      "parent": "RBX0990E507DFB3444E9193CE73EA611864",
      "class": "SpecialMesh",
      "name": "Mesh",
      "properties": {
        "MeshType": 6,
        "MeshId": null,
        "TextureId": null,
        "Offset": [
          0,
          0,
          0
        ],
        "Scale": [
          0,
          0,
          0
        ],
        "VertexColor": [
          1,
          1,
          1
        ],
        "Name": "Mesh"
      }
    },
    {
      "id": "RBXB5F84A0572A544A88770A1A91BEAF246",
      "parent": "RBX0990E507DFB3444E9193CE73EA611864",
      "class": "Weld",
      "name": "Weld",
      "properties": {
        "C0": {
          "position": [
            0,
            0,
            0
          ],
          "rotation": [
            1,
            0,
            0,
            0,
            1,
            0,
            0,
            0,
            1
          ]
        },
        "C1": {
          "position": [
            0,
            0,
            0
          ],
          "rotation": [
            1,
            0,
            0,
            0,
            1,
            0,
            0,
            0,
            1
          ]
        },
        "Enabled": true,
        "Part0": "RBX0990E507DFB3444E9193CE73EA611864",
        "Part1": "RBX0990E507DFB3444E9193CE73EA611864",
        "Name": "Weld"
      }
    },
    {
      "id": "RBX69F0E571D4484163BCA85369CB241766",
      "parent": "RBX0990E507DFB3444E9193CE73EA611864",
      "class": "Weld",
      "name": "Weld",
      "properties": {
        "C0": {
          "position": [
            0,
            0,
            0
          ],
          "rotation": [
            1,
            0,
            0,
            0,
            1,
            0,
            0,
            0,
            1
          ]
        },
        "C1": {
          "position": [
            -0.0330657959,
            0.872421265,
            1.09319687
          ],
          "rotation": [
            0.883067608,
            0.0340435728,
            0.468009263,
            0.00760132447,
            0.996196151,
            -0.0868071765,
            -0.46918425,
            0.0802140981,
            0.879449725
          ]
        },
        "Enabled": true,
        "Part0": "RBX0990E507DFB3444E9193CE73EA611864",
        "Part1": "RBX11FB1499AC2245278F63CE9B50D0572F",
        "Name": "Weld"
      }
    },
    {
      "id": "RBX4233493E8E7745B2A0B97D5E906B9E18",
      "parent": "RBX0990E507DFB3444E9193CE73EA611864",
      "class": "Weld",
      "name": "Weld",
      "properties": {
        "C0": {
          "position": [
            0,
            0,
            0
          ],
          "rotation": [
            1,
            0,
            0,
            0,
            1,
            0,
            0,
            0,
            1
          ]
        },
        "C1": {
          "position": [
            -0.0330505371,
            1.09319687,
            -1.00752258
          ],
          "rotation": [
            0.883085608,
            0.034031868,
            0.467976153,
            -0.469149709,
            0.0802862644,
            0.879461527,
            -0.00764229894,
            -0.996190667,
            0.0868656635
          ]
        },
        "Enabled": true,
        "Part0": "RBX0990E507DFB3444E9193CE73EA611864",
        "Part1": "RBX70711897A9FC4912878E31FE35AB5DF6",
        "Name": "Weld"
      }
    },
    {
      "id": "RBX9AF6DEEDCC90427A9584C9E6874FCB69",
      "parent": "RBX0990E507DFB3444E9193CE73EA611864",
      "class": "Weld",
      "name": "Weld",
      "properties": {
        "C0": {
          "position": [
            0,
            0,
            0
          ],
          "rotation": [
            1,
            0,
            0,
            0,
            1,
            0,
            0,
            0,
            1
          ]
        },
        "C1": {
          "position": [
            0.143768311,
            0.674591064,
            -0.425556183
          ],
          "rotation": [
            -0.965908766,
            -0.0226759184,
            -0.257887602,
            -0.0000674426556,
            0.996178508,
            -0.0873408392,
            0.258882642,
            -0.0843458846,
            -0.962219119
          ]
        },
        "Enabled": true,
        "Part0": "RBX0990E507DFB3444E9193CE73EA611864",
        "Part1": "RBXD6568141E2B446729EFBF665B5266272",
        "Name": "Weld"
      }
    },
    {
      "id": "RBX4C843AD7EDA14E37BFEA7203A37046AD",
      "parent": "RBX0990E507DFB3444E9193CE73EA611864",
      "class": "Weld",
      "name": "Weld",
      "properties": {
        "C0": {
          "position": [
            0,
            0,
            0
          ],
          "rotation": [
            1,
            0,
            0,
            0,
            1,
            0,
            0,
            0,
            1
          ]
        },
        "C1": {
          "position": [
            -0.0726318359,
            0.704101562,
            1.21478271
          ],
          "rotation": [
            0.848392248,
            -0.0853291452,
            0.522445738,
            0.190695703,
            0.969926536,
            -0.151253521,
            -0.493827641,
            0.227950454,
            0.839150071
          ]
        },
        "Enabled": true,
        "Part0": "RBX0990E507DFB3444E9193CE73EA611864",
        "Part1": "RBXF0375F6BFD8245B083991EDF2462BF2B",
        "Name": "Weld"
      }
    },
    {
      "id": "RBX3A3D8BCAC68741E0B7E998AB596FACEB",
      "parent": "RBX0990E507DFB3444E9193CE73EA611864",
      "class": "Weld",
      "name": "Weld",
      "properties": {
        "C0": {
          "position": [
            0,
            0,
            0
          ],
          "rotation": [
            1,
            0,
            0,
            0,
            1,
            0,
            0,
            0,
            1
          ]
        },
        "C1": {
          "position": [
            -0.0610198975,
            0.979827881,
            0.97870636
          ],
          "rotation": [
            0.866007268,
            0,
            0.500031412,
            0,
            1,
            0,
            -0.500031412,
            0,
            0.866007268
          ]
        },
        "Enabled": true,
        "Part0": "RBX0990E507DFB3444E9193CE73EA611864",
        "Part1": "RBXBF9091E1BBDC4351901793DCF30805FC",
        "Name": "Weld"
      }
    },
    {
      "id": "RBXBF9091E1BBDC4351901793DCF30805FC",
      "parent": "RBX7E0EA88710BA4B2BB486B7F51A436574",
      "class": "Part",
      "name": "Particle2",
      "properties": {
        "shape": 1,
        "Anchored": false,
        "CanCollide": false,
        "CanQuery": true,
        "CanTouch": true,
        "Color3uint8": [
          0.929412,
          0.917647,
          0.917647
        ],
        "Massless": false,
        "Material": 272,
        "PivotOffset": {
          "position": [
            0,
            0,
            0
          ],
          "rotation": [
            1,
            0,
            0,
            0,
            1,
            0,
            0,
            0,
            1
          ]
        },
        "Reflectance": 0,
        "Transparency": 1,
        "size": [
          0.14428854,
          0.14428854,
          0.14428854
        ],
        "Name": "Particle2",
        "LocalCFrame": {
          "position": [
            1.041648,
            -0.979889,
            -0.816962
          ],
          "rotation": [
            0.866008,
            0,
            -0.500032,
            0,
            1,
            0,
            0.500032,
            0,
            0.866008
          ]
        }
      }
    },
    {
      "id": "RBXBFE43A42D38645B5842E0E26AFE4BECB",
      "parent": "RBXBF9091E1BBDC4351901793DCF30805FC",
      "class": "ParticleEmitter",
      "name": "Particles",
      "properties": {
        "Acceleration": [
          0,
          -5,
          0
        ],
        "Color": "0 1 1 1 0 1 1 1 1 0",
        "Drag": 0,
        "Enabled": false,
        "Lifetime": [
          0.75,
          1
        ],
        "LightEmission": 0,
        "LightInfluence": 0,
        "LockedToPart": false,
        "Rate": 75,
        "RotSpeed": [
          0,
          0
        ],
        "Rotation": [
          90,
          90
        ],
        "Size": "0 0.08 0 0.8 0.08 0 1 0 0",
        "Speed": [
          4,
          6
        ],
        "SpreadAngle": [
          10,
          10
        ],
        "Texture": "rbxassetid://3202767053",
        "TimeScale": 1,
        "Transparency": "0 0 0 0.9 0 0 1 1 0",
        "VelocityInheritance": 0,
        "ZOffset": 0,
        "Name": "Particles"
      }
    },
    {
      "id": "RBXF0375F6BFD8245B083991EDF2462BF2B",
      "parent": "RBX7E0EA88710BA4B2BB486B7F51A436574",
      "class": "UnionOperation",
      "name": "inner",
      "properties": {
        "UsePartColor": true,
        "Anchored": false,
        "CanCollide": false,
        "CanQuery": true,
        "CanTouch": true,
        "Color3uint8": [
          1,
          0.580392,
          0.580392
        ],
        "Massless": false,
        "Material": 272,
        "PivotOffset": {
          "position": [
            0,
            0,
            0
          ],
          "rotation": [
            1,
            0,
            0,
            0,
            1,
            0,
            0,
            0,
            1
          ]
        },
        "Reflectance": 0,
        "Transparency": 0,
        "size": [
          0.154245034,
          0.172854349,
          0.0886835605
        ],
        "Name": "inner",
        "LocalCFrame": {
          "position": [
            1.026866,
            -0.966095,
            -0.875249
          ],
          "rotation": [
            0.848393,
            0.190696,
            -0.493828,
            -0.085329,
            0.969926,
            0.22795,
            0.522446,
            -0.151254,
            0.839151
          ]
        }
      }
    },
    {
      "id": "RBXD6568141E2B446729EFBF665B5266272",
      "parent": "RBX7E0EA88710BA4B2BB486B7F51A436574",
      "class": "MeshPart",
      "name": "color5",
      "properties": {
        "HasSkinnedMesh": true,
        "MeshId": "rbxassetid://18576773827",
        "RenderFidelity": 0,
        "TextureID": null,
        "Anchored": false,
        "CanCollide": false,
        "CanQuery": false,
        "CanTouch": false,
        "Color3uint8": [
          1,
          1,
          0.8
        ],
        "Massless": false,
        "Material": 272,
        "PivotOffset": {
          "position": [
            -0.0490580611,
            -0.0687621906,
            0.28964141
          ],
          "rotation": [
            -0.973876953,
            -0.219679743,
            0.0574865118,
            0.0683608428,
            -0.0422177315,
            0.996767044,
            -0.216542572,
            0.974658132,
            0.0561323166
          ]
        },
        "Reflectance": 0,
        "Transparency": 0,
        "size": [
          1.04510641,
          1.35179877,
          1.33901775
        ],
        "Name": "color5",
        "LocalCFrame": {
          "position": [
            0.748784,
            -0.704712,
            -0.313394
          ],
          "rotation": [
            -0.965909,
            -0.000067,
            0.258883,
            -0.022676,
            0.996178,
            -0.084346,
            -0.257888,
            -0.087341,
            -0.96222
          ]
        }
      }
    },
    {
      "id": "RBX22C7EDDC2ACB47EEAE572D0E3B7BA80D",
      "parent": "RBXD6568141E2B446729EFBF665B5266272",
      "class": "SurfaceAppearance",
      "name": "SurfaceAppearance",
      "properties": {
        "AlphaMode": 0,
        "ColorMap": "rbxassetid://100708530793417",
        "MetalnessMap": null,
        "NormalMap": null,
        "RoughnessMap": null,
        "Name": "SurfaceAppearance"
      }
    },
    {
      "id": "RBX70711897A9FC4912878E31FE35AB5DF6",
      "parent": "RBX7E0EA88710BA4B2BB486B7F51A436574",
      "class": "UnionOperation",
      "name": "Ring",
      "properties": {
        "UsePartColor": false,
        "Anchored": false,
        "CanCollide": false,
        "CanQuery": true,
        "CanTouch": true,
        "Color3uint8": [
          1,
          1,
          1
        ],
        "Massless": false,
        "Material": 784,
        "PivotOffset": {
          "position": [
            0,
            0,
            0
          ],
          "rotation": [
            1,
            0,
            0,
            0,
            1,
            0,
            0,
            0,
            1
          ]
        },
        "Reflectance": 1,
        "Transparency": 1,
        "size": [
          0.340461463,
          0.0754942223,
          0.340562612
        ],
        "Name": "Ring",
        "LocalCFrame": {
          "position": [
            1.034079,
            -1.090393,
            -0.858752
          ],
          "rotation": [
            0.883086,
            -0.46915,
            -0.007642,
            0.034032,
            0.080286,
            -0.996191,
            0.467976,
            0.879462,
            0.086866
          ]
        }
      }
    },
    {
      "id": "RBX7A1E32FBA7514E95B6756EA09D372CA5",
      "parent": "RBX70711897A9FC4912878E31FE35AB5DF6",
      "class": "Highlight",
      "name": "Highlight",
      "properties": {
        "DepthMode": 1,
        "Enabled": true,
        "FillColor": [
          1,
          0,
          0
        ],
        "FillTransparency": 1,
        "OutlineColor": [
          0,
          0,
          0
        ],
        "OutlineTransparency": 0,
        "Name": "Highlight"
      }
    },
    {
      "id": "RBX11FB1499AC2245278F63CE9B50D0572F",
      "parent": "RBX7E0EA88710BA4B2BB486B7F51A436574",
      "class": "UnionOperation",
      "name": "Piercing",
      "properties": {
        "UsePartColor": false,
        "Anchored": false,
        "CanCollide": false,
        "CanQuery": true,
        "CanTouch": true,
        "Color3uint8": [
          1,
          1,
          1
        ],
        "Massless": false,
        "Material": 784,
        "PivotOffset": {
          "position": [
            0,
            0,
            0
          ],
          "rotation": [
            1,
            0,
            0,
            0,
            1,
            0,
            0,
            0,
            1
          ]
        },
        "Reflectance": 1,
        "Transparency": 1,
        "size": [
          0.323894143,
          0.110164538,
          0.113896839
        ],
        "Name": "Piercing",
        "LocalCFrame": {
          "position": [
            1.034997,
            -0.955719,
            -0.870476
          ],
          "rotation": [
            0.883068,
            0.007601,
            -0.469184,
            0.034044,
            0.996196,
            0.080214,
            0.468009,
            -0.086807,
            0.87945
          ]
        }
      }
    },
    {
      "id": "RBX19E567BB725F41E89BDDF0C63F91CE3E",
      "parent": "RBX11FB1499AC2245278F63CE9B50D0572F",
      "class": "Highlight",
      "name": "Highlight",
      "properties": {
        "DepthMode": 1,
        "Enabled": true,
        "FillColor": [
          1,
          0,
          0
        ],
        "FillTransparency": 1,
        "OutlineColor": [
          0,
          0,
          0
        ],
        "OutlineTransparency": 0,
        "Name": "Highlight"
      }
    },
    {
      "id": "RBXF04FC77C4CB84572834458E340CA5266",
      "parent": "RBXB75CB9264CD04D8A9BDC94418E539B03",
      "class": "Model",
      "name": "UpperStatic",
      "properties": {
        "PrimaryPart": "RBX1048C89412EE405AB9D718B6A40A7FF6",
        "Name": "UpperStatic"
      }
    },
    {
      "id": "RBX1048C89412EE405AB9D718B6A40A7FF6",
      "parent": "RBXF04FC77C4CB84572834458E340CA5266",
      "class": "Part",
      "name": "Middle",
      "properties": {
        "shape": 1,
        "Anchored": false,
        "CanCollide": false,
        "CanQuery": true,
        "CanTouch": true,
        "Color3uint8": [
          0.972549,
          0.972549,
          0.972549
        ],
        "Massless": false,
        "Material": 272,
        "PivotOffset": {
          "position": [
            0,
            0,
            0
          ],
          "rotation": [
            1,
            0,
            0,
            0,
            1,
            0,
            0,
            0,
            1
          ]
        },
        "Reflectance": 0,
        "Transparency": 1,
        "size": [
          2,
          2,
          1
        ],
        "Name": "Middle",
        "LocalCFrame": {
          "position": [
            0.249846,
            -1.000031,
            0.500046
          ],
          "rotation": [
            1,
            0,
            0,
            0,
            1,
            0,
            0,
            0,
            1
          ]
        }
      }
    },
    {
      "id": "RBXCCE21C2871C2467C89FC9FC6555A46FB",
      "parent": "RBX1048C89412EE405AB9D718B6A40A7FF6",
      "class": "SpecialMesh",
      "name": "MaleMesh",
      "properties": {
        "MeshType": 5,
        "MeshId": "rbxassetid://12221758",
        "TextureId": null,
        "Offset": [
          0,
          0,
          0
        ],
        "Scale": [
          1,
          1,
          1
        ],
        "VertexColor": [
          1,
          1,
          1
        ],
        "Name": "MaleMesh"
      }
    },
    {
      "id": "RBXE1EA386464E84CC69981E15B1EA01394",
      "parent": "RBX1048C89412EE405AB9D718B6A40A7FF6",
      "class": "Weld",
      "name": "Weld",
      "properties": {
        "C0": {
          "position": [
            0,
            0,
            0
          ],
          "rotation": [
            1,
            0,
            0,
            0,
            1,
            0,
            0,
            0,
            1
          ]
        },
        "C1": {
          "position": [
            0,
            0,
            0
          ],
          "rotation": [
            1,
            0,
            0,
            0,
            1,
            0,
            0,
            0,
            1
          ]
        },
        "Enabled": true,
        "Part0": "RBX1048C89412EE405AB9D718B6A40A7FF6",
        "Part1": "RBX1048C89412EE405AB9D718B6A40A7FF6",
        "Name": "Weld"
      }
    }
  ]
}
