{
  "format": "overlay_json_v1",
  "kind": "morph_bundle",
  "version": 1,
  "asset_id": "morph_0724-qos-ass",
  "name": "QoS Ass",
  "source_file": "0724-qos-ass.rbxmx",
  "anchor": "LowerTorso",
  "anchor_candidates": [
    "LowerTorso",
    "Torso",
    "HumanoidRootPart",
    "UpperTorso"
  ],
  "jiggle": true,
  "root_cframe": {
    "position": [
      -7571.51025,
      410.030029,
      -7881.93066
    ],
    "rotation": [
      -0.705804467,
      -3.06417398e-8,
      -0.708406746,
      -6.5594854e-8,
      1,
      2.20994565e-8,
      0.708406746,
      6.20657303e-8,
      -0.705804467
    ]
  },
  "class_counts": {
    "Folder": 1,
    "Model": 3,
    "Part": 4,
    "SpecialMesh": 4,
    "Weld": 7,
    "UnionOperation": 1,
    "Decal": 4,
    "MeshPart": 2,
    "Bone": 32
  },
  "nodes": [
    {
      "id": "RBX958372B191454729B5A23BAB8A4E3213",
      "parent": null,
      "class": "Folder",
      "name": "QoS Ass",
      "properties": {
        "Name": "QoS Ass"
      }
    },
    {
      "id": "RBXC1162C80A39E4A5E9B2187205B669538",
      "parent": "RBX958372B191454729B5A23BAB8A4E3213",
      "class": "Model",
      "name": "LowerStatic",
      "properties": {
        "PrimaryPart": "RBXA0630EEF4EC94E518921CE29ABF1C00C",
        "Name": "LowerStatic"
      }
    },
    {
      "id": "RBXA0630EEF4EC94E518921CE29ABF1C00C",
      "parent": "RBXC1162C80A39E4A5E9B2187205B669538",
      "class": "Part",
      "name": "Middle",
      "properties": {
        "shape": 1,
        "Anchored": false,
        "CanCollide": false,
        "CanQuery": true,
        "CanTouch": true,
        "Color3uint8": [
          0.972549,
          0.972549,
          0.972549
        ],
        "Massless": false,
        "Material": 272,
        "PivotOffset": {
          "position": [
            0,
            0,
            0
          ],
          "rotation": [
            1,
            0,
            0,
            0,
            1,
            0,
            0,
            0,
            1
          ]
        },
        "Reflectance": 0,
        "Transparency": 1,
        "size": [
          2,
          2,
          1
        ],
        "Name": "Middle",
        "LocalCFrame": {
          "position": [
            0,
            0,
            0
          ],
          "rotation": [
            1,
            0,
            0,
            0,
            1,
            0,
            0,
            0,
            1
          ]
        }
      }
    },
    {
      "id": "RBX16BA91FF66E84D53A9345841DE3EAC48",
      "parent": "RBXA0630EEF4EC94E518921CE29ABF1C00C",
      "class": "SpecialMesh",
      "name": "Mesh",
      "properties": {
        "MeshType": 5,
        "MeshId": "rbxassetid://12221758",
        "TextureId": null,
        "Offset": [
          0,
          0,
          0
        ],
        "Scale": [
          1,
          1,
          1
        ],
        "VertexColor": [
          1,
          1,
          1
        ],
        "Name": "Mesh"
      }
    },
    {
      "id": "RBXAA96561D4E4045FBA062A9F3B3AEA19E",
      "parent": "RBXA0630EEF4EC94E518921CE29ABF1C00C",
      "class": "Weld",
      "name": "Weld",
      "properties": {
        "C0": {
          "position": [
            0,
            0,
            0
          ],
          "rotation": [
            0,
            0,
            -1,
            0,
            1,
            0,
            1,
            0,
            0
          ]
        },
        "C1": {
          "position": [
            0,
            0,
            0
          ],
          "rotation": [
            0,
            0,
            -1,
            0,
            1,
            0,
            1,
            0,
            0
          ]
        },
        "Enabled": true,
        "Part0": "RBXA0630EEF4EC94E518921CE29ABF1C00C",
        "Part1": "RBXA0630EEF4EC94E518921CE29ABF1C00C",
        "Name": "Weld"
      }
    },
    {
      "id": "RBXB69990643642401C9B2162B83749EE4E",
      "parent": "RBXA0630EEF4EC94E518921CE29ABF1C00C",
      "class": "Weld",
      "name": "Weld",
      "properties": {
        "C0": {
          "position": [
            0,
            0,
            0
          ],
          "rotation": [
            0,
            0,
            -1,
            0,
            1,
            0,
            1,
            0,
            0
          ]
        },
        "C1": {
          "position": [
            -0.0468748882,
            0.870239258,
            0.410156369
          ],
          "rotation": [
            0,
            0,
            1,
            0,
            1,
            0,
            -1,
            0,
            0
          ]
        },
        "Enabled": true,
        "Part0": "RBXA0630EEF4EC94E518921CE29ABF1C00C",
        "Part1": "RBXA281D0FEF152450BAE886DBF558B52B5",
        "Name": "Weld"
      }
    },
    {
      "id": "RBX5552C808181C42AC91DCDB96DA42362A",
      "parent": "RBXA0630EEF4EC94E518921CE29ABF1C00C",
      "class": "Weld",
      "name": "Weld",
      "properties": {
        "C0": {
          "position": [
            0,
            0,
            0
          ],
          "rotation": [
            0,
            0,
            -1,
            0,
            1,
            0,
            1,
            0,
            0
          ]
        },
        "C1": {
          "position": [
            -0.0477398634,
            0.16255188,
            0.85534668
          ],
          "rotation": [
            0.0000017285347,
            -0.000946670771,
            0.999999523,
            0.912695885,
            0.408639252,
            0.000385254622,
            -0.408639401,
            0.912695527,
            0.000864744186
          ]
        },
        "Enabled": true,
        "Part0": "RBXA0630EEF4EC94E518921CE29ABF1C00C",
        "Part1": "RBX5778D9C6F9D74D1780DF9D4DC1E7EB72",
        "Name": "Weld"
      }
    },
    {
      "id": "RBX5778D9C6F9D74D1780DF9D4DC1E7EB72",
      "parent": "RBXC1162C80A39E4A5E9B2187205B669538",
      "class": "UnionOperation",
      "name": "color5",
      "properties": {
        "UsePartColor": true,
        "Anchored": false,
        "CanCollide": false,
        "CanQuery": true,
        "CanTouch": true,
        "Color3uint8": [
          1,
          1,
          0.8
        ],
        "Massless": false,
        "Material": 272,
        "PivotOffset": {
          "position": [
            0,
            0,
            0
          ],
          "rotation": [
            1,
            0,
            0,
            0,
            1,
            0,
            0,
            0,
            1
          ]
        },
        "Reflectance": 0,
        "Transparency": 0,
        "size": [
          1.05393267,
          0.989616811,
          0.801260352
        ],
        "Name": "color5",
        "LocalCFrame": {
          "position": [
            -0.046983,
            -0.847137,
            0.201213
          ],
          "rotation": [
            -1,
            -0.000385,
            -0.000865,
            -0.000947,
            0.408639,
            0.912696,
            0.000002,
            0.912696,
            -0.408639
          ]
        }
      }
    },
    {
      "id": "RBXA281D0FEF152450BAE886DBF558B52B5",
      "parent": "RBXC1162C80A39E4A5E9B2187205B669538",
      "class": "Part",
      "name": "color2",
      "properties": {
        "shape": 1,
        "Anchored": false,
        "CanCollide": false,
        "CanQuery": true,
        "CanTouch": true,
        "Color3uint8": [
          0.745098,
          0.407843,
          0.384314
        ],
        "Massless": false,
        "Material": 272,
        "PivotOffset": {
          "position": [
            0,
            0,
            0
          ],
          "rotation": [
            1,
            0,
            0,
            0,
            1,
            0,
            0,
            0,
            1
          ]
        },
        "Reflectance": 0,
        "Transparency": 0,
        "size": [
          0.510230005,
          0.621640205,
          0.232460245
        ],
        "Name": "color2",
        "LocalCFrame": {
          "position": [
            -0.047021,
            -0.870239,
            0.4101
          ],
          "rotation": [
            -1,
            0,
            0,
            0,
            1,
            0,
            0,
            0,
            -1
          ]
        }
      }
    },
    {
      "id": "RBX24F11770854D44559CF7A82591C212EB",
      "parent": "RBXA281D0FEF152450BAE886DBF558B52B5",
      "class": "SpecialMesh",
      "name": "Mesh",
      "properties": {
        "MeshType": 3,
        "MeshId": null,
        "TextureId": null,
        "Offset": [
          0,
          0,
          0
        ],
        "Scale": [
          0.355996221,
          1,
          1
        ],
        "VertexColor": [
          1,
          1,
          1
        ],
        "Name": "Mesh"
      }
    },
    {
      "id": "RBX6976F766593C4A02A166B9A4E805B3D5",
      "parent": "RBX958372B191454729B5A23BAB8A4E3213",
      "class": "Model",
      "name": "LowerR",
      "properties": {
        "PrimaryPart": null,
        "Name": "LowerR"
      }
    },
    {
      "id": "RBXD10A5828877A43BE848C32D3A870380B",
      "parent": "RBX6976F766593C4A02A166B9A4E805B3D5",
      "class": "Part",
      "name": "Middle",
      "properties": {
        "shape": 1,
        "Anchored": false,
        "CanCollide": false,
        "CanQuery": true,
        "CanTouch": true,
        "Color3uint8": [
          0.584314,
          0.568627,
          0.623529
        ],
        "Massless": false,
        "Material": 272,
        "PivotOffset": {
          "position": [
            0,
            0,
            0
          ],
          "rotation": [
            1,
            0,
            0,
            0,
            1,
            0,
            0,
            0,
            1
          ]
        },
        "Reflectance": 0,
        "Transparency": 1,
        "size": [
          0.209008768,
          0.209008768,
          0.209008768
        ],
        "Name": "Middle",
        "LocalCFrame": {
          "position": [
            0.249749,
            -1.00003,
            0.500413
          ],
          "rotation": [
            1,
            0,
            0,
            0,
            1,
            0,
            0,
            0,
            1
          ]
        }
      }
    },
    {
      "id": "RBX37A213CD7AA148AC88861E6630B641E5",
      "parent": "RBXD10A5828877A43BE848C32D3A870380B",
      "class": "SpecialMesh",
      "name": "Mesh",
      "properties": {
        "MeshType": 6,
        "MeshId": null,
        "TextureId": null,
        "Offset": [
          0,
          0,
          0
        ],
        "Scale": [
          0,
          0,
          0
        ],
        "VertexColor": [
          1,
          1,
          1
        ],
        "Name": "Mesh"
      }
    },
    {
      "id": "RBX5679304953AD44D88541AEB2739E672F",
      "parent": "RBXD10A5828877A43BE848C32D3A870380B",
      "class": "Decal",
      "name": "Decal",
      "properties": {
        "Color3": [
          1,
          1,
          1
        ],
        "Texture": "rbxassetid://7317286674",
        "Transparency": 0,
        "Face": 5,
        "Name": "Decal"
      }
    },
    {
      "id": "RBX28D85C7E969C4BDA95315D3DCBF16D62",
      "parent": "RBXD10A5828877A43BE848C32D3A870380B",
      "class": "Weld",
      "name": "Weld",
      "properties": {
        "C0": {
          "position": [
            0,
            0,
            0
          ],
          "rotation": [
            0,
            0,
            -1,
            0,
            1,
            0,
            1,
            0,
            0
          ]
        },
        "C1": {
          "position": [
            0,
            0,
            0
          ],
          "rotation": [
            0,
            0,
            -1,
            0,
            1,
            0,
            1,
            0,
            0
          ]
        },
        "Enabled": true,
        "Part0": "RBXD10A5828877A43BE848C32D3A870380B",
        "Part1": "RBXD10A5828877A43BE848C32D3A870380B",
        "Name": "Weld"
      }
    },
    {
      "id": "RBX1C5A4F27F2ED404792516580943766F3",
      "parent": "RBXD10A5828877A43BE848C32D3A870380B",
      "class": "Weld",
      "name": "Weld",
      "properties": {
        "C0": {
          "position": [
            0,
            0,
            0
          ],
          "rotation": [
            0,
            0,
            -1,
            0,
            1,
            0,
            1,
            0,
            0
          ]
        },
        "C1": {
          "position": [
            0.189987183,
            0.0204162598,
            -0.0515823364
          ],
          "rotation": [
            0.0669593811,
            -0.249990031,
            0.965930343,
            -0.249990031,
            0.933020055,
            0.258802176,
            -0.965930343,
            -0.258802176,
            -0.0000206232071
          ]
        },
        "Enabled": true,
        "Part0": "RBXD10A5828877A43BE848C32D3A870380B",
        "Part1": "RBX3ECEC0CCF249499090A30677A5444B82",
        "Name": "Weld"
      }
    },
    {
      "id": "RBX3ECEC0CCF249499090A30677A5444B82",
      "parent": "RBX6976F766593C4A02A166B9A4E805B3D5",
      "class": "MeshPart",
      "name": "color5",
      "properties": {
        "HasSkinnedMesh": true,
        "MeshId": "rbxassetid://17837346792",
        "RenderFidelity": 0,
        "TextureID": null,
        "Anchored": false,
        "CanCollide": false,
        "CanQuery": true,
        "CanTouch": true,
        "Color3uint8": [
          1,
          1,
          0.8
        ],
        "Massless": false,
        "Material": 272,
        "PivotOffset": {
          "position": [
            0.0260067601,
            -0.00203392515,
            -5.76009604e-8
          ],
          "rotation": [
            1,
            0,
            0,
            0,
            0,
            -1,
            0,
            1,
            0
          ]
        },
        "Reflectance": 0,
        "Transparency": 0,
        "size": [
          1.28372133,
          1.37669432,
          1.15868866
        ],
        "Name": "color5",
        "LocalCFrame": {
          "position": [
            0.438709,
            -0.984924,
            0.443103
          ],
          "rotation": [
            -0.96593,
            -0.258802,
            0.000021,
            -0.24999,
            0.93302,
            -0.258802,
            0.066959,
            -0.24999,
            -0.96593
          ]
        }
      }
    },
    {
      "id": "RBXD033B79165814D83B4845EB7369B68A6",
      "parent": "RBX3ECEC0CCF249499090A30677A5444B82",
      "class": "Bone",
      "name": "Bone",
      "properties": {
        "CFrame": {
          "position": [
            0.0260067601,
            0.653323114,
            -5.76009676e-8
          ],
          "rotation": [
            -1,
            0,
            0,
            0,
            -1,
            0,
            0,
            0,
            1
          ]
        },
        "Visible": false,
        "Name": "Bone"
      }
    },
    {
      "id": "RBX177F432CC48D4045BBCEA2B020C727E9",
      "parent": "RBXD033B79165814D83B4845EB7369B68A6",
      "class": "Bone",
      "name": "Bone.001",
      "properties": {
        "CFrame": {
          "position": [
            0.00378417969,
            0.66607666,
            -0.0147705078
          ],
          "rotation": [
            0.999950886,
            0.00990819838,
            0.000151113971,
            -0.0099081872,
            0.999484122,
            0.030553475,
            0.000151693836,
            -0.0305534732,
            0.999533176
          ]
        },
        "Visible": false,
        "Name": "Bone.001"
      }
    },
    {
      "id": "RBX2F1538629AA44E0A8F70284A7253B3C9",
      "parent": "RBX177F432CC48D4045BBCEA2B020C727E9",
      "class": "Bone",
      "name": "Bone.001_Tail",
      "properties": {
        "CFrame": {
          "position": [
            0.0103759766,
            0.665771484,
            0.00659179688
          ],
          "rotation": [
            0.999816298,
            0.019171156,
            0.0000149314292,
            -0.0191659462,
            0.999562085,
            -0.0225473624,
            -0.000447183847,
            0.0225429293,
            0.999745905
          ]
        },
        "Visible": false,
        "Name": "Bone.001_Tail"
      }
    },
    {
      "id": "RBX2F308FD89B024B178958E3A608D3FD60",
      "parent": "RBX2F1538629AA44E0A8F70284A7253B3C9",
      "class": "Bone",
      "name": "Bone.001_Tail_Tail",
      "properties": {
        "CFrame": {
          "position": [
            0,
            0.666320801,
            0.0000610351562
          ],
          "rotation": [
            1,
            1.46683323e-8,
            -5.12227487e-8,
            -1.46683323e-8,
            1,
            -7.51352317e-16,
            5.12227487e-8,
            1.50270463e-15,
            1
          ]
        },
        "Visible": false,
        "Name": "Bone.001_Tail_Tail"
      }
    },
    {
      "id": "RBX2EACF1F05F4A4189807DA8FBE91C4A13",
      "parent": "RBXD033B79165814D83B4845EB7369B68A6",
      "class": "Bone",
      "name": "Bone.002",
      "properties": {
        "CFrame": {
          "position": [
            0.00378417969,
            0.66607666,
            -0.0147705078
          ],
          "rotation": [
            0.00828972552,
            0.999806345,
            0.0178497154,
            -0.999965668,
            0.00828972645,
            0.0000739364987,
            -0.0000740470714,
            -0.0178497136,
            0.999840736
          ]
        },
        "Visible": false,
        "Name": "Bone.002"
      }
    },
    {
      "id": "RBXC6C7DD936C444D3B8CA59A5DD456C1F8",
      "parent": "RBX2EACF1F05F4A4189807DA8FBE91C4A13",
      "class": "Bone",
      "name": "Bone.002_Tail",
      "properties": {
        "CFrame": {
          "position": [
            0.0620117188,
            0.662841797,
            -0.0222167969
          ],
          "rotation": [
            0.997372806,
            0.0724177212,
            0.00178464933,
            -0.0724367127,
            0.996804595,
            0.0336679853,
            0.000659212412,
            -0.0337088071,
            0.999431491
          ]
        },
        "Visible": false,
        "Name": "Bone.002_Tail"
      }
    },
    {
      "id": "RBXCF756547823D48598A83BB4B7B86F753",
      "parent": "RBXC6C7DD936C444D3B8CA59A5DD456C1F8",
      "class": "Bone",
      "name": "Bone.002_Tail_Tail",
      "properties": {
        "CFrame": {
          "position": [
            0,
            0.666259766,
            0.0000610351562
          ],
          "rotation": [
            1,
            -1.21071952e-8,
            6.08888099e-16,
            1.21071952e-8,
            1,
            -5.02914261e-8,
            0,
            5.02914261e-8,
            1
          ]
        },
        "Visible": false,
        "Name": "Bone.002_Tail_Tail"
      }
    },
    {
      "id": "RBX8CDB2E446C8D46A8AFCAECDB3C0A8F82",
      "parent": "RBXD033B79165814D83B4845EB7369B68A6",
      "class": "Bone",
      "name": "Bone.003",
      "properties": {
        "CFrame": {
          "position": [
            0.00354003906,
            0.666107178,
            -0.0145263672
          ],
          "rotation": [
            0.00842904299,
            -0.999797106,
            -0.0182946045,
            0.999964476,
            0.00842904299,
            0.0000771332634,
            0.0000770883853,
            -0.0182946045,
            0.99983263
          ]
        },
        "Visible": false,
        "Name": "Bone.003"
      }
    },
    {
      "id": "RBXF3224A94B75E489AA63F4F854B4361A5",
      "parent": "RBX8CDB2E446C8D46A8AFCAECDB3C0A8F82",
      "class": "Bone",
      "name": "Bone.003_Tail",
      "properties": {
        "CFrame": {
          "position": [
            -0.0588684082,
            0.662719727,
            -0.0167236328
          ],
          "rotation": [
            0.997770727,
            -0.0667105317,
            -0.00182429771,
            0.066731438,
            0.997036874,
            0.0382671878,
            -0.000733932364,
            -0.0383036137,
            0.999265909
          ]
        },
        "Visible": false,
        "Name": "Bone.003_Tail"
      }
    },
    {
      "id": "RBXEA6421A1906F4D82ADECCC2B278D6470",
      "parent": "RBXF3224A94B75E489AA63F4F854B4361A5",
      "class": "Bone",
      "name": "Bone.003_Tail_Tail",
      "properties": {
        "CFrame": {
          "position": [
            0,
            0.66619873,
            0
          ],
          "rotation": [
            1,
            -1.21071952e-8,
            -6.08888099e-16,
            1.21071952e-8,
            1,
            5.02914261e-8,
            0,
            -5.02914261e-8,
            1
          ]
        },
        "Visible": false,
        "Name": "Bone.003_Tail_Tail"
      }
    },
    {
      "id": "RBXFAC0768BA00B4BDBBFCA1EC5FA63FC2E",
      "parent": "RBXD033B79165814D83B4845EB7369B68A6",
      "class": "Bone",
      "name": "Bone.004",
      "properties": {
        "CFrame": {
          "position": [
            0.00354003906,
            0.666107178,
            -0.0145263672
          ],
          "rotation": [
            0.99993664,
            0.011256963,
            0.0000486201461,
            -0.0000490303973,
            0.0086742416,
            -0.999962389,
            -0.0112569602,
            0.99989903,
            0.0086742444
          ]
        },
        "Visible": false,
        "Name": "Bone.004"
      }
    },
    {
      "id": "RBX9E22BEF8CD2E4082B346C55DB823E954",
      "parent": "RBXFAC0768BA00B4BDBBFCA1EC5FA63FC2E",
      "class": "Bone",
      "name": "Bone.004_Tail",
      "properties": {
        "CFrame": {
          "position": [
            0.0274658203,
            0.667602539,
            0.0543823242
          ],
          "rotation": [
            0.999238908,
            0.0389897116,
            -0.00118744641,
            -0.0389840901,
            0.997108459,
            -0.0652315319,
            -0.00135934504,
            0.0652281716,
            0.997869551
          ]
        },
        "Visible": false,
        "Name": "Bone.004_Tail"
      }
    },
    {
      "id": "RBXE295108DFFB04520AAD5909DBE12F274",
      "parent": "RBX9E22BEF8CD2E4082B346C55DB823E954",
      "class": "Bone",
      "name": "Bone.004_Tail_Tail",
      "properties": {
        "CFrame": {
          "position": [
            -0.000122070312,
            0.66619873,
            0.0000610351562
          ],
          "rotation": [
            1,
            -5.12227487e-8,
            -1.46683323e-8,
            5.12227487e-8,
            1,
            7.51352317e-16,
            1.46683323e-8,
            -1.50270463e-15,
            1
          ]
        },
        "Visible": false,
        "Name": "Bone.004_Tail_Tail"
      }
    },
    {
      "id": "RBX089F997B460A45828E5FD92B875CFFE3",
      "parent": "RBXD033B79165814D83B4845EB7369B68A6",
      "class": "Bone",
      "name": "Bone.005",
      "properties": {
        "CFrame": {
          "position": [
            0.00360107422,
            0.66607666,
            -0.0147705078
          ],
          "rotation": [
            0.99994272,
            0.0107025178,
            -0.000043995904,
            -0.0000440440963,
            0.0082257269,
            0.999966204,
            0.0107025178,
            -0.999908924,
            0.0082257269
          ]
        },
        "Visible": false,
        "Name": "Bone.005"
      }
    },
    {
      "id": "RBX5B9D328C106245949E503969C566AEA1",
      "parent": "RBX089F997B460A45828E5FD92B875CFFE3",
      "class": "Bone",
      "name": "Bone.005_Tail",
      "properties": {
        "CFrame": {
          "position": [
            0.0257568359,
            0.658081055,
            -0.0687561035
          ],
          "rotation": [
            0.999403238,
            0.0345208831,
            0.00126483734,
            -0.0345171988,
            0.996513486,
            0.0759578422,
            0.00136170443,
            -0.0759561658,
            0.997110367
          ]
        },
        "Visible": false,
        "Name": "Bone.005_Tail"
      }
    },
    {
      "id": "RBX20D8FBA8C1CE4836ADC33BACFF1FB65E",
      "parent": "RBX5B9D328C106245949E503969C566AEA1",
      "class": "Bone",
      "name": "Bone.005_Tail_Tail",
      "properties": {
        "CFrame": {
          "position": [
            -0.0000610351562,
            0.666259766,
            -0.0000610351562
          ],
          "rotation": [
            1,
            5.12227487e-8,
            1.46683323e-8,
            -5.12227487e-8,
            1,
            7.51352317e-16,
            -1.46683323e-8,
            -1.50270463e-15,
            1
          ]
        },
        "Visible": false,
        "Name": "Bone.005_Tail_Tail"
      }
    },
    {
      "id": "RBX93E73C172A4A41D5B0652F14A587445A",
      "parent": "RBX3ECEC0CCF249499090A30677A5444B82",
      "class": "Decal",
      "name": "Decal",
      "properties": {
        "Color3": [
          1,
          1,
          1
        ],
        "Texture": "rbxassetid://98970124020715",
        "Transparency": 0,
        "Face": 5,
        "Name": "Decal"
      }
    },
    {
      "id": "RBXF71C9FB544E847C1AA13FC177D70A50A",
      "parent": "RBX958372B191454729B5A23BAB8A4E3213",
      "class": "Model",
      "name": "LowerL",
      "properties": {
        "PrimaryPart": null,
        "Name": "LowerL"
      }
    },
    {
      "id": "RBXF1E11C4E17E7470ABA17B29D0D5EA192",
      "parent": "RBXF71C9FB544E847C1AA13FC177D70A50A",
      "class": "MeshPart",
      "name": "color5",
      "properties": {
        "HasSkinnedMesh": true,
        "MeshId": "rbxassetid://17837346792",
        "RenderFidelity": 0,
        "TextureID": null,
        "Anchored": false,
        "CanCollide": false,
        "CanQuery": true,
        "CanTouch": true,
        "Color3uint8": [
          1,
          1,
          0.8
        ],
        "Massless": false,
        "Material": 272,
        "PivotOffset": {
          "position": [
            0.0254185367,
            -0.00203392538,
            -5.76009604e-8
          ],
          "rotation": [
            1,
            0,
            0,
            0,
            0,
            -1,
            0,
            1,
            0
          ]
        },
        "Reflectance": 0,
        "Transparency": 0,
        "size": [
          1.25468588,
          1.3766942,
          1.15868866
        ],
        "Name": "color5",
        "LocalCFrame": {
          "position": [
            -0.424806,
            -0.988586,
            0.443926
          ],
          "rotation": [
            0.96593,
            0.258802,
            0.000021,
            -0.24999,
            0.93302,
            0.258802,
            0.066959,
            -0.24999,
            0.96593
          ]
        }
      }
    },
    {
      "id": "RBX29D60662DC694497862F9DF4386325DE",
      "parent": "RBXF1E11C4E17E7470ABA17B29D0D5EA192",
      "class": "Bone",
      "name": "Bone",
      "properties": {
        "CFrame": {
          "position": [
            0.0254185367,
            0.653323114,
            -5.76009676e-8
          ],
          "rotation": [
            -1,
            0,
            0,
            0,
            -1,
            0,
            0,
            0,
            1
          ]
        },
        "Visible": false,
        "Name": "Bone"
      }
    },
    {
      "id": "RBX21B1F55B1EFF481587A39F594A7F822D",
      "parent": "RBX29D60662DC694497862F9DF4386325DE",
      "class": "Bone",
      "name": "Bone.001",
      "properties": {
        "CFrame": {
          "position": [
            -0.00640869141,
            0.66607666,
            0.0145263672
          ],
          "rotation": [
            0.999899626,
            -0.0141691053,
            0.000205969598,
            0.0141690969,
            0.999476075,
            -0.0291028973,
            0.000206500292,
            0.0291028917,
            0.999576509
          ]
        },
        "Visible": false,
        "Name": "Bone.001"
      }
    },
    {
      "id": "RBXD98505A4378D438088EC88BC1E4A57B6",
      "parent": "RBX21B1F55B1EFF481587A39F594A7F822D",
      "class": "Bone",
      "name": "Bone.001_Tail",
      "properties": {
        "CFrame": {
          "position": [
            -0.009765625,
            0.666137695,
            -0.00231933594
          ],
          "rotation": [
            0.999824762,
            -0.01872118,
            0.000367306056,
            0.0187245607,
            0.999716341,
            -0.0147239165,
            -0.0000915527271,
            0.0147282109,
            0.999891698
          ]
        },
        "Visible": false,
        "Name": "Bone.001_Tail"
      }
    },
    {
      "id": "RBX23BDE91B4401444EA14E2B4F8C6E3807",
      "parent": "RBXD98505A4378D438088EC88BC1E4A57B6",
      "class": "Bone",
      "name": "Bone.001_Tail_Tail",
      "properties": {
        "CFrame": {
          "position": [
            -0.000122070312,
            0.666275024,
            0
          ],
          "rotation": [
            1,
            2.7939679e-8,
            4.47034907e-8,
            -2.79396808e-8,
            1,
            2.98023259e-8,
            -4.47034907e-8,
            -2.98023259e-8,
            1
          ]
        },
        "Visible": false,
        "Name": "Bone.001_Tail_Tail"
      }
    },
    {
      "id": "RBX39141834885C4E638BAB438D8BC46227",
      "parent": "RBX29D60662DC694497862F9DF4386325DE",
      "class": "Bone",
      "name": "Bone.002",
      "properties": {
        "CFrame": {
          "position": [
            -0.00640869141,
            0.66607666,
            0.0145263672
          ],
          "rotation": [
            0.00126782048,
            0.99987638,
            -0.0156724453,
            -0.999999225,
            0.00126782118,
            -0.00000988730426,
            0.00000998377709,
            0.0156724453,
            0.999877214
          ]
        },
        "Visible": false,
        "Name": "Bone.002"
      }
    },
    {
      "id": "RBX911F9C0A31864A1CB8B4D3E62B17C123",
      "parent": "RBX39141834885C4E638BAB438D8BC46227",
      "class": "Bone",
      "name": "Bone.002_Tail",
      "properties": {
        "CFrame": {
          "position": [
            0.0570678711,
            0.664245605,
            0.00817871094
          ],
          "rotation": [
            0.997551441,
            0.0699250847,
            -0.00128777616,
            -0.0699367523,
            0.997336626,
            -0.020700926,
            -0.000163167715,
            0.0207403004,
            0.999784887
          ]
        },
        "Visible": false,
        "Name": "Bone.002_Tail"
      }
    },
    {
      "id": "RBX846B8141F59B4CD9A0182E5DBA3F4855",
      "parent": "RBX911F9C0A31864A1CB8B4D3E62B17C123",
      "class": "Bone",
      "name": "Bone.002_Tail_Tail",
      "properties": {
        "CFrame": {
          "position": [
            0.0000305175781,
            0.666259766,
            -0.0000610351562
          ],
          "rotation": [
            1,
            -6.89178705e-8,
            -4.47034871e-8,
            6.89178705e-8,
            1,
            5.9604659e-8,
            4.47034836e-8,
            -5.9604659e-8,
            1
          ]
        },
        "Visible": false,
        "Name": "Bone.002_Tail_Tail"
      }
    },
    {
      "id": "RBX1DA0E954F0554E8E97CB6978EA46EE16",
      "parent": "RBX29D60662DC694497862F9DF4386325DE",
      "class": "Bone",
      "name": "Bone.003",
      "properties": {
        "CFrame": {
          "position": [
            -0.00640869141,
            0.66607666,
            0.0145263672
          ],
          "rotation": [
            0.00124019396,
            -0.999878407,
            0.015545994,
            0.999999285,
            0.00124018569,
            -0.0000101765436,
            -0.0000091046104,
            0.015545994,
            0.999879241
          ]
        },
        "Visible": false,
        "Name": "Bone.003"
      }
    },
    {
      "id": "RBX97E6760F1B024BCEA0D30F46485431E7",
      "parent": "RBX1DA0E954F0554E8E97CB6978EA46EE16",
      "class": "Bone",
      "name": "Bone.003_Tail",
      "properties": {
        "CFrame": {
          "position": [
            -0.069152832,
            0.661804199,
            0.0150146484
          ],
          "rotation": [
            0.996719003,
            -0.0809130296,
            0.00208126567,
            0.0809359774,
            0.996093273,
            -0.0353221707,
            0.000784888689,
            0.0353747271,
            0.999373853
          ]
        },
        "Visible": false,
        "Name": "Bone.003_Tail"
      }
    },
    {
      "id": "RBXB55CBD73D4364E118767124FE74C8F96",
      "parent": "RBX97E6760F1B024BCEA0D30F46485431E7",
      "class": "Bone",
      "name": "Bone.003_Tail_Tail",
      "properties": {
        "CFrame": {
          "position": [
            0.0000305175781,
            0.666259766,
            0
          ],
          "rotation": [
            1,
            -6.89178705e-8,
            4.47034871e-8,
            6.89178705e-8,
            1,
            -5.9604659e-8,
            -4.47034836e-8,
            5.9604659e-8,
            1
          ]
        },
        "Visible": false,
        "Name": "Bone.003_Tail_Tail"
      }
    },
    {
      "id": "RBX04742B52AD4C4C7C9B8524309A69A006",
      "parent": "RBX29D60662DC694497862F9DF4386325DE",
      "class": "Bone",
      "name": "Bone.004",
      "properties": {
        "CFrame": {
          "position": [
            -0.00640869141,
            0.66607666,
            0.0145263672
          ],
          "rotation": [
            0.999912679,
            -0.0132139921,
            -0.00000809342237,
            0.00000829994678,
            0.00124055147,
            -0.999999166,
            0.0132139921,
            0.999911904,
            0.00124055275
          ]
        },
        "Visible": false,
        "Name": "Bone.004"
      }
    },
    {
      "id": "RBX5E756F5E22024B9B9D292D9BF6F47D0A",
      "parent": "RBX04742B52AD4C4C7C9B8524309A69A006",
      "class": "Bone",
      "name": "Bone.004_Tail",
      "properties": {
        "CFrame": {
          "position": [
            0.00701904297,
            0.657348633,
            0.0727539062
          ],
          "rotation": [
            0.999995112,
            0.00314425724,
            -0.000221792492,
            -0.00315126823,
            0.995675683,
            -0.0928444564,
            -0.0000710934473,
            0.0928446874,
            0.99568069
          ]
        },
        "Visible": false,
        "Name": "Bone.004_Tail"
      }
    },
    {
      "id": "RBX2D0F9C13103E4199A957B9837555DD5C",
      "parent": "RBX5E756F5E22024B9B9D292D9BF6F47D0A",
      "class": "Bone",
      "name": "Bone.004_Tail_Tail",
      "properties": {
        "CFrame": {
          "position": [
            0,
            0.66619873,
            0
          ],
          "rotation": [
            1,
            5.96046519e-8,
            -3.53902614e-8,
            -5.96046519e-8,
            1,
            -1.4901163e-8,
            3.53902614e-8,
            1.49011647e-8,
            1
          ]
        },
        "Visible": false,
        "Name": "Bone.004_Tail_Tail"
      }
    },
    {
      "id": "RBXA8E0DE0623E4482FB7970BC876C46C3C",
      "parent": "RBX29D60662DC694497862F9DF4386325DE",
      "class": "Bone",
      "name": "Bone.005",
      "properties": {
        "CFrame": {
          "position": [
            -0.00640869141,
            0.66607666,
            0.0145263672
          ],
          "rotation": [
            0.999906659,
            -0.0136648118,
            0.00000871000157,
            0.00000888109207,
            0.00128726661,
            0.999999225,
            -0.0136648118,
            -0.999905825,
            0.00128726778
          ]
        },
        "Visible": false,
        "Name": "Bone.005"
      }
    },
    {
      "id": "RBX0A2E29A6440242F08A15D00E4B2CD731",
      "parent": "RBXA8E0DE0623E4482FB7970BC876C46C3C",
      "class": "Bone",
      "name": "Bone.005_Tail",
      "properties": {
        "CFrame": {
          "position": [
            0.00756835938,
            0.668457031,
            -0.0569458008
          ],
          "rotation": [
            0.999994159,
            0.00342881633,
            0.000211347317,
            -0.00343501568,
            0.997186661,
            0.0748808309,
            0.0000459998846,
            -0.0748811141,
            0.997192621
          ]
        },
        "Visible": false,
        "Name": "Bone.005_Tail"
      }
    },
    {
      "id": "RBXD1D971A4632C4723B984C3DD5A71608B",
      "parent": "RBX0A2E29A6440242F08A15D00E4B2CD731",
      "class": "Bone",
      "name": "Bone.005_Tail_Tail",
      "properties": {
        "CFrame": {
          "position": [
            -0.000122070312,
            0.666259766,
            -0.0000152587891
          ],
          "rotation": [
            1,
            -5.96046519e-8,
            3.53902614e-8,
            5.96046519e-8,
            1,
            -1.4901163e-8,
            -3.53902614e-8,
            1.49011647e-8,
            1
          ]
        },
        "Visible": false,
        "Name": "Bone.005_Tail_Tail"
      }
    },
    {
      "id": "RBXBD7FD02B84AB47E8B6C21CA96BB1D92F",
      "parent": "RBXF1E11C4E17E7470ABA17B29D0D5EA192",
      "class": "Decal",
      "name": "Decal",
      "properties": {
        "Color3": [
          1,
          1,
          1
        ],
        "Texture": "rbxassetid://76773888719831",
        "Transparency": 0,
        "Face": 2,
        "Name": "Decal"
      }
    },
    {
      "id": "RBX93685D3BCEC64A97A847BB9CA868DA9F",
      "parent": "RBXF71C9FB544E847C1AA13FC177D70A50A",
      "class": "Part",
      "name": "Middle",
      "properties": {
        "shape": 1,
        "Anchored": false,
        "CanCollide": false,
        "CanQuery": true,
        "CanTouch": true,
        "Color3uint8": [
          0.584314,
          0.568627,
          0.623529
        ],
        "Massless": false,
        "Material": 272,
        "PivotOffset": {
          "position": [
            0,
            0,
            0
          ],
          "rotation": [
            1,
            0,
            0,
            0,
            1,
            0,
            0,
            0,
            1
          ]
        },
        "Reflectance": 0,
        "Transparency": 1,
        "size": [
          0.209008768,
          0.209008768,
          0.209008768
        ],
        "Name": "Middle",
        "LocalCFrame": {
          "position": [
            -0.249858,
            -1.00003,
            0.500533
          ],
          "rotation": [
            1,
            0,
            0,
            0,
            1,
            0,
            0,
            0,
            1
          ]
        }
      }
    },
    {
      "id": "RBXBDBD103ABDB2427E9760800E99D78621",
      "parent": "RBX93685D3BCEC64A97A847BB9CA868DA9F",
      "class": "SpecialMesh",
      "name": "Mesh",
      "properties": {
        "MeshType": 6,
        "MeshId": null,
        "TextureId": null,
        "Offset": [
          0,
          0,
          0
        ],
        "Scale": [
          0,
          0,
          0
