{
  "format": "overlay_json_v1",
  "kind": "morph_bundle",
  "version": 1,
  "asset_id": "morph_2772-bbc-2-condom",
  "name": "BBC 2 Condom",
  "source_file": "2772-bbc-2-condom.rbxmx",
  "anchor": "HumanoidRootPart",
  "anchor_candidates": [
    "HumanoidRootPart",
    "UpperTorso",
    "Torso",
    "Head"
  ],
  "jiggle": false,
  "root_cframe": {
    "position": [
      -5192.37451,
      31264.2598,
      -2425.00439
    ],
    "rotation": [
      -1,
      1.39698708e-9,
      1.16531695e-7,
      1.39698342e-9,
      1,
      -2.98025427e-8,
      -1.16531695e-7,
      -2.98025427e-8,
      -1
    ]
  },
  "class_counts": {
    "Folder": 1,
    "Model": 3,
    "Part": 4,
    "UnionOperation": 14,
    "ParticleEmitter": 1,
    "Motor6D": 8,
    "SpecialMesh": 1
  },
  "nodes": [
    {
      "id": "RBX2EFCF424D8E44C39BE8A440F24F1A4C5",
      "parent": null,
      "class": "Folder",
      "name": "BBC 2 Condom",
      "properties": {
        "Name": "BBC 2 Condom"
      }
    },
    {
      "id": "RBX90B7CB9CBDAE450D875FBE3DA44A7B00",
      "parent": "RBX2EFCF424D8E44C39BE8A440F24F1A4C5",
      "class": "Model",
      "name": "Orbs",
      "properties": {
        "PrimaryPart": null,
        "Name": "Orbs"
      }
    },
    {
      "id": "RBXBE8EE84A429D4D978010DF1FE62F1239",
      "parent": "RBX90B7CB9CBDAE450D875FBE3DA44A7B00",
      "class": "Part",
      "name": "Middle",
      "properties": {
        "shape": 1,
        "Anchored": true,
        "CanCollide": false,
        "CanQuery": true,
        "CanTouch": true,
        "Color3uint8": [
          1,
          0,
          0
        ],
        "Massless": false,
        "Material": 256,
        "PivotOffset": {
          "position": [
            0,
            0,
            0
          ],
          "rotation": [
            1,
            0,
            0,
            0,
            1,
            0,
            0,
            0,
            1
          ]
        },
        "Reflectance": 0,
        "Transparency": 0,
        "size": [
          0.199967623,
          0.199967623,
          0.199967623
        ],
        "Name": "Middle",
        "LocalCFrame": {
          "position": [
            0,
            0,
            0
          ],
          "rotation": [
            1,
            0,
            0,
            0,
            1,
            0,
            0,
            0,
            1
          ]
        }
      }
    },
    {
      "id": "RBXFB63B2A065614632AA4977D6224FD72B",
      "parent": "RBX90B7CB9CBDAE450D875FBE3DA44A7B00",
      "class": "UnionOperation",
      "name": "color5",
      "properties": {
        "UsePartColor": true,
        "Anchored": false,
        "CanCollide": true,
        "CanQuery": true,
        "CanTouch": true,
        "Color3uint8": [
          0.972549,
          0.972549,
          0.972549
        ],
        "Massless": false,
        "Material": 272,
        "PivotOffset": {
          "position": [
            0,
            0,
            0
          ],
          "rotation": [
            1,
            0,
            0,
            0,
            1,
            0,
            0,
            0,
            1
          ]
        },
        "Reflectance": 0,
        "Transparency": 0,
        "size": [
          0.934231699,
          0.487541974,
          0.819588184
        ],
        "Name": "color5",
        "LocalCFrame": {
          "position": [
            0.03906,
            -0.4043,
            0.01246
          ],
          "rotation": [
            -0.342876,
            -0.001166,
            0.93938,
            -0.93938,
            0.001416,
            -0.342874,
            -0.00093,
            -0.999998,
            -0.001581
          ]
        }
      }
    },
    {
      "id": "RBX727AF064F5534D928060D2D159FF3809",
      "parent": "RBX2EFCF424D8E44C39BE8A440F24F1A4C5",
      "class": "Model",
      "name": "Rod",
      "properties": {
        "PrimaryPart": null,
        "Name": "Rod"
      }
    },
    {
      "id": "RBXCAA243CDE1CC4B50BE04B74A153AB507",
      "parent": "RBX727AF064F5534D928060D2D159FF3809",
      "class": "Part",
      "name": "Middle",
      "properties": {
        "shape": 1,
        "Anchored": true,
        "CanCollide": false,
        "CanQuery": true,
        "CanTouch": true,
        "Color3uint8": [
          1,
          0,
          0
        ],
        "Massless": false,
        "Material": 256,
        "PivotOffset": {
          "position": [
            0,
            0,
            0
          ],
          "rotation": [
            1,
            0,
            0,
            0,
            1,
            0,
            0,
            0,
            1
          ]
        },
        "Reflectance": 0,
        "Transparency": 0,
        "size": [
          0.201337457,
          0.201337457,
          0.201337457
        ],
        "Name": "Middle",
        "LocalCFrame": {
          "position": [
            0.00195,
            0.0312,
            -0.01464
          ],
          "rotation": [
            1,
            0,
            0,
            0,
            1,
            0.000038,
            0,
            -0.000038,
            1
          ]
        }
      }
    },
    {
      "id": "RBX9FF9451DE3A54C1E8B08F717193F3EB5",
      "parent": "RBX727AF064F5534D928060D2D159FF3809",
      "class": "Part",
      "name": "Particle1",
      "properties": {
        "shape": 1,
        "Anchored": true,
        "CanCollide": true,
        "CanQuery": true,
        "CanTouch": true,
        "Color3uint8": [
          1,
          0.580392,
          0.580392
        ],
        "Massless": false,
        "Material": 272,
        "PivotOffset": {
          "position": [
            0,
            0,
            0
          ],
          "rotation": [
            1,
            0,
            0,
            0,
            1,
            0,
            0,
            0,
            1
          ]
        },
        "Reflectance": 0,
        "Transparency": 1,
        "size": [
          0.155429959,
          0.155429959,
          0.155429959
        ],
        "Name": "Particle1",
        "LocalCFrame": {
          "position": [
            0.01221,
            0.4511,
            -1.56835
          ],
          "rotation": [
            -0.999751,
            0.022197,
            0.002303,
            0.00367,
            0.265327,
            -0.964152,
            -0.022012,
            -0.963903,
            -0.265343
          ]
        }
      }
    },
    {
      "id": "RBX073030878B244327B9080E91A64BB9F1",
      "parent": "RBX9FF9451DE3A54C1E8B08F717193F3EB5",
      "class": "ParticleEmitter",
      "name": "Particles",
      "properties": {
        "Acceleration": [
          0,
          -14.9975719,
          0
        ],
        "Color": "0 1 1 1 0 1 1 1 1 0",
        "Drag": 0,
        "Enabled": false,
        "Lifetime": [
          1,
          1.5
        ],
        "LightEmission": 0,
        "LightInfluence": 1,
        "LockedToPart": false,
        "Rate": 25,
        "RotSpeed": [
          0,
          0
        ],
        "Rotation": [
          90,
          90
        ],
        "Size": "0 0.079987 0 0.8 0.079987 0 1 0 0",
        "Speed": [
          3.99935,
          5.99903
        ],
        "SpreadAngle": [
          10,
          10
        ],
        "Texture": "rbxassetid://3202767053",
        "TimeScale": 1,
        "Transparency": "0 0 0 0.9 0 0 1 1 0",
        "VelocityInheritance": 0,
        "ZOffset": 0,
        "Name": "Particles"
      }
    },
    {
      "id": "RBXC496405AECA14D41B831697E486F4799",
      "parent": "RBX727AF064F5534D928060D2D159FF3809",
      "class": "UnionOperation",
      "name": "color5",
      "properties": {
        "UsePartColor": true,
        "Anchored": false,
        "CanCollide": true,
        "CanQuery": true,
        "CanTouch": true,
        "Color3uint8": [
          0.972549,
          0.972549,
          0.972549
        ],
        "Massless": false,
        "Material": 272,
        "PivotOffset": {
          "position": [
            0,
            0,
            0
          ],
          "rotation": [
            1,
            0,
            0,
            0,
            1,
            0,
            0,
            0,
            1
          ]
        },
        "Reflectance": 0,
        "Transparency": 0,
        "size": [
          0.0672295764,
          0.747480333,
          0.0947684422
        ],
        "Name": "color5",
        "LocalCFrame": {
          "position": [
            -0.12744,
            -0.1016,
            -0.2622
          ],
          "rotation": [
            0.666572,
            -0.173829,
            -0.72489,
            -0.719341,
            0.10507,
            -0.686666,
            0.195526,
            0.979155,
            -0.055005
          ]
        }
      }
    },
    {
      "id": "RBX7BF820A743F34C07950E52A4DCF5344E",
      "parent": "RBX727AF064F5534D928060D2D159FF3809",
      "class": "UnionOperation",
      "name": "color5",
      "properties": {
        "UsePartColor": true,
        "Anchored": false,
        "CanCollide": true,
        "CanQuery": true,
        "CanTouch": true,
        "Color3uint8": [
          0.972549,
          0.972549,
          0.972549
        ],
        "Massless": false,
        "Material": 272,
        "PivotOffset": {
          "position": [
            0,
            0,
            0
          ],
          "rotation": [
            1,
            0,
            0,
            0,
            1,
            0,
            0,
            0,
            1
          ]
        },
        "Reflectance": 0,
        "Transparency": 0,
        "size": [
          0.100995511,
          0.426802188,
          0.0498222411
        ],
        "Name": "color5",
        "LocalCFrame": {
          "position": [
            0.05567,
            0.3183,
            -1.10449
          ],
          "rotation": [
            0.999438,
            -0.018992,
            -0.027642,
            -0.022939,
            0.214141,
            -0.976533,
            0.024465,
            0.976618,
            0.213585
          ]
        }
      }
    },
    {
      "id": "RBXDC5E3EA1B3B54DB59BBA65DF2FF04B49",
      "parent": "RBX727AF064F5534D928060D2D159FF3809",
      "class": "UnionOperation",
      "name": "color5",
      "properties": {
        "UsePartColor": true,
        "Anchored": false,
        "CanCollide": true,
        "CanQuery": true,
        "CanTouch": true,
        "Color3uint8": [
          0.972549,
          0.972549,
          0.972549
        ],
        "Massless": false,
        "Material": 272,
        "PivotOffset": {
          "position": [
            0,
            0,
            0
          ],
          "rotation": [
            1,
            0,
            0,
            0,
            1,
            0,
            0,
            0,
            1
          ]
        },
        "Reflectance": 0,
        "Transparency": 0,
        "size": [
          0.193097249,
          0.958237946,
          0.129670769
        ],
        "Name": "color5",
        "LocalCFrame": {
          "position": [
            0.06348,
            0.2109,
            -0.26001
          ],
          "rotation": [
            0.922328,
            -0.267771,
            0.278588,
            0.267695,
            -0.077145,
            -0.960411,
            0.278662,
            0.960391,
            0.000529
          ]
        }
      }
    },
    {
      "id": "RBX49F9F74073B14FA2A1B3540E69FECF74",
      "parent": "RBX727AF064F5534D928060D2D159FF3809",
      "class": "UnionOperation",
      "name": "color5",
      "properties": {
        "UsePartColor": true,
        "Anchored": false,
        "CanCollide": true,
        "CanQuery": true,
        "CanTouch": true,
        "Color3uint8": [
          0.972549,
          0.972549,
          0.972549
        ],
        "Massless": false,
        "Material": 272,
        "PivotOffset": {
          "position": [
            0,
            0,
            0
          ],
          "rotation": [
            1,
            0,
            0,
            0,
            1,
            0,
            0,
            0,
            1
          ]
        },
        "Reflectance": 0,
        "Transparency": 0,
        "size": [
          0.159649104,
          0.414306402,
          0.159403503
        ],
        "Name": "color5",
        "LocalCFrame": {
          "position": [
            0.20947,
            0.1601,
            -1.00195
          ],
          "rotation": [
            0.303834,
            -0.314184,
            -0.899429,
            -0.838376,
            0.360272,
            -0.409059,
            0.452559,
            0.878346,
            -0.153942
          ]
        }
      }
    },
    {
      "id": "RBX8517DEA591FD48208A02BCF8659A8C97",
      "parent": "RBX727AF064F5534D928060D2D159FF3809",
      "class": "UnionOperation",
      "name": "color5",
      "properties": {
        "UsePartColor": true,
        "Anchored": false,
        "CanCollide": true,
        "CanQuery": true,
        "CanTouch": true,
        "Color3uint8": [
          0.972549,
          0.972549,
          0.972549
        ],
        "Massless": false,
        "Material": 272,
        "PivotOffset": {
          "position": [
            0,
            0,
            0
          ],
          "rotation": [
            1,
            0,
            0,
            0,
            1,
            0,
            0,
            0,
            1
          ]
        },
        "Reflectance": 0,
        "Transparency": 0,
        "size": [
          0.231756702,
          0.372362584,
          0.230755433
        ],
        "Name": "color5",
        "LocalCFrame": {
          "position": [
            0.19678,
            0.0996,
            -0.81543
          ],
          "rotation": [
            0.017919,
            0.249478,
            -0.968216,
            -0.466685,
            0.858499,
            0.21257,
            0.884244,
            0.448043,
            0.131811
          ]
        }
      }
    },
    {
      "id": "RBX226E1A06CD6E4EB6A95A5A935484D197",
      "parent": "RBX727AF064F5534D928060D2D159FF3809",
      "class": "UnionOperation",
      "name": "color5",
      "properties": {
        "UsePartColor": true,
        "Anchored": false,
        "CanCollide": true,
        "CanQuery": true,
        "CanTouch": true,
        "Color3uint8": [
          0.972549,
          0.972549,
          0.972549
        ],
        "Massless": false,
        "Material": 272,
        "PivotOffset": {
          "position": [
            0,
            0,
            0
          ],
          "rotation": [
            1,
            0,
            0,
            0,
            1,
            0,
            0,
            0,
            1
          ]
        },
        "Reflectance": 0,
        "Transparency": 0,
        "size": [
          0.209393993,
          0.87165004,
          0.223426133
        ],
        "Name": "color5",
        "LocalCFrame": {
          "position": [
            -0.13623,
            -0.1133,
            -0.41943
          ],
          "rotation": [
            0.68566,
            0.463745,
            0.561082,
            0.687675,
            -0.159912,
            -0.70819,
            -0.238696,
            0.871419,
            -0.42855
          ]
        }
      }
    },
    {
      "id": "RBX68F1465647B6486E89F16AAC61B25D4E",
      "parent": "RBX727AF064F5534D928060D2D159FF3809",
      "class": "UnionOperation",
      "name": "color5",
      "properties": {
        "UsePartColor": true,
        "Anchored": false,
        "CanCollide": true,
        "CanQuery": true,
        "CanTouch": true,
        "Color3uint8": [
          0.972549,
          0.972549,
          0.972549
        ],
        "Massless": false,
        "Material": 272,
        "PivotOffset": {
          "position": [
            0,
            0,
            0
          ],
          "rotation": [
            1,
            0,
            0,
            0,
            1,
            0,
            0,
            0,
            1
          ]
        },
        "Reflectance": 0,
        "Transparency": 0,
        "size": [
          0.0933877528,
          0.336018145,
          0.297755897
        ],
        "Name": "color5",
        "LocalCFrame": {
          "position": [
            -0.19189,
            0.0175,
            -1.11865
          ],
          "rotation": [
            0.964944,
            0.18556,
            0.185612,
            0.245322,
            -0.88903,
            -0.386579,
            0.093281,
            0.418562,
            -0.903385
          ]
        }
      }
    },
    {
      "id": "RBX9BD8E3862BB349F4984FB187E469E69F",
      "parent": "RBX727AF064F5534D928060D2D159FF3809",
      "class": "UnionOperation",
      "name": "color5",
      "properties": {
        "UsePartColor": true,
        "Anchored": false,
        "CanCollide": true,
        "CanQuery": true,
        "CanTouch": true,
        "Color3uint8": [
          0.972549,
          0.972549,
          0.972549
        ],
        "Massless": false,
        "Material": 272,
        "PivotOffset": {
          "position": [
            0,
            0,
            0
          ],
          "rotation": [
            1,
            0,
            0,
            0,
            1,
            0,
            0,
            0,
            1
          ]
        },
        "Reflectance": 0,
        "Transparency": 0,
        "size": [
          0.157935262,
          0.723575115,
          0.235235393
        ],
        "Name": "color5",
        "LocalCFrame": {
          "position": [
            -0.17969,
            -0.0059,
            -0.98095
          ],
          "rotation": [
            0.948931,
            -0.0343,
            0.313616,
            0.3153,
            0.068887,
            -0.94649,
            0.010861,
            0.997036,
            0.076184
          ]
        }
      }
    },
    {
      "id": "RBX05EB7AB29E224B7EAD9ABFCB5B952B33",
      "parent": "RBX727AF064F5534D928060D2D159FF3809",
      "class": "UnionOperation",
      "name": "color1",
      "properties": {
        "UsePartColor": true,
        "Anchored": false,
        "CanCollide": true,
        "CanQuery": true,
        "CanTouch": true,
        "Color3uint8": [
          0.972549,
          0.972549,
          0.972549
        ],
        "Massless": false,
        "Material": 272,
        "PivotOffset": {
          "position": [
            0,
            0,
            0
          ],
          "rotation": [
            1,
            0,
            0,
            0,
            1,
            0,
            0,
            0,
            1
          ]
        },
        "Reflectance": 0,
        "Transparency": 0,
        "size": [
          0.444506735,
          0.463276327,
          0.337985992
        ],
        "Name": "color1",
        "LocalCFrame": {
          "position": [
            0.01074,
            0.4004,
            -1.39355
          ],
          "rotation": [
            -1.000001,
            -0.000007,
            -0.000055,
            -0.000052,
            0.490331,
            0.871537,
            0.00002,
            0.871538,
            -0.490332
          ]
        }
      }
    },
    {
      "id": "RBX501289DD69204471BE93AC2A8B6611FE",
      "parent": "RBX727AF064F5534D928060D2D159FF3809",
      "class": "UnionOperation",
      "name": "color5",
      "properties": {
        "UsePartColor": true,
        "Anchored": false,
        "CanCollide": true,
        "CanQuery": true,
        "CanTouch": true,
        "Color3uint8": [
          0.972549,
          0.972549,
          0.972549
        ],
        "Massless": false,
        "Material": 272,
        "PivotOffset": {
          "position": [
            0,
            0,
            0
          ],
          "rotation": [
            1,
            0,
            0,
            0,
            1,
            0,
            0,
            0,
            1
          ]
        },
        "Reflectance": 0,
        "Transparency": 0,
        "size": [
          0.239071846,
          1.65513945,
          0.67356503
        ],
        "Name": "color5",
        "LocalCFrame": {
          "position": [
            0.00488,
            0.0312,
            -0.75415
          ],
          "rotation": [
            -1.000001,
            0.000041,
            -0.000033,
            -0.000049,
            -0.476724,
            0.879054,
            0.000021,
            0.879055,
            0.476724
          ]
        }
      }
    },
    {
      "id": "RBXFCF9BA2E24914ECBAD6C9344D1F1E297",
      "parent": "RBX727AF064F5534D928060D2D159FF3809",
      "class": "UnionOperation",
      "name": "color5",
      "properties": {
        "UsePartColor": true,
        "Anchored": false,
        "CanCollide": true,
        "CanQuery": true,
        "CanTouch": true,
        "Color3uint8": [
          0.972549,
          0.972549,
          0.972549
        ],
        "Massless": false,
        "Material": 272,
        "PivotOffset": {
          "position": [
            0,
            0,
            0
          ],
          "rotation": [
            1,
            0,
            0,
            0,
            1,
            0,
            0,
            0,
            1
          ]
        },
        "Reflectance": 0,
        "Transparency": 0,
        "size": [
          0.564621866,
          1.92779648,
          0.608855724
        ],
        "Name": "color5",
        "LocalCFrame": {
          "position": [
            0.00488,
            0.0449,
            -0.63085
          ],
          "rotation": [
            -1.000001,
            0.000032,
            -0.000044,
            -0.00005,
            -0.207794,
            0.978174,
            0.000022,
            0.978174,
            0.207794
          ]
        }
      }
    },
    {
      "id": "RBX8ABCFADC603249AFAB9E1F1AC63AB5F8",
      "parent": "RBXFCF9BA2E24914ECBAD6C9344D1F1E297",
      "class": "Motor6D",
      "name": "urethra",
      "properties": {
        "C0": {
          "position": [
            -0.000150725245,
            -0.117942519,
            -0.0386433601
          ],
          "rotation": [
            1,
            0.00000136332346,
            -3.03055458e-7,
            -0.00000122116944,
            0.95892626,
            0.283655882,
            6.73657382e-7,
            -0.283655852,
            0.95892626
          ]
        },
        "C1": {
          "position": [
            0,
            0,
            0
          ],
          "rotation": [
            1,
            0,
            0,
            0,
            1,
            0,
            0,
            0,
            1
          ]
        },
        "Enabled": true,
        "Part0": "RBXFCF9BA2E24914ECBAD6C9344D1F1E297",
        "Part1": "RBX501289DD69204471BE93AC2A8B6611FE",
        "Name": "urethra"
      }
    },
    {
      "id": "RBXA02EFFB2C5304A25800C120A1702C452",
      "parent": "RBXFCF9BA2E24914ECBAD6C9344D1F1E297",
      "class": "Motor6D",
      "name": "tip",
      "properties": {
        "C0": {
          "position": [
            -0.00593480607,
            -0.819983065,
            0.190088108
          ],
          "rotation": [
            1,
            0.00000207558151,
            9.18792466e-7,
            -9.50723916e-7,
            0.75062573,
            -0.660727739,
            -0.00000206473169,
            0.66072768,
            0.75062573
          ]
        },
        "C1": {
          "position": [
            0,
            0,
            0
          ],
          "rotation": [
            1,
            0,
            0,
            0,
            1,
            0,
            0,
            0,
            1
          ]
        },
        "Enabled": true,
        "Part0": "RBXFCF9BA2E24914ECBAD6C9344D1F1E297",
        "Part1": "RBX05EB7AB29E224B7EAD9ABFCB5B952B33",
        "Name": "tip"
      }
    },
    {
      "id": "RBX10B50BA0CC0A4B7CB142BF2731D51F1A",
      "parent": "RBXFCF9BA2E24914ECBAD6C9344D1F1E297",
      "class": "Motor6D",
      "name": "Union",
      "properties": {
        "C0": {
          "position": [
            -0.204779074,
            -0.3871755,
            0.0362765081
          ],
          "rotation": [
            -0.303783685,
            0.31418559,
            0.899445951,
            0.616900623,
            0.784308553,
            -0.0656115264,
            -0.726053238,
            0.534935832,
            -0.432079792
          ]
        },
        "C1": {
          "position": [
            0,
            0,
            0
          ],
          "rotation": [
            1,
            0,
            0,
            0,
            1,
            0,
            0,
            0,
            1
          ]
        },
        "Enabled": true,
        "Part0": "RBXFCF9BA2E24914ECBAD6C9344D1F1E297",
        "Part1": "RBX49F9F74073B14FA2A1B3540E69FECF74",
        "Name": "Union"
      }
    },
    {
      "id": "RBX2CA00E072E374CE48D8EFABE4433724A",
      "parent": "RBXFCF9BA2E24914ECBAD6C9344D1F1E297",
      "class": "Motor6D",
      "name": "Union",
      "properties": {
        "C0": {
          "position": [
            0.184789166,
            -0.33185932,
            -0.122684471
          ],
          "rotation": [
            -0.948945522,
            0.0343185924,
            -0.313567549,
            -0.0548634455,
            0.960956752,
            0.271205038,
            0.310632259,
            0.27456221,
            -0.910012782
          ]
        },
        "C1": {
          "position": [
            0,
            0,
            0
          ],
          "rotation": [
            1,
            0,
            0,
            0,
            1,
            0,
            0,
            0,
            1
          ]
        },
        "Enabled": true,
        "Part0": "RBXFCF9BA2E24914ECBAD6C9344D1F1E297",
        "Part1": "RBX9BD8E3862BB349F4984FB187E469E69F",
        "Name": "Union"
      }
    },
    {
      "id": "RBXD3529DB0C5A343EF9422C215AF3F093B",
      "parent": "RBXFCF9BA2E24914ECBAD6C9344D1F1E297",
      "class": "Motor6D",
      "name": "Union",
      "properties": {
        "C0": {
          "position": [
            0.141191885,
            0.23972851,
            -0.110739484
          ],
          "rotation": [
            -0.685698569,
            -0.46371761,
            -0.561055541,
            -0.376358211,
            0.885640562,
            -0.272020817,
            0.623034537,
            0.0246336069,
            -0.781806469
          ]
        },
        "C1": {
          "position": [
            0,
            0,
            0
          ],
          "rotation": [
            1,
            0,
            0,
            0,
            1,
            0,
            0,
            0,
            1
          ]
        },
        "Enabled": true,
        "Part0": "RBXFCF9BA2E24914ECBAD6C9344D1F1E297",
        "Part1": "RBX226E1A06CD6E4EB6A95A5A935484D197",
        "Name": "Union"
      }
    },
    {
      "id": "RBX176D982721354A02A5374746FB747833",
      "parent": "RBXFCF9BA2E24914ECBAD6C9344D1F1E297",
      "class": "Motor6D",
      "name": "Union",
      "properties": {
        "C0": {
          "position": [
            -0.191816747,
            -0.192061633,
            0.0160122048
          ],
          "rotation": [
            -0.0178767499,
            -0.24951078,
            0.968206942,
            0.961916268,
            0.259879798,
            0.0847326368,
            -0.27275908,
            0.93284893,
            0.235362619
          ]
        },
        "C1": {
          "position": [
            0,
            0,
            0
          ],
          "rotation": [
            1,
            0,
            0,
            0,
            1,
            0,
            0,
            0,
            1
          ]
        },
        "Enabled": true,
        "Part0": "RBXFCF9BA2E24914ECBAD6C9344D1F1E297",
        "Part1": "RBX8517DEA591FD48208A02BCF8659A8C97",
        "Name": "Union"
      }
    },
    {
      "id": "RBX149FFE1ADE144FE492F6EFA52ADB3CD2",
      "parent": "RBXFCF9BA2E24914ECBAD6C9344D1F1E297",
      "class": "Motor6D",
      "name": "Union",
      "properties": {
        "C0": {
          "position": [
            -0.058500234,
            0.328279555,
            0.239828572
          ],
          "rotation": [
            -0.922334492,
            0.267795175,
            -0.278540492,
            0.216982558,
            0.955448329,
            0.200092822,
            0.319714934,
            0.124114089,
            -0.93934989
          ]
        },
        "C1": {
          "position": [
            0,
            0,
            0
          ],
          "rotation": [
            1,
            0,
            0,
            0,
            1,
            0,
            0,
            0,
            1
          ]
        },
        "Enabled": true,
        "Part0": "RBXFCF9BA2E24914ECBAD6C9344D1F1E297",
        "Part1": "RBXDC5E3EA1B3B54DB59BBA65DF2FF04B49",
        "Name": "Union"
      }
    },
    {
      "id": "RBXD8CB1B41FF094D8FA8CF2F0A40E584F7",
      "parent": "RBXFCF9BA2E24914ECBAD6C9344D1F1E297",
      "class": "Motor6D",
      "name": "Union",
      "properties": {
        "C0": {
          "position": [
            0.19654575,
            -0.471619308,
            -0.127180308
          ],
          "rotation": [
            -0.964953959,
            -0.185506433,
            -0.185611039,
            0.040298935,
            0.594166815,
            -0.803338349,
            0.259307563,
            -0.782660186,
            -0.565866709
          ]
        },
        "C1": {
          "position": [
            0,
            0,
            0
          ],
          "rotation": [
            1,
            0,
            0,
            0,
            1,
            0,
            0,
            0,
            1
          ]
        },
        "Enabled": true,
        "Part0": "RBXFCF9BA2E24914ECBAD6C9344D1F1E297",
        "Part1": "RBX68F1465647B6486E89F16AAC61B25D4E",
        "Name": "Union"
      }
    },
    {
      "id": "RBXA326DAF1607C4AEA8EF7A6E72697A803",
      "parent": "RBX727AF064F5534D928060D2D159FF3809",
      "class": "UnionOperation",
      "name": "Union",
      "properties": {
        "UsePartColor": false,
        "Anchored": true,
        "CanCollide": true,
        "CanQuery": true,
        "CanTouch": true,
        "Color3uint8": [
          1,
          0,
          0.74902
        ],
        "Massless": false,
        "Material": 272,
        "PivotOffset": {
          "position": [
            0,
            0,
            0
          ],
          "rotation": [
            1,
            0,
            0,
            0,
            1,
            0,
            0,
            0,
            1
          ]
        },
        "Reflectance": 0,
        "Transparency": 0.600000024,
        "size": [
          0.698605061,
          1.5861851,
          0.5909639
        ],
        "Name": "Union",
        "LocalCFrame": {
          "position": [
            0.00537,
            0.1562,
            -0.95849
          ],
          "rotation": [
            0,
            0,
            1.000001,
            -0.933581,
            0.358368,
            0,
            -0.358368,
            -0.933581,
            0
          ]
        }
      }
    },
    {
      "id": "RBX630A834A913A4D5FB06EE276D2D95DAA",
      "parent": "RBX727AF064F5534D928060D2D159FF3809",
      "class": "UnionOperation",
      "name": "Union",
      "properties": {
        "UsePartColor": true,
        "Anchored": true,
        "CanCollide": true,
        "CanQuery": true,
        "CanTouch": true,
        "Color3uint8": [
          1,
          0.45098,
          0.623529
        ],
        "Massless": false,
        "Material": 272,
        "PivotOffset": {
          "position": [
            0,
            0,
            0
          ],
          "rotation": [
            1,
            0,
            0,
            0,
            1,
            0,
            0,
            0,
            1
          ]
        },
        "Reflectance": 0,
        "Transparency": 0,
        "size": [
          0.1344551,
          0.584526002,
          0.556502342
        ],
        "Name": "Union",
        "LocalCFrame": {
          "position": [
            0.00977,
            0,
            -0.28466
          ],
          "rotation": [
            0,
            0,
            1,
            -0.057952,
            0.998319,
            0,
            -0.99832,
            -0.057952,
            0
          ]
        }
      }
    },
    {
      "id": "RBX4C6FF1DA50EE4BBFAA0F015596D7A1C6",
      "parent": "RBX2EFCF424D8E44C39BE8A440F24F1A4C5",
      "class": "Model",
      "name": "LowerStaticA",
      "properties": {
        "PrimaryPart": "RBX7CC6AFC91AC74CA9ADAA46641F20ABBB",
        "Name": "LowerStaticA"
      }
    },
    {
      "id": "RBX7CC6AFC91AC74CA9ADAA46641F20ABBB",
      "parent": "RBX4C6FF1DA50EE4BBFAA0F015596D7A1C6",
      "class": "Part",
      "name": "Middle",
      "properties": {
        "shape": 1,
        "Anchored": true,
        "CanCollide": false,
        "CanQuery": true,
        "CanTouch": true,
        "Color3uint8": [
          0.972549,
          0.972549,
          0.972549
        ],
        "Massless": false,
        "Material": 272,
        "PivotOffset": {
          "position": [
            0,
            0,
            0
          ],
          "rotation": [
            1,
            0,
            0,
            0,
            1,
            0,
            0,
            0,
            1
          ]
        },
        "Reflectance": 0,
        "Transparency": 0,
        "size": [
          1.99967623,
          1.99967623,
          0.999838114
        ],
        "Name": "Middle",
        "LocalCFrame": {
          "position": [
            0,
            0.8496,
            0.49952
          ],
          "rotation": [
            1,
            0,
            0,
            0,
            1,
            0,
            0,
            0,
            1
          ]
        }
      }
    },
    {
      "id": "RBX61141859F73E4FBCB742DE9A44B03079",
      "parent": "RBX7CC6AFC91AC74CA9ADAA46641F20ABBB",
      "class": "SpecialMesh",
      "name": "Mesh",
      "properties": {
        "MeshType": 5,
        "MeshId": "rbxassetid://12221758",
        "TextureId": null,
        "Offset": [
          0,
          0,
          0
        ],
        "Scale": [
          0.999838114,
          0.999838114,
          0.999838114
        ],
        "VertexColor": [
          1,
          1,
          1
        ],
        "Name": "Mesh"
      }
    }
  ]
}
