{
  "format": "overlay_json_v1",
  "kind": "morph_bundle",
  "version": 1,
  "asset_id": "morph_2473-bbc-cum",
  "name": "BBC CUM",
  "source_file": "2473-bbc-cum.rbxmx",
  "anchor": "Head",
  "anchor_candidates": [
    "Head",
    "UpperTorso",
    "Torso",
    "HumanoidRootPart"
  ],
  "jiggle": true,
  "root_cframe": {
    "position": [
      -7622.48975,
      30752.6738,
      719.699585
    ],
    "rotation": [
      9.66239533e-9,
      1.49012713e-8,
      1,
      6.86844981e-9,
      1,
      -1.49012713e-8,
      -1,
      6.86844981e-9,
      9.66239533e-9
    ]
  },
  "class_counts": {
    "Folder": 1,
    "Model": 3,
    "Part": 4,
    "UnionOperation": 16,
    "SpecialMesh": 1,
    "ParticleEmitter": 1,
    "MeshPart": 9,
    "Motor6D": 24,
    "Bone": 21
  },
  "nodes": [
    {
      "id": "RBX144D5C96F95D499AA8FE6892AFECD72C",
      "parent": null,
      "class": "Folder",
      "name": "BBC CUM",
      "properties": {
        "Name": "BBC CUM"
      }
    },
    {
      "id": "RBXF8EA99FE757D4A5593472E6A8FEEBC57",
      "parent": "RBX144D5C96F95D499AA8FE6892AFECD72C",
      "class": "Model",
      "name": "Orbs",
      "properties": {
        "PrimaryPart": null,
        "Name": "Orbs"
      }
    },
    {
      "id": "RBXA2991F6F7770437F9D5DA3D2AE17C270",
      "parent": "RBXF8EA99FE757D4A5593472E6A8FEEBC57",
      "class": "Part",
      "name": "Middle",
      "properties": {
        "shape": 1,
        "Anchored": true,
        "CanCollide": false,
        "CanQuery": true,
        "CanTouch": true,
        "Color3uint8": [
          1,
          0,
          0
        ],
        "Massless": false,
        "Material": 256,
        "PivotOffset": {
          "position": [
            0,
            0,
            0
          ],
          "rotation": [
            1,
            0,
            0,
            0,
            1,
            0,
            0,
            0,
            1
          ]
        },
        "Reflectance": 0,
        "Transparency": 0,
        "size": [
          0.200000003,
          0.200000003,
          0.200000003
        ],
        "Name": "Middle",
        "LocalCFrame": {
          "position": [
            0,
            0,
            0
          ],
          "rotation": [
            1,
            0,
            0,
            0,
            1,
            0,
            0,
            0,
            1
          ]
        }
      }
    },
    {
      "id": "RBX33DD9CE2DDD34D8C881CAFE86E633235",
      "parent": "RBXF8EA99FE757D4A5593472E6A8FEEBC57",
      "class": "UnionOperation",
      "name": "color5",
      "properties": {
        "UsePartColor": true,
        "Anchored": false,
        "CanCollide": true,
        "CanQuery": true,
        "CanTouch": true,
        "Color3uint8": [
          0.972549,
          0.972549,
          0.972549
        ],
        "Massless": false,
        "Material": 272,
        "PivotOffset": {
          "position": [
            0,
            0,
            0
          ],
          "rotation": [
            1,
            0,
            0,
            0,
            1,
            0,
            0,
            0,
            1
          ]
        },
        "Reflectance": 0,
        "Transparency": 0,
        "size": [
          0.934382975,
          0.48762092,
          0.819720864
        ],
        "Name": "color5",
        "LocalCFrame": {
          "position": [
            0.039795,
            -0.3984,
            0.01221
          ],
          "rotation": [
            -0.342886,
            -0.001166,
            0.939376,
            -0.939376,
            0.001416,
            -0.342885,
            -0.00093,
            -0.999998,
            -0.001581
          ]
        }
      }
    },
    {
      "id": "RBX21AF704CDD6A4D298106D07018359B2B",
      "parent": "RBX144D5C96F95D499AA8FE6892AFECD72C",
      "class": "Model",
      "name": "LowerStaticA",
      "properties": {
        "PrimaryPart": "RBX62AD60B3E9654511802211B105928517",
        "Name": "LowerStaticA"
      }
    },
    {
      "id": "RBX62AD60B3E9654511802211B105928517",
      "parent": "RBX21AF704CDD6A4D298106D07018359B2B",
      "class": "Part",
      "name": "Middle",
      "properties": {
        "shape": 1,
        "Anchored": true,
        "CanCollide": false,
        "CanQuery": true,
        "CanTouch": true,
        "Color3uint8": [
          0.972549,
          0.972549,
          0.972549
        ],
        "Massless": false,
        "Material": 272,
        "PivotOffset": {
          "position": [
            0,
            0,
            0
          ],
          "rotation": [
            1,
            0,
            0,
            0,
            1,
            0,
            0,
            0,
            1
          ]
        },
        "Reflectance": 0,
        "Transparency": 0,
        "size": [
          2,
          2,
          1
        ],
        "Name": "Middle",
        "LocalCFrame": {
          "position": [
            0,
            0.8535,
            0.5
          ],
          "rotation": [
            1,
            0,
            0,
            0,
            1,
            0,
            0,
            0,
            1
          ]
        }
      }
    },
    {
      "id": "RBX7C06E30CD4EB41D2BD9656B152AA8569",
      "parent": "RBX62AD60B3E9654511802211B105928517",
      "class": "SpecialMesh",
      "name": "Mesh",
      "properties": {
        "MeshType": 5,
        "MeshId": "rbxassetid://12221758",
        "TextureId": null,
        "Offset": [
          0,
          0,
          0
        ],
        "Scale": [
          1,
          1,
          1
        ],
        "VertexColor": [
          1,
          1,
          1
        ],
        "Name": "Mesh"
      }
    },
    {
      "id": "RBX65305A68454E4B089A5E444D11EEC2F3",
      "parent": "RBX144D5C96F95D499AA8FE6892AFECD72C",
      "class": "Model",
      "name": "Rod",
      "properties": {
        "PrimaryPart": null,
        "Name": "Rod"
      }
    },
    {
      "id": "RBXCFBB6E52D4744C5F8522B1BC74051803",
      "parent": "RBX65305A68454E4B089A5E444D11EEC2F3",
      "class": "Part",
      "name": "Middle",
      "properties": {
        "shape": 1,
        "Anchored": true,
        "CanCollide": false,
        "CanQuery": true,
        "CanTouch": true,
        "Color3uint8": [
          0.627451,
          0.372549,
          0.207843
        ],
        "Massless": false,
        "Material": 256,
        "PivotOffset": {
          "position": [
            0,
            0,
            0
          ],
          "rotation": [
            1,
            0,
            0,
            0,
            1,
            0,
            0,
            0,
            1
          ]
        },
        "Reflectance": 0,
        "Transparency": 0,
        "size": [
          0.20137006,
          0.20137006,
          0.20137006
        ],
        "Name": "Middle",
        "LocalCFrame": {
          "position": [
            0.002686,
            0.0352,
            -0.01464
          ],
          "rotation": [
            1,
            0,
            0.000011,
            0,
            1,
            0.000038,
            -0.000011,
            -0.000038,
            1
          ]
        }
      }
    },
    {
      "id": "RBX5ADAC36AA37F4BF7B3037F8DB8CF03D5",
      "parent": "RBX65305A68454E4B089A5E444D11EEC2F3",
      "class": "Part",
      "name": "Particle1",
      "properties": {
        "shape": 1,
        "Anchored": true,
        "CanCollide": true,
        "CanQuery": true,
        "CanTouch": true,
        "Color3uint8": [
          1,
          0.580392,
          0.580392
        ],
        "Massless": false,
        "Material": 272,
        "PivotOffset": {
          "position": [
            0,
            0,
            0
          ],
          "rotation": [
            1,
            0,
            0,
            0,
            1,
            0,
            0,
            0,
            1
          ]
        },
        "Reflectance": 0,
        "Transparency": 1,
        "size": [
          0.155455127,
          0.155455127,
          0.155455127
        ],
        "Name": "Particle1",
        "LocalCFrame": {
          "position": [
            0.012939,
            0.4532,
            -1.56884
          ],
          "rotation": [
            -0.999751,
            0.022186,
            0.0023,
            0.00367,
            0.265327,
            -0.964151,
            -0.022001,
            -0.963903,
            -0.265343
          ]
        }
      }
    },
    {
      "id": "RBXA5E2D15C8CF34813AF534BE56B468DF3",
      "parent": "RBX5ADAC36AA37F4BF7B3037F8DB8CF03D5",
      "class": "ParticleEmitter",
      "name": "Particles",
      "properties": {
        "Acceleration": [
          0,
          -15,
          0
        ],
        "Color": "0 1 1 1 0 1 1 1 1 0",
        "Drag": 0,
        "Enabled": false,
        "Lifetime": [
          1,
          1.5
        ],
        "LightEmission": 0,
        "LightInfluence": 1,
        "LockedToPart": false,
        "Rate": 25,
        "RotSpeed": [
          0,
          0
        ],
        "Rotation": [
          90,
          90
        ],
        "Size": "0 0.08 0 0.8 0.08 0 1 0 0",
        "Speed": [
          4,
          6
        ],
        "SpreadAngle": [
          10,
          10
        ],
        "Texture": "rbxassetid://3202767053",
        "TimeScale": 1,
        "Transparency": "0 0 0 0.9 0 0 1 1 0",
        "VelocityInheritance": 0,
        "ZOffset": 0,
        "Name": "Particles"
      }
    },
    {
      "id": "RBXE9D86362B3A1486AB4D3F241FC8F183D",
      "parent": "RBX65305A68454E4B089A5E444D11EEC2F3",
      "class": "MeshPart",
      "name": "Cum_surface_model001",
      "properties": {
        "HasSkinnedMesh": false,
        "MeshId": "rbxassetid://11498913855",
        "RenderFidelity": 0,
        "TextureID": null,
        "Anchored": false,
        "CanCollide": true,
        "CanQuery": true,
        "CanTouch": true,
        "Color3uint8": [
          0.968627,
          0.972549,
          0.8
        ],
        "Massless": false,
        "Material": 1568,
        "PivotOffset": {
          "position": [
            0,
            0,
            0
          ],
          "rotation": [
            1,
            0,
            0,
            0,
            1,
            0,
            0,
            0,
            1
          ]
        },
        "Reflectance": 0,
        "Transparency": 0,
        "size": [
          0.275803238,
          0.0569825917,
          0.499640346
        ],
        "Name": "Cum_surface_model001",
        "LocalCFrame": {
          "position": [
            0.144775,
            -0.2011,
            -0.76611
          ],
          "rotation": [
            0.81826,
            0.558476,
            0.136216,
            0.508731,
            -0.813856,
            0.280769,
            0.267654,
            -0.160451,
            -0.950062
          ]
        }
      }
    },
    {
      "id": "RBXBE97557D963C448999D05712D568C2D3",
      "parent": "RBX65305A68454E4B089A5E444D11EEC2F3",
      "class": "UnionOperation",
      "name": "color5",
      "properties": {
        "UsePartColor": true,
        "Anchored": false,
        "CanCollide": true,
        "CanQuery": true,
        "CanTouch": true,
        "Color3uint8": [
          0.627451,
          0.372549,
          0.207843
        ],
        "Massless": false,
        "Material": 1568,
        "PivotOffset": {
          "position": [
            0,
            0,
            0
          ],
          "rotation": [
            1,
            0,
            0,
            0,
            1,
            0,
            0,
            0,
            1
          ]
        },
        "Reflectance": 0,
        "Transparency": 0,
        "size": [
          0.101011865,
          0.4268713,
          0.0498303063
        ],
        "Name": "color5",
        "LocalCFrame": {
          "position": [
            0.056397,
            0.3223,
            -1.10498
          ],
          "rotation": [
            0.999438,
            -0.018981,
            -0.027639,
            -0.022939,
            0.214141,
            -0.976533,
            0.024455,
            0.976618,
            0.213585
          ]
        }
      }
    },
    {
      "id": "RBXDB3B4082C4C44428BABE1D2A18F9D16E",
      "parent": "RBX65305A68454E4B089A5E444D11EEC2F3",
      "class": "UnionOperation",
      "name": "color5",
      "properties": {
        "UsePartColor": true,
        "Anchored": false,
        "CanCollide": true,
        "CanQuery": true,
        "CanTouch": true,
        "Color3uint8": [
          0.627451,
          0.372549,
          0.207843
        ],
        "Massless": false,
        "Material": 1568,
        "PivotOffset": {
          "position": [
            0,
            0,
            0
          ],
          "rotation": [
            1,
            0,
            0,
            0,
            1,
            0,
            0,
            0,
            1
          ]
        },
        "Reflectance": 0,
        "Transparency": 0,
        "size": [
          0.193128511,
          0.958393097,
          0.129691765
        ],
        "Name": "color5",
        "LocalCFrame": {
          "position": [
            0.064148,
            0.2149,
            -0.25976
          ],
          "rotation": [
            0.92233,
            -0.26776,
            0.278589,
            0.267696,
            -0.077142,
            -0.96041,
            0.278651,
            0.960392,
            0.000528
          ]
        }
      }
    },
    {
      "id": "RBXD5B6B3AFCA96424882A05FE60F441919",
      "parent": "RBX65305A68454E4B089A5E444D11EEC2F3",
      "class": "UnionOperation",
      "name": "color5",
      "properties": {
        "UsePartColor": true,
        "Anchored": false,
        "CanCollide": true,
        "CanQuery": true,
        "CanTouch": true,
        "Color3uint8": [
          0.627451,
          0.372549,
          0.207843
        ],
        "Massless": false,
        "Material": 1568,
        "PivotOffset": {
          "position": [
            0,
            0,
            0
          ],
          "rotation": [
            1,
            0,
            0,
            0,
            1,
            0,
            0,
            0,
            1
          ]
        },
        "Reflectance": 0,
        "Transparency": 0,
        "size": [
          0.159674957,
          0.414373487,
          0.159429312
        ],
        "Name": "color5",
        "LocalCFrame": {
          "position": [
            0.210388,
            0.1641,
            -1.00195
          ],
          "rotation": [
            0.30384,
            -0.314175,
            -0.89943,
            -0.838377,
            0.360272,
            -0.409061,
            0.452559,
            0.878355,
            -0.153933
          ]
        }
      }
    },
    {
      "id": "RBXA1768CECEB204A05844ECE39F200772C",
      "parent": "RBX65305A68454E4B089A5E444D11EEC2F3",
      "class": "UnionOperation",
      "name": "color5",
      "properties": {
        "UsePartColor": true,
        "Anchored": false,
        "CanCollide": true,
        "CanQuery": true,
        "CanTouch": true,
        "Color3uint8": [
          0.627451,
          0.372549,
          0.207843
        ],
        "Massless": false,
        "Material": 1568,
        "PivotOffset": {
          "position": [
            0,
            0,
            0
          ],
          "rotation": [
            1,
            0,
            0,
            0,
            1,
            0,
            0,
            0,
            1
          ]
        },
        "Reflectance": 0,
        "Transparency": 0,
        "size": [
          0.231794223,
          0.372422874,
          0.230792791
        ],
        "Name": "color5",
        "LocalCFrame": {
          "position": [
            0.190491,
            0.1055,
            -0.81445
          ],
          "rotation": [
            0.01794,
            0.249493,
            -0.96821,
            -0.466693,
            0.858493,
            0.212573,
            0.884237,
            0.448044,
            0.131838
          ]
        }
      }
    },
    {
      "id": "RBX8CF3ECA724B64540AE9A61072089E922",
      "parent": "RBX65305A68454E4B089A5E444D11EEC2F3",
      "class": "UnionOperation",
      "name": "color5",
      "properties": {
        "UsePartColor": true,
        "Anchored": false,
        "CanCollide": true,
        "CanQuery": true,
        "CanTouch": true,
        "Color3uint8": [
          0.627451,
          0.372549,
          0.207843
        ],
        "Massless": false,
        "Material": 1568,
        "PivotOffset": {
          "position": [
            0,
            0,
            0
          ],
          "rotation": [
            1,
            0,
            0,
            0,
            1,
            0,
            0,
            0,
            1
          ]
        },
        "Reflectance": 0,
        "Transparency": 0,
        "size": [
          0.209427893,
          0.871791184,
          0.223462313
        ],
        "Name": "color5",
        "LocalCFrame": {
          "position": [
            -0.135559,
            -0.1093,
            -0.41943
          ],
          "rotation": [
            0.685656,
            0.463754,
            0.561077,
            0.687674,
            -0.159909,
            -0.708191,
            -0.238705,
            0.871414,
            -0.428554
          ]
        }
      }
    },
    {
      "id": "RBX7834D74B6B7A41AFA11236F6B71B4CF8",
      "parent": "RBX65305A68454E4B089A5E444D11EEC2F3",
      "class": "UnionOperation",
      "name": "color5",
      "properties": {
        "UsePartColor": true,
        "Anchored": false,
        "CanCollide": true,
        "CanQuery": true,
        "CanTouch": true,
        "Color3uint8": [
          0.627451,
          0.372549,
          0.207843
        ],
        "Massless": false,
        "Material": 1568,
        "PivotOffset": {
          "position": [
            0,
            0,
            0
          ],
          "rotation": [
            1,
            0,
            0,
            0,
            1,
            0,
            0,
            0,
            1
          ]
        },
        "Reflectance": 0,
        "Transparency": 0,
        "size": [
          0.09340287,
          0.336072564,
          0.297804117
        ],
        "Name": "color5",
        "LocalCFrame": {
          "position": [
            -0.190979,
            0.0215,
            -1.11865
          ],
          "rotation": [
            0.964945,
            0.185565,
            0.185601,
            0.245322,
            -0.88903,
            -0.38658,
            0.09327,
            0.418563,
            -0.903392
          ]
        }
      }
    },
    {
      "id": "RBX3A83812226004C6B9F38DAB992614FAA",
      "parent": "RBX65305A68454E4B089A5E444D11EEC2F3",
      "class": "UnionOperation",
      "name": "color5",
      "properties": {
        "UsePartColor": true,
        "Anchored": false,
        "CanCollide": true,
        "CanQuery": true,
        "CanTouch": true,
        "Color3uint8": [
          0.627451,
          0.372549,
          0.207843
        ],
        "Massless": false,
        "Material": 1568,
        "PivotOffset": {
          "position": [
            0,
            0,
            0
          ],
          "rotation": [
            1,
            0,
            0,
            0,
            1,
            0,
            0,
            0,
            1
          ]
        },
        "Reflectance": 0,
        "Transparency": 0,
        "size": [
          0.157960832,
          0.723692298,
          0.23527348
        ],
        "Name": "color5",
        "LocalCFrame": {
          "position": [
            -0.179199,
            -0.0019,
            -0.98095
          ],
          "rotation": [
            0.94893,
            -0.03429,
            0.313617,
            0.3153,
            0.06889,
            -0.946488,
            0.01085,
            0.997035,
            0.076183
          ]
        }
      }
    },
    {
      "id": "RBX2B6E38620D0B48829C7A22F54D580D3E",
      "parent": "RBX65305A68454E4B089A5E444D11EEC2F3",
      "class": "UnionOperation",
      "name": "color1",
      "properties": {
        "UsePartColor": true,
        "Anchored": false,
        "CanCollide": true,
        "CanQuery": true,
        "CanTouch": true,
        "Color3uint8": [
          0.627451,
          0.372549,
          0.207843
        ],
        "Massless": false,
        "Material": 1568,
        "PivotOffset": {
          "position": [
            0,
            0,
            0
          ],
          "rotation": [
            1,
            0,
            0,
            0,
            1,
            0,
            0,
            0,
            1
          ]
        },
        "Reflectance": 0,
        "Transparency": 0,
        "size": [
          0.444578707,
          0.463351339,
          0.338040709
        ],
        "Name": "color1",
        "LocalCFrame": {
          "position": [
            0.011536,
            0.4043,
            -1.39355
          ],
          "rotation": [
            -1,
            0.000001,
            -0.00006,
            -0.000052,
            0.490333,
            0.871535,
            0.000031,
            0.871535,
            -0.490333
          ]
        }
      }
    },
    {
      "id": "RBXD3923E0107524D28A4A89DCA3DFE8415",
      "parent": "RBX65305A68454E4B089A5E444D11EEC2F3",
      "class": "UnionOperation",
      "name": "color5",
      "properties": {
        "UsePartColor": true,
        "Anchored": false,
        "CanCollide": true,
        "CanQuery": true,
        "CanTouch": true,
        "Color3uint8": [
          0.627451,
          0.372549,
          0.207843
        ],
        "Massless": false,
        "Material": 1568,
        "PivotOffset": {
          "position": [
            0,
            0,
            0
          ],
          "rotation": [
            1,
            0,
            0,
            0,
            1,
            0,
            0,
            0,
            1
          ]
        },
        "Reflectance": 0,
        "Transparency": 0,
        "size": [
          0.239110559,
          1.65540743,
          0.673674107
        ],
        "Name": "color5",
        "LocalCFrame": {
          "position": [
            0.005737,
            0.0352,
            -0.75439
          ],
          "rotation": [
            -1,
            0.000051,
            -0.000028,
            -0.000049,
            -0.47672,
            0.879055,
            0.000031,
            0.879055,
            0.476721
          ]
        }
      }
    },
    {
      "id": "RBX7A8D9EE92CE54994A10B199BC499ADF3",
      "parent": "RBX65305A68454E4B089A5E444D11EEC2F3",
      "class": "UnionOperation",
      "name": "color5",
      "properties": {
        "UsePartColor": true,
        "Anchored": false,
        "CanCollide": true,
        "CanQuery": true,
        "CanTouch": true,
        "Color3uint8": [
          0.627451,
          0.372549,
          0.207843
        ],
        "Massless": false,
        "Material": 1568,
        "PivotOffset": {
          "position": [
            0,
            0,
            0
          ],
          "rotation": [
            1,
            0,
            0,
            0,
            1,
            0,
            0,
            0,
            1
          ]
        },
        "Reflectance": 0,
        "Transparency": 0,
        "size": [
          0.564713299,
          1.92810857,
          0.60895431
        ],
        "Name": "color5",
        "LocalCFrame": {
          "position": [
            0.005615,
            0.0489,
            -0.63086
          ],
          "rotation": [
            -1,
            0.000042,
            -0.000042,
            -0.00005,
            -0.207791,
            0.978173,
            0.000032,
            0.978173,
            0.207791
          ]
        }
      }
    },
    {
      "id": "RBX1ECF24E1D2F844F7B82591A6DA762F70",
      "parent": "RBX7A8D9EE92CE54994A10B199BC499ADF3",
      "class": "Motor6D",
      "name": "urethra",
      "properties": {
        "C0": {
          "position": [
            -0.000150749649,
            -0.117961615,
            -0.0386496186
          ],
          "rotation": [
            1,
            0.00000136332346,
            -3.03055458e-7,
            -0.00000122116944,
            0.95892626,
            0.283655882,
            6.73657382e-7,
            -0.283655852,
            0.95892626
          ]
        },
        "C1": {
          "position": [
            0,
            0,
            0
          ],
          "rotation": [
            1,
            0,
            0,
            0,
            1,
            0,
            0,
            0,
            1
          ]
        },
        "Enabled": true,
        "Part0": "RBX7A8D9EE92CE54994A10B199BC499ADF3",
        "Part1": "RBXD3923E0107524D28A4A89DCA3DFE8415",
        "Name": "urethra"
      }
    },
    {
      "id": "RBX0E92D46E7BA3467A9892EC4E638D8A93",
      "parent": "RBX7A8D9EE92CE54994A10B199BC499ADF3",
      "class": "Motor6D",
      "name": "tip",
      "properties": {
        "C0": {
          "position": [
            -0.0059357672,
            -0.820115805,
            0.190118879
          ],
          "rotation": [
            1,
            0.00000207558151,
            9.18792466e-7,
            -9.50723916e-7,
            0.75062573,
            -0.660727739,
            -0.00000206473169,
            0.66072768,
            0.75062573
          ]
        },
        "C1": {
          "position": [
            0,
            0,
            0
          ],
          "rotation": [
            1,
            0,
            0,
            0,
            1,
            0,
            0,
            0,
            1
          ]
        },
        "Enabled": true,
        "Part0": "RBX7A8D9EE92CE54994A10B199BC499ADF3",
        "Part1": "RBX2B6E38620D0B48829C7A22F54D580D3E",
        "Name": "tip"
      }
    },
    {
      "id": "RBXF5F325F56354439E9CD56681791D9E4B",
      "parent": "RBX7A8D9EE92CE54994A10B199BC499ADF3",
      "class": "Motor6D",
      "name": "Union",
      "properties": {
        "C0": {
          "position": [
            -0.204812229,
            -0.387238175,
            0.0362823829
          ],
          "rotation": [
            -0.303783685,
            0.31418559,
            0.899445951,
            0.616900623,
            0.784308553,
            -0.0656115264,
            -0.726053238,
            0.534935832,
            -0.432079792
          ]
        },
        "C1": {
          "position": [
            0,
            0,
            0
          ],
          "rotation": [
            1,
            0,
            0,
            0,
            1,
            0,
            0,
            0,
            1
          ]
        },
        "Enabled": true,
        "Part0": "RBX7A8D9EE92CE54994A10B199BC499ADF3",
        "Part1": "RBXD5B6B3AFCA96424882A05FE60F441919",
        "Name": "Union"
      }
    },
    {
      "id": "RBXA2D1729FA6B8421EA5A0CEB2294B5BE8",
      "parent": "RBX7A8D9EE92CE54994A10B199BC499ADF3",
      "class": "Motor6D",
      "name": "Union",
      "properties": {
        "C0": {
          "position": [
            0.184819087,
            -0.331913054,
            -0.122704335
          ],
          "rotation": [
            -0.948945522,
            0.0343185924,
            -0.313567549,
            -0.0548634455,
            0.960956752,
            0.271205038,
            0.310632259,
            0.27456221,
            -0.910012782
          ]
        },
        "C1": {
          "position": [
            0,
            0,
            0
          ],
          "rotation": [
            1,
            0,
            0,
            0,
            1,
            0,
            0,
            0,
            1
          ]
        },
        "Enabled": true,
        "Part0": "RBX7A8D9EE92CE54994A10B199BC499ADF3",
        "Part1": "RBX3A83812226004C6B9F38DAB992614FAA",
        "Name": "Union"
      }
    },
    {
      "id": "RBX5D3C81E5AC694F979B7E45BE7D23E44B",
      "parent": "RBX7A8D9EE92CE54994A10B199BC499ADF3",
      "class": "Motor6D",
      "name": "Union",
      "properties": {
        "C0": {
          "position": [
            0.141214743,
            0.239767328,
            -0.110757418
          ],
          "rotation": [
            -0.685698569,
            -0.46371761,
            -0.561055541,
            -0.376358211,
            0.885640562,
            -0.272020817,
            0.623034537,
            0.0246336069,
            -0.781806469
          ]
        },
        "C1": {
          "position": [
            0,
            0,
            0
          ],
          "rotation": [
            1,
            0,
            0,
            0,
            1,
            0,
            0,
            0,
            1
          ]
        },
        "Enabled": true,
        "Part0": "RBX7A8D9EE92CE54994A10B199BC499ADF3",
        "Part1": "RBX8CF3ECA724B64540AE9A61072089E922",
        "Name": "Union"
      }
    },
    {
      "id": "RBX2131174DADDC4762971491BDAE1AD72A",
      "parent": "RBX7A8D9EE92CE54994A10B199BC499ADF3",
      "class": "Motor6D",
      "name": "Union",
      "properties": {
        "C0": {
          "position": [
            -0.191847801,
            -0.192092732,
            0.0160147976
          ],
          "rotation": [
            -0.0178767499,
            -0.24951078,
            0.968206942,
            0.961916268,
            0.259879798,
            0.0847326368,
            -0.27275908,
            0.93284893,
            0.235362619
          ]
        },
        "C1": {
          "position": [
            0.0000610490824,
            0.0000152691355,
            -0.00716400193
          ],
          "rotation": [
            1,
            -0.00000938776429,
            -0.0000145582053,
            0.00000938760786,
            1,
            -0.000010739971,
            0.0000145583053,
            0.0000107398346,
            1
          ]
        },
        "Enabled": true,
        "Part0": "RBX7A8D9EE92CE54994A10B199BC499ADF3",
        "Part1": "RBXA1768CECEB204A05844ECE39F200772C",
        "Name": "Union"
      }
    },
    {
      "id": "RBX042239294BEB4CF2A735413711985114",
      "parent": "RBX7A8D9EE92CE54994A10B199BC499ADF3",
      "class": "Motor6D",
      "name": "Union",
      "properties": {
        "C0": {
          "position": [
            -0.0585097075,
            0.328332722,
            0.239867404
          ],
          "rotation": [
            -0.922334492,
            0.267795175,
            -0.278540492,
            0.216982558,
            0.955448329,
            0.200092822,
            0.319714934,
            0.124114089,
            -0.93934989
          ]
        },
        "C1": {
          "position": [
            0,
            0,
            0
          ],
          "rotation": [
            1,
            0,
            0,
            0,
            1,
            0,
            0,
            0,
            1
          ]
        },
        "Enabled": true,
        "Part0": "RBX7A8D9EE92CE54994A10B199BC499ADF3",
        "Part1": "RBXDB3B4082C4C44428BABE1D2A18F9D16E",
        "Name": "Union"
      }
    },
    {
      "id": "RBXEA452DDB76044A138F77862DE5008DD2",
      "parent": "RBX7A8D9EE92CE54994A10B199BC499ADF3",
      "class": "Motor6D",
      "name": "Union",
      "properties": {
        "C0": {
          "position": [
            0.196577579,
            -0.471695662,
            -0.127200902
          ],
          "rotation": [
            -0.964953959,
            -0.185506433,
            -0.185611039,
            0.040298935,
            0.594166815,
            -0.803338349,
            0.259307563,
            -0.782660186,
            -0.565866709
          ]
        },
        "C1": {
          "position": [
            0,
            0,
            0
          ],
          "rotation": [
            1,
            0,
            0,
            0,
            1,
            0,
            0,
            0,
            1
          ]
        },
        "Enabled": true,
        "Part0": "RBX7A8D9EE92CE54994A10B199BC499ADF3",
        "Part1": "RBX7834D74B6B7A41AFA11236F6B71B4CF8",
        "Name": "Union"
      }
    },
    {
      "id": "RBX7482E89748BE41698C538876D2CBC36D",
      "parent": "RBX65305A68454E4B089A5E444D11EEC2F3",
      "class": "UnionOperation",
      "name": "cum",
      "properties": {
        "UsePartColor": true,
        "Anchored": false,
        "CanCollide": true,
        "CanQuery": true,
        "CanTouch": true,
        "Color3uint8": [
          0.968627,
          0.972549,
          0.8
        ],
        "Massless": false,
        "Material": 1568,
        "PivotOffset": {
          "position": [
            0,
            0,
            0
          ],
          "rotation": [
            1,
            0,
            0,
            0,
            1,
            0,
            0,
            0,
            1
          ]
        },
        "Reflectance": 0,
        "Transparency": 0.100000001,
        "size": [
          0.564713299,
          1.45937252,
          0.522953331
        ],
        "Name": "cum",
        "LocalCFrame": {
          "position": [
            0.005554,
            0.0821,
            -0.85156
          ],
          "rotation": [
            -1,
            0.000052,
            -0.000038,
            -0.000048,
            -0.207784,
            0.978175,
            0.000043,
            0.978175,
            0.207784
          ]
        }
      }
    },
    {
      "id": "RBXB1BED82E7CCB4696A5FAC214B2BDB3AE",
      "parent": "RBX7482E89748BE41698C538876D2CBC36D",
      "class": "Motor6D",
      "name": "urethra",
      "properties": {
        "C0": {
          "position": [
            -0.000165085788,
            0.104396038,
            -0.0248293094
          ],
          "rotation": [
            1,
            0.00000934723539,
            0.00000698651365,
            -0.0000109451003,
            0.958924294,
            0.2836622,
            -0.00000404807997,
            -0.28366217,
            0.958924353
          ]
        },
        "C1": {
          "position": [
            0,
            0,
            0
          ],
          "rotation": [
            1,
            0,
            0,
            0,
            1,
            0,
            0,
            0,
            1
          ]
        },
        "Enabled": true,
        "Part0": "RBX7482E89748BE41698C538876D2CBC36D",
        "Part1": "RBXD3923E0107524D28A4A89DCA3DFE8415",
        "Name": "urethra"
      }
    },
    {
      "id": "RBXE88A760AF53246C1AC09393B5A686D3E",
      "parent": "RBX7482E89748BE41698C538876D2CBC36D",
      "class": "Motor6D",
      "name": "tip",
      "properties": {
        "C0": {
          "position": [
            -0.00596585032,
            -0.597809017,
            0.203953698
          ],
          "rotation": [
            1,
            0.0000129505643,
            -0.00000115543344,
            -0.0000104851124,
            0.750682294,
            -0.660663366,
            -0.000007688599,
            0.660663307,
            0.750682294
          ]
        },
        "C1": {
          "position": [
            0,
            0,
            0
          ],
          "rotation": [
            1,
            0,
            0,
            0,
            1,
            0,
            0,
            0,
            1
          ]
        },
        "Enabled": true,
        "Part0": "RBX7482E89748BE41698C538876D2CBC36D",
        "Part1": "RBX2B6E38620D0B48829C7A22F54D580D3E",
        "Name": "tip"
      }
    },
    {
      "id": "RBXB38C7958723C42CAAA3EB01FBD9769AD",
      "parent": "RBX7482E89748BE41698C538876D2CBC36D",
      "class": "Motor6D",
      "name": "Union",
      "properties": {
        "C0": {
          "position": [
            -0.204837933,
            -0.164879829,
            0.05010508
          ],
          "rotation": [
            -0.303761035,
            0.314190626,
            0.899451792,
            0.616913497,
            0.784290612,
            -0.0656205118,
            -0.726048946,
            0.534951031,
            -0.432065278
          ]
        },
        "C1": {
          "position": [
            0,
            0,
            0
          ],
          "rotation": [
            1,
            0,
            0,
            0,
            1,
            0,
            0,
            0,
            1
          ]
        },
        "Enabled": true,
        "Part0": "RBX7482E89748BE41698C538876D2CBC36D",
        "Part1": "RBXD5B6B3AFCA96424882A05FE60F441919",
        "Name": "Union"
      }
    },
    {
      "id": "RBX968B26A5EB814479ADDFB2130D57EC1F",
      "parent": "RBX7482E89748BE41698C538876D2CBC36D",
      "class": "Motor6D",
      "name": "Union",
      "properties": {
        "C0": {
          "position": [
            0.18479532,
            -0.109559953,
            -0.108890168
          ],
          "rotation": [
            -0.948942065,
            0.0343265012,
            -0.313577503,
            -0.0548438206,
            0.960969985,
            0.271162122,
            0.310646623,
            0.274514914,
            -0.91002214
          ]
        },
        "C1": {
          "position": [
            0,
            0,
            0
          ],
          "rotation": [
            1,
            0,
            0,
            0,
            1,
            0,
            0,
            0,
            1
          ]
        },
        "Enabled": true,
        "Part0": "RBX7482E89748BE41698C538876D2CBC36D",
        "Part1": "RBX3A83812226004C6B9F38DAB992614FAA",
        "Name": "Union"
      }
    },
    {
      "id": "RBXFAC8E386DD634AE49FB3130478AC4C84",
      "parent": "RBX7482E89748BE41698C538876D2CBC36D",
      "class": "Motor6D",
      "name": "Union",
      "properties": {
        "C0": {
          "position": [
            0.141197205,
            0.462198585,
            -0.0969533026
          ],
          "rotation": [
            -0.68568635,
            -0.463704348,
            -0.561081588,
            -0.376356721,
            0.88564682,
            -0.272002548,
            0.623048842,
            0.024658395,
            -0.78179419
          ]
        },
        "C1": {
          "position": [
            0,
            0,
            0
          ],
          "rotation": [
            1,
            0,
            0,
            0,
            1,
            0,
            0,
            0,
            1
          ]
        },
        "Enabled": true,
        "Part0": "RBX7482E89748BE41698C538876D2CBC36D",
        "Part1": "RBX8CF3ECA724B64540AE9A61072089E922",
        "Name": "Union"
      }
    },
    {
      "id": "RBXA6212D402C464154AE5415A4F5431FCA",
      "parent": "RBX7482E89748BE41698C538876D2CBC36D",
      "class": "Motor6D",
      "name": "Union",
      "properties": {
        "C0": {
          "position": [
            -0.191871256,
            0.0302906409,
            0.0298331045
          ],
          "rotation": [
            -0.0178637225,
            -0.249495685,
            0.968211174,
            0.961917996,
            0.259879291,
            0.0847152025,
            -0.272754133,
            0.932852983,
            0.235351965
          ]
        },
        "C1": {
          "position": [
            0.0000610490824,
            0.0000152691355,
            -0.00716400193
