{
  "format": "overlay_json_v1",
  "kind": "morph_bundle",
  "version": 1,
  "asset_id": "morph_2604-phyc-dick",
  "name": "Phyc dick",
  "source_file": "2604-phyc-dick.rbxmx",
  "anchor": "Head",
  "anchor_candidates": [
    "Head",
    "UpperTorso",
    "Torso",
    "HumanoidRootPart"
  ],
  "jiggle": true,
  "root_cframe": {
    "position": [
      -50.0761719,
      4.21745014,
      31.6640625
    ],
    "rotation": [
      1,
      -7.27595761e-12,
      0.00000531060869,
      7.27595761e-12,
      1,
      -3.86399391e-17,
      -0.00000531060869,
      7.72798053e-17,
      1
    ]
  },
  "class_counts": {
    "Folder": 1,
    "Model": 1,
    "Part": 2,
    "ParticleEmitter": 1,
    "MeshPart": 1,
    "Bone": 8,
    "SurfaceAppearance": 1
  },
  "nodes": [
    {
      "id": "RBXDC9337A46AB147B79D0EB9A9C064ABA5",
      "parent": null,
      "class": "Folder",
      "name": "Phyc dick",
      "properties": {
        "Name": "Phyc dick"
      }
    },
    {
      "id": "RBX801FE77169394FF2AC3D109BD1B619B5",
      "parent": "RBXDC9337A46AB147B79D0EB9A9C064ABA5",
      "class": "Model",
      "name": "Rod",
      "properties": {
        "PrimaryPart": null,
        "Name": "Rod"
      }
    },
    {
      "id": "RBX7A22ADCB4E0E4C42B0591123CE28F0EE",
      "parent": "RBX801FE77169394FF2AC3D109BD1B619B5",
      "class": "Part",
      "name": "Middle",
      "properties": {
        "shape": 1,
        "Anchored": true,
        "CanCollide": false,
        "CanQuery": true,
        "CanTouch": true,
        "Color3uint8": [
          1,
          0,
          0
        ],
        "Massless": false,
        "Material": 256,
        "PivotOffset": {
          "position": [
            0,
            0,
            0
          ],
          "rotation": [
            1,
            0,
            0,
            0,
            1,
            0,
            0,
            0,
            1
          ]
        },
        "Reflectance": 0,
        "Transparency": 0,
        "size": [
          0.14130114,
          0.14130114,
          0.14130114
        ],
        "Name": "Middle",
        "LocalCFrame": {
          "position": [
            0,
            0,
            0
          ],
          "rotation": [
            1,
            0,
            0,
            0,
            1,
            0,
            0,
            0,
            1
          ]
        }
      }
    },
    {
      "id": "RBXE0E5EB0083624765B7940D8928370EF8",
      "parent": "RBX801FE77169394FF2AC3D109BD1B619B5",
      "class": "Part",
      "name": "Particle1",
      "properties": {
        "shape": 1,
        "Anchored": true,
        "CanCollide": true,
        "CanQuery": true,
        "CanTouch": true,
        "Color3uint8": [
          1,
          0.580392,
          0.580392
        ],
        "Massless": false,
        "Material": 272,
        "PivotOffset": {
          "position": [
            0,
            0,
            0
          ],
          "rotation": [
            1,
            0,
            0,
            0,
            1,
            0,
            0,
            0,
            1
          ]
        },
        "Reflectance": 0,
        "Transparency": 1,
        "size": [
          0.109082684,
          0.109082684,
          0.109082684
        ],
        "Name": "Particle1",
        "LocalCFrame": {
          "position": [
            0.003914,
            -0.026648,
            -1.513184
          ],
          "rotation": [
            -0.999751,
            0.022192,
            0.002302,
            0.003671,
            0.26539,
            -0.964134,
            -0.022007,
            -0.963886,
            -0.265405
          ]
        }
      }
    },
    {
      "id": "RBX1476548ADB48411FBFF0BC57FBFBEE9C",
      "parent": "RBXE0E5EB0083624765B7940D8928370EF8",
      "class": "ParticleEmitter",
      "name": "Particles",
      "properties": {
        "Acceleration": [
          0,
          -11.9559641,
          0
        ],
        "Color": "0 1 1 1 0 1 1 1 1 0",
        "Drag": 0,
        "Enabled": false,
        "Lifetime": [
          1,
          1.5
        ],
        "LightEmission": 0,
        "LightInfluence": 1,
        "LockedToPart": false,
        "Rate": 25,
        "RotSpeed": [
          0,
          0
        ],
        "Rotation": [
          90,
          90
        ],
        "Size": "0 0.0637651 0 0.8 0.0637651 0 1 0 0",
        "Speed": [
          3.18826,
          4.78239
        ],
        "SpreadAngle": [
          10,
          10
        ],
        "Texture": "rbxassetid://3202767053",
        "TimeScale": 1,
        "Transparency": "0 0 0 0.9 0 0 1 1 0",
        "VelocityInheritance": 0,
        "ZOffset": 0,
        "Name": "Particles"
      }
    },
    {
      "id": "RBX5F522E01F96C43499648D06091D5577A",
      "parent": "RBX801FE77169394FF2AC3D109BD1B619B5",
      "class": "MeshPart",
      "name": "Color5",
      "properties": {
        "HasSkinnedMesh": true,
        "MeshId": "rbxassetid://12284051864",
        "RenderFidelity": 0,
        "TextureID": "rbxassetid://12284049351",
        "Anchored": false,
        "CanCollide": true,
        "CanQuery": true,
        "CanTouch": true,
        "Color3uint8": [
          0.972549,
          0.972549,
          0.972549
        ],
        "Massless": false,
        "Material": 256,
        "PivotOffset": {
          "position": [
            0,
            0,
            0
          ],
          "rotation": [
            1,
            0,
            0,
            0,
            1,
            0,
            0,
            0,
            1
          ]
        },
        "Reflectance": 0,
        "Transparency": 0,
        "size": [
          0.935347378,
          1.13232493,
          1.8851223
        ],
        "Name": "Color5",
        "LocalCFrame": {
          "position": [
            0.002174,
            -0.349025,
            -0.610062
          ],
          "rotation": [
            1,
            0,
            -0.000005,
            0,
            1,
            0,
            0.000005,
            0,
            1
          ]
        }
      },
      "attributes": {
        "Roots": "Penis_1,Balls,Ball.L,Ball.R"
      }
    },
    {
      "id": "RBXB9C376D731F74A199C1F05675F91CA67",
      "parent": "RBX5F522E01F96C43499648D06091D5577A",
      "class": "Bone",
      "name": "Penis_1",
      "properties": {
        "CFrame": {
          "position": [
            -0.000140500211,
            0.290566534,
            0.776123285
          ],
          "rotation": [
            1,
            8.08677303e-9,
            -0.00000143196849,
            0.00000140804752,
            0.176547542,
            0.98429209,
            2.60770264e-7,
            -0.98429209,
            0.176547542
          ]
        },
        "Visible": false,
        "Name": "Penis_1"
      }
    },
    {
      "id": "RBX7B397A337422469BA2DCF74A1FCAAB59",
      "parent": "RBXB9C376D731F74A199C1F05675F91CA67",
      "class": "Bone",
      "name": "Penis_2",
      "properties": {
        "CFrame": {
          "position": [
            0.0000686645508,
            0.310153008,
            -0.0000133514404
          ],
          "rotation": [
            1,
            -2.0929663e-7,
            -0.00000192249422,
            4.88015644e-7,
            0.989262938,
            0.146146774,
            0.00000187126409,
            -0.146146774,
            0.989262938
          ]
        },
        "Visible": false,
        "Name": "Penis_2"
      }
    },
    {
      "id": "RBX943C58181690410094A13838DCC6CA25",
      "parent": "RBX7B397A337422469BA2DCF74A1FCAAB59",
      "class": "Bone",
      "name": "Penis_3",
      "properties": {
        "CFrame": {
          "position": [
            0.000213623047,
            0.296419144,
            0.0000121593475
          ],
          "rotation": [
            1,
            -1.71934175e-7,
            7.74723901e-7,
            1.32245219e-7,
            0.998701692,
            0.050941661,
            -7.82476604e-7,
            -0.050941661,
            0.998701692
          ]
        },
        "Visible": false,
        "Name": "Penis_3"
      }
    },
    {
      "id": "RBXF1A37DFA1E4C4224B902434DF0F3CA22",
      "parent": "RBX943C58181690410094A13838DCC6CA25",
      "class": "Bone",
      "name": "Penis_4",
      "properties": {
        "CFrame": {
          "position": [
            -0.000141143799,
            0.33951664,
            -0.00000643730164
          ],
          "rotation": [
            1,
            -4.34993837e-8,
            -9.54067673e-7,
            5.96034084e-8,
            0.999857426,
            0.016885832,
            9.53197116e-7,
            -0.016885832,
            0.999857426
          ]
        },
        "Visible": false,
        "Name": "Penis_4"
      }
    },
    {
      "id": "RBX4CBCF545EAF2416385AD6B2245BA0600",
      "parent": "RBXF1A37DFA1E4C4224B902434DF0F3CA22",
      "class": "Bone",
      "name": "Penis_5",
      "properties": {
        "CFrame": {
          "position": [
            0,
            0.338921547,
            -0.00000250339508
          ],
          "rotation": [
            1,
            -2.31575569e-7,
            9.46006992e-7,
            1.69498179e-7,
            0.99787879,
            0.0651011318,
            -9.59075919e-7,
            -0.0651011318,
            0.99787879
          ]
        },
        "Visible": false,
        "Name": "Penis_5"
      }
    },
    {
      "id": "RBX2419B57186124D64B4E763441FBCAC0E",
      "parent": "RBXB9C376D731F74A199C1F05675F91CA67",
      "class": "Bone",
      "name": "Balls",
      "properties": {
        "CFrame": {
          "position": [
            0.000213623047,
            0.082859993,
            -0.153206348
          ],
          "rotation": [
            1,
            -0.00000140799852,
            -1.65505895e-7,
            -8.5672319e-8,
            -0.176547393,
            0.984292209,
            -0.00000141510145,
            -0.984292209,
            -0.176547393
          ]
        },
        "Visible": false,
        "Name": "Balls"
      }
    },
    {
      "id": "RBX207B56E4A7474727A49047DC62819C93",
      "parent": "RBX2419B57186124D64B4E763441FBCAC0E",
      "class": "Bone",
      "name": "Ball.L",
      "properties": {
        "CFrame": {
          "position": [
            -0.217781067,
            0.287806273,
            9.53674316e-7
          ],
          "rotation": [
            1,
            -6.95041302e-10,
            1.86260052e-9,
            6.95040747e-10,
            1,
            2.93194546e-7,
            -1.86260074e-9,
            -2.93194546e-7,
            1
          ]
        },
        "Visible": false,
        "Name": "Ball.L"
      }
    },
    {
      "id": "RBX444DCB59427245D0BFAA399533A6A64F",
      "parent": "RBX2419B57186124D64B4E763441FBCAC0E",
      "class": "Bone",
      "name": "Ball.R",
      "properties": {
        "CFrame": {
          "position": [
            0.217636108,
            0.287806273,
            9.53674316e-7
          ],
          "rotation": [
            1,
            -6.95041302e-10,
            1.86260052e-9,
            6.95040747e-10,
            1,
            2.93194546e-7,
            -1.86260074e-9,
            -2.93194546e-7,
            1
          ]
        },
        "Visible": false,
        "Name": "Ball.R"
      }
    },
    {
      "id": "RBX743FE700CC87483EB50C6B67800B19AB",
      "parent": "RBX5F522E01F96C43499648D06091D5577A",
      "class": "SurfaceAppearance",
      "name": "SurfaceAppearance",
      "properties": {
        "AlphaMode": 0,
        "ColorMap": "rbxassetid://12284258690",
        "MetalnessMap": null,
        "NormalMap": null,
        "RoughnessMap": null,
        "Name": "SurfaceAppearance"
      }
    }
  ]
}
