{
  "format": "overlay_json_v1",
  "kind": "morph_bundle",
  "version": 1,
  "asset_id": "morph_3288-man",
  "name": "Man",
  "source_file": "3288-man.rbxmx",
  "anchor": "HumanoidRootPart",
  "anchor_candidates": [
    "HumanoidRootPart",
    "UpperTorso",
    "Torso",
    "Head"
  ],
  "jiggle": false,
  "root_cframe": {
    "position": [
      431.635406,
      -229.042648,
      -4275.23828
    ],
    "rotation": [
      0.958352923,
      -0.0980577692,
      0.268224448,
      0.0653394237,
      0.989578605,
      0.128316537,
      -0.27801156,
      -0.10544689,
      0.954772532
    ]
  },
  "class_counts": {
    "Folder": 1,
    "Model": 3,
    "Part": 10,
    "ParticleEmitter": 1,
    "SpecialMesh": 9,
    "Motor6D": 4,
    "Weld": 4,
    "UnionOperation": 4
  },
  "nodes": [
    {
      "id": "RBX91B323ADB95749D1AF1C8E59CFB12712",
      "parent": null,
      "class": "Folder",
      "name": "Man",
      "properties": {
        "Name": "Man"
      }
    },
    {
      "id": "RBXD57718102BE14B9582FAAD51DF5C36E5",
      "parent": "RBX91B323ADB95749D1AF1C8E59CFB12712",
      "class": "Model",
      "name": "UpperStatic",
      "properties": {
        "PrimaryPart": "RBX6027F832F7EE4F43BCF15FD15015B426",
        "Name": "UpperStatic"
      }
    },
    {
      "id": "RBX54FB30E3A04E4DBFA9F444BC72828C13",
      "parent": "RBXD57718102BE14B9582FAAD51DF5C36E5",
      "class": "Part",
      "name": "Particle3",
      "properties": {
        "shape": 1,
        "Anchored": true,
        "CanCollide": false,
        "CanQuery": true,
        "CanTouch": true,
        "Color3uint8": [
          1,
          0.580392,
          0.580392
        ],
        "Massless": false,
        "Material": 272,
        "PivotOffset": {
          "position": [
            0,
            0,
            0
          ],
          "rotation": [
            1,
            0,
            0,
            0,
            1,
            0,
            0,
            0,
            1
          ]
        },
        "Reflectance": 0,
        "Transparency": 1,
        "size": [
          0.14428854,
          0.14428854,
          0.14428854
        ],
        "Name": "Particle3",
        "LocalCFrame": {
          "position": [
            0,
            0,
            0
          ],
          "rotation": [
            1,
            0,
            0,
            0,
            1,
            0,
            0,
            0,
            1
          ]
        }
      }
    },
    {
      "id": "RBX0CA1C8DC13C44CC184DBF710D4584327",
      "parent": "RBX54FB30E3A04E4DBFA9F444BC72828C13",
      "class": "ParticleEmitter",
      "name": "Particles",
      "properties": {
        "Acceleration": [
          0,
          -5,
          0
        ],
        "Color": "0 1 1 1 0 1 1 1 1 0",
        "Drag": 0,
        "Enabled": false,
        "Lifetime": [
          0.75,
          1
        ],
        "LightEmission": 0,
        "LightInfluence": 1,
        "LockedToPart": false,
        "Rate": 75,
        "RotSpeed": [
          0,
          0
        ],
        "Rotation": [
          90,
          90
        ],
        "Size": "0 0.08 0 0.8 0.08 0 1 0 0",
        "Speed": [
          4,
          6
        ],
        "SpreadAngle": [
          10,
          10
        ],
        "Texture": "rbxassetid://3202767053",
        "TimeScale": 1,
        "Transparency": "0 0 0 0.9 0 0 1 1 0",
        "VelocityInheritance": 0,
        "ZOffset": 0,
        "Name": "Particles"
      }
    },
    {
      "id": "RBX87370A4D0362489494CD53BEEA785B85",
      "parent": "RBXD57718102BE14B9582FAAD51DF5C36E5",
      "class": "Part",
      "name": "color1",
      "properties": {
        "shape": 1,
        "Anchored": true,
        "CanCollide": false,
        "CanQuery": true,
        "CanTouch": true,
        "Color3uint8": [
          1,
          0.580392,
          0.580392
        ],
        "Massless": false,
        "Material": 272,
        "PivotOffset": {
          "position": [
            0,
            0,
            0
          ],
          "rotation": [
            1,
            0,
            0,
            0,
            1,
            0,
            0,
            0,
            1
          ]
        },
        "Reflectance": 0,
        "Transparency": 1,
        "size": [
          0.265085846,
          0.232758313,
          0.232758284
        ],
        "Name": "color1",
        "LocalCFrame": {
          "position": [
            -0.136218,
            -0.009977,
            0.566792
          ],
          "rotation": [
            0.99207,
            0.065339,
            -0.107372,
            -0.078257,
            0.989579,
            -0.120872,
            0.098355,
            0.128317,
            0.986844
          ]
        }
      }
    },
    {
      "id": "RBXCD2728B484394612BB541EBFE5165A36",
      "parent": "RBX87370A4D0362489494CD53BEEA785B85",
      "class": "SpecialMesh",
      "name": "Mesh",
      "properties": {
        "MeshType": 3,
        "MeshId": null,
        "TextureId": null,
        "Offset": [
          0,
          0,
          0
        ],
        "Scale": [
          1,
          1,
          1
        ],
        "VertexColor": [
          1,
          1,
          1
        ],
        "Name": "Mesh"
      }
    },
    {
      "id": "RBX56EE36F672FD44F68C179DB39F19F85B",
      "parent": "RBX87370A4D0362489494CD53BEEA785B85",
      "class": "Motor6D",
      "name": "Nip",
      "properties": {
        "C0": {
          "position": [
            -0.477905273,
            0.304015636,
            -0.47187233
          ],
          "rotation": [
            -1,
            0,
            0,
            0,
            1,
            0,
            0,
            0,
            -1
          ]
        },
        "C1": {
          "position": [
            -0.0539327189,
            0.0234933812,
            -1.24240485e-15
          ],
          "rotation": [
            0.939692855,
            0.342019707,
            6.49238963e-14,
            -0.342019707,
            0.939692795,
            1.64103364e-13,
            -4.88193707e-15,
            -1.76411999e-13,
            1
          ]
        },
        "Enabled": true,
        "Part0": null,
        "Part1": "RBX87370A4D0362489494CD53BEEA785B85",
        "Name": "Nip"
      }
    },
    {
      "id": "RBXCBB242FA26BB41AA873E9C90779A4FCD",
      "parent": "RBX87370A4D0362489494CD53BEEA785B85",
      "class": "Weld",
      "name": "Weld",
      "properties": {
        "C0": {
          "position": [
            0,
            -0.00000190734863,
            0.0899963379
          ],
          "rotation": [
            1.00000012,
            -2.4561768e-15,
            7.10542736e-15,
            -5.96046448e-8,
            1,
            0,
            -7.10542736e-15,
            0,
            1
          ]
        },
        "C1": {
          "position": [
            0.0587158203,
            -0.00363206863,
            -0.00453948975
          ],
          "rotation": [
            0.939692736,
            -0.342019826,
            7.10542736e-15,
            0.342019826,
            0.939692736,
            -1.33509523e-13,
            4.26325641e-14,
            1.27897692e-13,
            1
          ]
        },
        "Enabled": true,
        "Part0": "RBX87370A4D0362489494CD53BEEA785B85",
        "Part1": null,
        "Name": "Weld"
      }
    },
    {
      "id": "RBX099DA7808E8E434882DA3C1786C767BA",
      "parent": "RBXD57718102BE14B9582FAAD51DF5C36E5",
      "class": "Part",
      "name": "color5",
      "properties": {
        "shape": 1,
        "Anchored": true,
        "CanCollide": false,
        "CanQuery": true,
        "CanTouch": true,
        "Color3uint8": [
          0.972549,
          0.972549,
          0.972549
        ],
        "Massless": false,
        "Material": 272,
        "PivotOffset": {
          "position": [
            0,
            0,
            0
          ],
          "rotation": [
            1,
            0,
            0,
            0,
            1,
            0,
            0,
            0,
            1
          ]
        },
        "Reflectance": 0,
        "Transparency": 1,
        "size": [
          1.10000002,
          0.949999928,
          0.349999994
        ],
        "Name": "color5",
        "LocalCFrame": {
          "position": [
            0.063444,
            0.034258,
            0.708567
          ],
          "rotation": [
            0.967472,
            0.065339,
            -0.244396,
            -0.094318,
            0.989579,
            -0.108805,
            0.23474,
            0.128317,
            0.963552
          ]
        }
      }
    },
    {
      "id": "RBXEAD9E6312E2047499953E23FBF2433D8",
      "parent": "RBX099DA7808E8E434882DA3C1786C767BA",
      "class": "SpecialMesh",
      "name": "Mesh",
      "properties": {
        "MeshType": 3,
        "MeshId": null,
        "TextureId": null,
        "Offset": [
          0,
          0,
          0
        ],
        "Scale": [
          1,
          1,
          1
        ],
        "VertexColor": [
          1,
          1,
          1
        ],
        "Name": "Mesh"
      }
    },
    {
      "id": "RBXAED0FB22066F495E9B7D30645C48D57D",
      "parent": "RBXD57718102BE14B9582FAAD51DF5C36E5",
      "class": "UnionOperation",
      "name": "Piercing",
      "properties": {
        "UsePartColor": false,
        "Anchored": true,
        "CanCollide": false,
        "CanQuery": true,
        "CanTouch": true,
        "Color3uint8": [
          0.764706,
          0.764706,
          0.764706
        ],
        "Massless": false,
        "Material": 1088,
        "PivotOffset": {
          "position": [
            0,
            0,
            0
          ],
          "rotation": [
            1,
            0,
            0,
            0,
            1,
            0,
            0,
            0,
            1
          ]
        },
        "Reflectance": 1,
        "Transparency": 1,
        "size": [
          0.199926764,
          0.0680001229,
          0.0703039169
        ],
        "Name": "Piercing",
        "LocalCFrame": {
          "position": [
            -0.131345,
            -0.013374,
            0.47373
          ],
          "rotation": [
            0.99207,
            0.065339,
            -0.107372,
            -0.078257,
            0.989579,
            -0.120872,
            0.098355,
            0.128317,
            0.986844
          ]
        }
      }
    },
    {
      "id": "RBX6027F832F7EE4F43BCF15FD15015B426",
      "parent": "RBXD57718102BE14B9582FAAD51DF5C36E5",
      "class": "Part",
      "name": "Middle",
      "properties": {
        "shape": 1,
        "Anchored": true,
        "CanCollide": false,
        "CanQuery": true,
        "CanTouch": true,
        "Color3uint8": [
          0.972549,
          0.972549,
          0.972549
        ],
        "Massless": false,
        "Material": 272,
        "PivotOffset": {
          "position": [
            0,
            0,
            0
          ],
          "rotation": [
            1,
            0,
            0,
            0,
            1,
            0,
            0,
            0,
            1
          ]
        },
        "Reflectance": 0,
        "Transparency": 1,
        "size": [
          2,
          2,
          1
        ],
        "Name": "Middle",
        "LocalCFrame": {
          "position": [
            0.300691,
            -0.530195,
            1.238995
          ],
          "rotation": [
            0.958353,
            0.065339,
            -0.278012,
            -0.098058,
            0.989579,
            -0.105447,
            0.268224,
            0.128317,
            0.954773
          ]
        }
      }
    },
    {
      "id": "RBXBB69C181D0874F038E31A0EA7EAD1633",
      "parent": "RBX6027F832F7EE4F43BCF15FD15015B426",
      "class": "SpecialMesh",
      "name": "MaleMesh",
      "properties": {
        "MeshType": 5,
        "MeshId": "rbxassetid://12221758",
        "TextureId": null,
        "Offset": [
          0,
          0,
          0
        ],
        "Scale": [
          1,
          1,
          1
        ],
        "VertexColor": [
          1,
          1,
          1
        ],
        "Name": "MaleMesh"
      }
    },
    {
      "id": "RBXEB04AFEF33104B5391460CF4EE0787D8",
      "parent": "RBXD57718102BE14B9582FAAD51DF5C36E5",
      "class": "UnionOperation",
      "name": "Ring",
      "properties": {
        "UsePartColor": false,
        "Anchored": true,
        "CanCollide": false,
        "CanQuery": true,
        "CanTouch": true,
        "Color3uint8": [
          0.764706,
          0.764706,
          0.764706
        ],
        "Massless": false,
        "Material": 1088,
        "PivotOffset": {
          "position": [
            0,
            0,
            0
          ],
          "rotation": [
            1,
            0,
            0,
            0,
            1,
            0,
            0,
            0,
            1
          ]
        },
        "Reflectance": 1,
        "Transparency": 1,
        "size": [
          0.150000006,
          0.0250000004,
          0.150000006
        ],
        "Name": "Ring",
        "LocalCFrame": {
          "position": [
            -0.13054,
            -0.061327,
            0.453324
          ],
          "rotation": [
            0.99207,
            -0.107372,
            -0.065339,
            -0.078257,
            -0.120873,
            -0.989579,
            0.098355,
            0.986844,
            -0.128317
          ]
        }
      }
    },
    {
      "id": "RBX240EB6385352447D8E30AE07A049DAB2",
      "parent": "RBXD57718102BE14B9582FAAD51DF5C36E5",
      "class": "Part",
      "name": "color5",
      "properties": {
        "shape": 1,
        "Anchored": true,
        "CanCollide": false,
        "CanQuery": true,
        "CanTouch": true,
        "Color3uint8": [
          0.972549,
          0.972549,
          0.972549
        ],
        "Massless": false,
        "Material": 272,
        "PivotOffset": {
          "position": [
            0,
            0,
            0
          ],
          "rotation": [
            1,
            0,
            0,
            0,
            1,
            0,
            0,
            0,
            1
          ]
        },
        "Reflectance": 0,
        "Transparency": 1,
        "size": [
          1.10000002,
          0.949999928,
          0.349999994
        ],
        "Name": "color5",
        "LocalCFrame": {
          "position": [
            0.878021,
            -0.049089,
            0.936552
          ],
          "rotation": [
            0.948067,
            0.065339,
            -0.311288,
            -0.101678,
            0.989579,
            -0.10196,
            0.301382,
            0.128317,
            0.94483
          ]
        }
      }
    },
    {
      "id": "RBX20E4F53156FD4EA0ACE427FC0038834C",
      "parent": "RBX240EB6385352447D8E30AE07A049DAB2",
      "class": "SpecialMesh",
      "name": "Mesh",
      "properties": {
        "MeshType": 3,
        "MeshId": null,
        "TextureId": null,
        "Offset": [
          0,
          0,
          0
        ],
        "Scale": [
          1,
          1,
          1
        ],
        "VertexColor": [
          1,
          1,
          1
        ],
        "Name": "Mesh"
      }
    },
    {
      "id": "RBX97231020E9984C8E8BB7436228BE2ED8",
      "parent": "RBXD57718102BE14B9582FAAD51DF5C36E5",
      "class": "Part",
      "name": "color1",
      "properties": {
        "shape": 1,
        "Anchored": true,
        "CanCollide": false,
        "CanQuery": true,
        "CanTouch": true,
        "Color3uint8": [
          1,
          0.580392,
          0.580392
        ],
        "Massless": false,
        "Material": 272,
        "PivotOffset": {
          "position": [
            0,
            0,
            0
          ],
          "rotation": [
            1,
            0,
            0,
            0,
            1,
            0,
            0,
            0,
            1
          ]
        },
        "Reflectance": 0,
        "Transparency": 1,
        "size": [
          0.265085846,
          0.232758313,
          0.232758284
        ],
        "Name": "color1",
        "LocalCFrame": {
          "position": [
            1.109688,
            -0.137457,
            0.915497
          ],
          "rotation": [
            0.895517,
            0.065339,
            -0.440204,
            -0.114879,
            0.989579,
            -0.086817,
            0.429944,
            0.128317,
            0.893691
          ]
        }
      }
    },
    {
      "id": "RBXDE3C20CD6F2146AE8FC41D2C4C2D2D91",
      "parent": "RBX97231020E9984C8E8BB7436228BE2ED8",
      "class": "SpecialMesh",
      "name": "Mesh",
      "properties": {
        "MeshType": 3,
        "MeshId": null,
        "TextureId": null,
        "Offset": [
          0,
          0,
          0
        ],
        "Scale": [
          1,
          1,
          1
        ],
        "VertexColor": [
          1,
          1,
          1
        ],
        "Name": "Mesh"
      }
    },
    {
      "id": "RBXCB7A596E4AF24566BC7DE85CB75C133D",
      "parent": "RBX97231020E9984C8E8BB7436228BE2ED8",
      "class": "Motor6D",
      "name": "Nip",
      "properties": {
        "C0": {
          "position": [
            -0.477905273,
            0.304015636,
            -0.47187233
          ],
          "rotation": [
            -1,
            0,
            0,
            0,
            1,
            0,
            0,
            0,
            -1
          ]
        },
        "C1": {
          "position": [
            -0.0539327189,
            0.0234933812,
            -1.24240485e-15
          ],
          "rotation": [
            0.939692855,
            0.342019707,
            6.49238963e-14,
            -0.342019707,
            0.939692795,
            1.64103364e-13,
            -4.88193707e-15,
            -1.76411999e-13,
            1
          ]
        },
        "Enabled": true,
        "Part0": null,
        "Part1": "RBX97231020E9984C8E8BB7436228BE2ED8",
        "Name": "Nip"
      }
    },
    {
      "id": "RBX216876018F114C70B744BF5D7E5E3192",
      "parent": "RBX97231020E9984C8E8BB7436228BE2ED8",
      "class": "Weld",
      "name": "Weld",
      "properties": {
        "C0": {
          "position": [
            0,
            -0.00000190734863,
            0.0899963379
          ],
          "rotation": [
            1.00000012,
            -2.4561768e-15,
            7.10542736e-15,
            -5.96046448e-8,
            1,
            0,
            -7.10542736e-15,
            0,
            1
          ]
        },
        "C1": {
          "position": [
            0.0587158203,
            -0.00363206863,
            -0.00453948975
          ],
          "rotation": [
            0.939692736,
            -0.342019826,
            7.10542736e-15,
            0.342019826,
            0.939692736,
            -1.33509523e-13,
            4.26325641e-14,
            1.27897692e-13,
            1
          ]
        },
        "Enabled": true,
        "Part0": "RBX97231020E9984C8E8BB7436228BE2ED8",
        "Part1": null,
        "Name": "Weld"
      }
    },
    {
      "id": "RBXEED9ABBA449D49BDBF1DA012055D8D4A",
      "parent": "RBXD57718102BE14B9582FAAD51DF5C36E5",
      "class": "Part",
      "name": "color1",
      "properties": {
        "shape": 1,
        "Anchored": true,
        "CanCollide": false,
        "CanQuery": true,
        "CanTouch": true,
        "Color3uint8": [
          1,
          0.580392,
          0.580392
        ],
        "Massless": false,
        "Material": 272,
        "PivotOffset": {
          "position": [
            0,
            0,
            0
          ],
          "rotation": [
            1,
            0,
            0,
            0,
            1,
            0,
            0,
            0,
            1
          ]
        },
        "Reflectance": 0,
        "Transparency": 1,
        "size": [
          0.100000001,
          0.100000001,
          0.300000012
        ],
        "Name": "color1",
        "LocalCFrame": {
          "position": [
            -0.13991,
            -0.025834,
            0.574188
          ],
          "rotation": [
            0.99207,
            0.065339,
            -0.107372,
            -0.078257,
            0.989579,
            -0.120872,
            0.098355,
            0.128317,
            0.986844
          ]
        }
      }
    },
    {
      "id": "RBX6D78AD52F5B84F87B0F0022C36F22916",
      "parent": "RBXEED9ABBA449D49BDBF1DA012055D8D4A",
      "class": "SpecialMesh",
      "name": "Mesh",
      "properties": {
        "MeshType": 3,
        "MeshId": null,
        "TextureId": null,
        "Offset": [
          0,
          0,
          0
        ],
        "Scale": [
          1,
          1,
          1
        ],
        "VertexColor": [
          1,
          1,
          1
        ],
        "Name": "Mesh"
      }
    },
    {
      "id": "RBXC762D6F6FB8F416DAEDDB17241F56496",
      "parent": "RBXEED9ABBA449D49BDBF1DA012055D8D4A",
      "class": "Motor6D",
      "name": "Nip",
      "properties": {
        "C0": {
          "position": [
            -0.477905273,
            0.304015636,
            -0.47187233
          ],
          "rotation": [
            -1,
            0,
            0,
            0,
            1,
            0,
            0,
            0,
            -1
          ]
        },
        "C1": {
          "position": [
            -0.0539327189,
            0.0234933812,
            -1.24240485e-15
          ],
          "rotation": [
            0.939692855,
            0.342019707,
            6.49238963e-14,
            -0.342019707,
            0.939692795,
            1.64103364e-13,
            -4.88193707e-15,
            -1.76411999e-13,
            1
          ]
        },
        "Enabled": true,
        "Part0": null,
        "Part1": "RBXEED9ABBA449D49BDBF1DA012055D8D4A",
        "Name": "Nip"
      }
    },
    {
      "id": "RBX67D090B75A6C4846AF4095CB21AE1245",
      "parent": "RBXEED9ABBA449D49BDBF1DA012055D8D4A",
      "class": "Weld",
      "name": "Weld",
      "properties": {
        "C0": {
          "position": [
            0,
            -0.00000190734863,
            0.0899963379
          ],
          "rotation": [
            1.00000012,
            -2.4561768e-15,
            7.10542736e-15,
            -5.96046448e-8,
            1,
            0,
            -7.10542736e-15,
            0,
            1
          ]
        },
        "C1": {
          "position": [
            0.0587158203,
            -0.00363206863,
            -0.00453948975
          ],
          "rotation": [
            0.939692736,
            -0.342019826,
            7.10542736e-15,
            0.342019826,
            0.939692736,
            -1.33509523e-13,
            4.26325641e-14,
            1.27897692e-13,
            1
          ]
        },
        "Enabled": true,
        "Part0": "RBXEED9ABBA449D49BDBF1DA012055D8D4A",
        "Part1": null,
        "Name": "Weld"
      }
    },
    {
      "id": "RBXB0E6A83CC85D459CBFB4BE3EECC6D7A0",
      "parent": "RBXD57718102BE14B9582FAAD51DF5C36E5",
      "class": "Part",
      "name": "color1",
      "properties": {
        "shape": 1,
        "Anchored": true,
        "CanCollide": false,
        "CanQuery": true,
        "CanTouch": true,
        "Color3uint8": [
          1,
          0.580392,
          0.580392
        ],
        "Massless": false,
        "Material": 272,
        "PivotOffset": {
          "position": [
            0,
            0,
            0
          ],
          "rotation": [
            1,
            0,
            0,
            0,
            1,
            0,
            0,
            0,
            1
          ]
        },
        "Reflectance": 0,
        "Transparency": 1,
        "size": [
          0.100000001,
          0.100000001,
          0.300000012
        ],
        "Name": "color1",
        "LocalCFrame": {
          "position": [
            1.105995,
            -0.153314,
            0.922893
          ],
          "rotation": [
            0.895517,
            0.065339,
            -0.440204,
            -0.114879,
            0.989579,
            -0.086817,
            0.429944,
            0.128317,
            0.893691
          ]
        }
      }
    },
    {
      "id": "RBX008C0E082ACC4762AD7F70EB24DD5487",
      "parent": "RBXB0E6A83CC85D459CBFB4BE3EECC6D7A0",
      "class": "SpecialMesh",
      "name": "Mesh",
      "properties": {
        "MeshType": 3,
        "MeshId": null,
        "TextureId": null,
        "Offset": [
          0,
          0,
          0
        ],
        "Scale": [
          1,
          1,
          1
        ],
        "VertexColor": [
          1,
          1,
          1
        ],
        "Name": "Mesh"
      }
    },
    {
      "id": "RBXD056385BC28D48A6A3E61BDC8BD416FC",
      "parent": "RBXB0E6A83CC85D459CBFB4BE3EECC6D7A0",
      "class": "Motor6D",
      "name": "Nip",
      "properties": {
        "C0": {
          "position": [
            -0.477905273,
            0.304015636,
            -0.47187233
          ],
          "rotation": [
            -1,
            0,
            0,
            0,
            1,
            0,
            0,
            0,
            -1
          ]
        },
        "C1": {
          "position": [
            -0.0539327189,
            0.0234933812,
            -1.24240485e-15
          ],
          "rotation": [
            0.939692855,
            0.342019707,
            6.49238963e-14,
            -0.342019707,
            0.939692795,
            1.64103364e-13,
            -4.88193707e-15,
            -1.76411999e-13,
            1
          ]
        },
        "Enabled": true,
        "Part0": null,
        "Part1": "RBXB0E6A83CC85D459CBFB4BE3EECC6D7A0",
        "Name": "Nip"
      }
    },
    {
      "id": "RBX71A1F43FEFBF4630B413D1696D376CC8",
      "parent": "RBXB0E6A83CC85D459CBFB4BE3EECC6D7A0",
      "class": "Weld",
      "name": "Weld",
      "properties": {
        "C0": {
          "position": [
            0,
            -0.00000190734863,
            0.0899963379
          ],
          "rotation": [
            1.00000012,
            -2.4561768e-15,
            7.10542736e-15,
            -5.96046448e-8,
            1,
            0,
            -7.10542736e-15,
            0,
            1
          ]
        },
        "C1": {
          "position": [
            0.0587158203,
            -0.00363206863,
            -0.00453948975
          ],
          "rotation": [
            0.939692736,
            -0.342019826,
            7.10542736e-15,
            0.342019826,
            0.939692736,
            -1.33509523e-13,
            4.26325641e-14,
            1.27897692e-13,
            1
          ]
        },
        "Enabled": true,
        "Part0": "RBXB0E6A83CC85D459CBFB4BE3EECC6D7A0",
        "Part1": null,
        "Name": "Weld"
      }
    },
    {
      "id": "RBX0423F162F9364E5A9DCD4AA951710C17",
      "parent": "RBXD57718102BE14B9582FAAD51DF5C36E5",
      "class": "UnionOperation",
      "name": "Piercing",
      "properties": {
        "UsePartColor": false,
        "Anchored": true,
        "CanCollide": false,
        "CanQuery": true,
        "CanTouch": true,
        "Color3uint8": [
          0.764706,
          0.764706,
          0.764706
        ],
        "Massless": false,
        "Material": 1088,
        "PivotOffset": {
          "position": [
            0,
            0,
            0
          ],
          "rotation": [
            1,
            0,
            0,
            0,
            1,
            0,
            0,
            0,
            1
          ]
        },
        "Reflectance": 1,
        "Transparency": 1,
        "size": [
          0.199926764,
          0.0680001229,
          0.0703039169
        ],
        "Name": "Piercing",
        "LocalCFrame": {
          "position": [
            1.152845,
            -0.144771,
            0.83315
          ],
          "rotation": [
            0.895517,
            0.065339,
            -0.440204,
            -0.114879,
            0.989579,
            -0.086817,
            0.429944,
            0.128317,
            0.893691
          ]
        }
      }
    },
    {
      "id": "RBX339FC2D302FE41C2981B49B9FB2216A8",
      "parent": "RBXD57718102BE14B9582FAAD51DF5C36E5",
      "class": "UnionOperation",
      "name": "Ring",
      "properties": {
        "UsePartColor": false,
        "Anchored": true,
        "CanCollide": false,
        "CanQuery": true,
        "CanTouch": true,
        "Color3uint8": [
          0.764706,
          0.764706,
          0.764706
        ],
        "Massless": false,
        "Material": 1088,
        "PivotOffset": {
          "position": [
            0,
            0,
            0
          ],
          "rotation": [
            1,
            0,
            0,
            0,
            1,
            0,
            0,
            0,
            1
          ]
        },
        "Reflectance": 1,
        "Transparency": 1,
        "size": [
          0.150000006,
          0.0250000004,
          0.150000006
        ],
        "Name": "Ring",
        "LocalCFrame": {
          "position": [
            1.153649,
            -0.192724,
            0.812744
          ],
          "rotation": [
            0.895517,
            -0.440204,
            -0.065339,
            -0.114879,
            -0.086817,
            -0.989579,
            0.429944,
            0.893691,
            -0.128317
          ]
        }
      }
    },
    {
      "id": "RBXB0AF5D55991D4DB78A4F7FF9BA1DFF1F",
      "parent": "RBX91B323ADB95749D1AF1C8E59CFB12712",
      "class": "Model",
      "name": "UpperL",
      "properties": {
        "PrimaryPart": "RBX8C61CA960EB6430491479F2B0CAFEB38",
        "Name": "UpperL"
      }
    },
    {
      "id": "RBX8C61CA960EB6430491479F2B0CAFEB38",
      "parent": "RBXB0AF5D55991D4DB78A4F7FF9BA1DFF1F",
      "class": "Part",
      "name": "Middle",
      "properties": {
        "shape": 1,
        "Anchored": true,
        "CanCollide": false,
        "CanQuery": true,
        "CanTouch": true,
        "Color3uint8": [
          1,
          0,
          0
        ],
        "Massless": false,
        "Material": 256,
        "PivotOffset": {
          "position": [
            0,
            0,
            0
          ],
          "rotation": [
            1,
            0,
            0,
            0,
            1,
            0,
            0,
            0,
            1
          ]
        },
        "Reflectance": 0,
        "Transparency": 1,
        "size": [
          0.200000003,
          0.200000003,
          0.200000003
        ],
        "Name": "Middle",
        "LocalCFrame": {
          "position": [
            -65.863508,
            145.912047,
            -15.469211
          ],
          "rotation": [
            0.958353,
            0.06534,
            -0.278013,
            -0.098056,
            0.989576,
            -0.105445,
            0.268223,
            0.128318,
            0.954772
          ]
        }
      }
    },
    {
      "id": "RBX31F97547499F4E9C9803E8099AC2E7DA",
      "parent": "RBX8C61CA960EB6430491479F2B0CAFEB38",
      "class": "SpecialMesh",
      "name": "Mesh",
      "properties": {
        "MeshType": 6,
        "MeshId": null,
        "TextureId": null,
        "Offset": [
          0,
          0,
          0
        ],
        "Scale": [
          0,
          0,
          0
        ],
        "VertexColor": [
          1,
          1,
          1
        ],
        "Name": "Mesh"
      }
    },
    {
      "id": "RBX0E45BDAD078540D786A4BEB0BAB432CB",
      "parent": "RBX91B323ADB95749D1AF1C8E59CFB12712",
      "class": "Model",
      "name": "UpperR",
      "properties": {
        "PrimaryPart": "RBX0EED07C06BB94C838E93736C83D050F5",
        "Name": "UpperR"
      }
    },
    {
      "id": "RBX0EED07C06BB94C838E93736C83D050F5",
      "parent": "RBX0E45BDAD078540D786A4BEB0BAB432CB",
      "class": "Part",
      "name": "Middle",
      "properties": {
        "shape": 1,
        "Anchored": true,
        "CanCollide": false,
        "CanQuery": true,
        "CanTouch": true,
        "Color3uint8": [
          1,
          0,
          0
        ],
        "Massless": false,
        "Material": 256,
        "PivotOffset": {
          "position": [
            0,
            0,
            0
          ],
          "rotation": [
            1,
            0,
            0,
            0,
            1,
            0,
            0,
            0,
            1
          ]
        },
        "Reflectance": 0,
        "Transparency": 1,
        "size": [
          0.200000003,
          0.200000003,
          0.200000003
        ],
        "Name": "Middle",
        "LocalCFrame": {
          "position": [
            -65.863508,
            145.912047,
            -15.469211
          ],
          "rotation": [
            0.958353,
            0.06534,
            -0.278013,
            -0.098056,
            0.989576,
            -0.105445,
            0.268223,
            0.128318,
            0.954772
          ]
        }
      }
    },
    {
      "id": "RBXE9B24C936EC34A2BBCF08BFDF647D814",
      "parent": "RBX0EED07C06BB94C838E93736C83D050F5",
      "class": "SpecialMesh",
      "name": "Mesh",
      "properties": {
        "MeshType": 6,
        "MeshId": null,
        "TextureId": null,
        "Offset": [
          0,
          0,
          0
        ],
        "Scale": [
          0,
          0,
          0
        ],
        "VertexColor": [
          1,
          1,
          1
        ],
        "Name": "Mesh"
      }
    }
  ]
}
