{
  "format": "overlay_json_v1",
  "kind": "morph_bundle",
  "version": 1,
  "asset_id": "morph_2802-physballs-medium-2",
  "name": "PhysBalls (Medium) 2",
  "source_file": "2802-physballs-medium-2.rbxmx",
  "anchor": "HumanoidRootPart",
  "anchor_candidates": [
    "HumanoidRootPart",
    "UpperTorso",
    "Torso",
    "Head"
  ],
  "jiggle": true,
  "root_cframe": {
    "position": [
      71.4722519,
      3.81118798,
      63.380928
    ],
    "rotation": [
      0.999768674,
      -0.000505758857,
      -0.0215025805,
      0.000515318185,
      1.0000037,
      0.000439210387,
      0.0215023234,
      -0.000450190448,
      0.999770641
    ]
  },
  "class_counts": {
    "Folder": 1,
    "Model": 2,
    "Part": 2,
    "SpecialMesh": 1,
    "MeshPart": 1,
    "Bone": 3
  },
  "nodes": [
    {
      "id": "RBX141BED44B7EE415199DED5B3A20E663B",
      "parent": null,
      "class": "Folder",
      "name": "PhysBalls (Medium) 2",
      "properties": {
        "Name": "PhysBalls (Medium) 2"
      }
    },
    {
      "id": "RBX27581B5D5C304DA5A27969E17E1CC9F6",
      "parent": "RBX141BED44B7EE415199DED5B3A20E663B",
      "class": "Model",
      "name": "LowerStaticA",
      "properties": {
        "PrimaryPart": "RBX308761A8E2FE47C3A0A40CA166FB4242",
        "Name": "LowerStaticA"
      }
    },
    {
      "id": "RBX308761A8E2FE47C3A0A40CA166FB4242",
      "parent": "RBX27581B5D5C304DA5A27969E17E1CC9F6",
      "class": "Part",
      "name": "Middle",
      "properties": {
        "shape": 1,
        "Anchored": true,
        "CanCollide": false,
        "CanQuery": true,
        "CanTouch": true,
        "Color3uint8": [
          0.972549,
          0.972549,
          0.972549
        ],
        "Massless": false,
        "Material": 272,
        "PivotOffset": {
          "position": [
            0,
            0,
            0
          ],
          "rotation": [
            1,
            0,
            0,
            0,
            1,
            0,
            0,
            0,
            1
          ]
        },
        "Reflectance": 0,
        "Transparency": 1,
        "size": [
          2.00156212,
          2.00156212,
          1.00078106
        ],
        "Name": "Middle",
        "LocalCFrame": {
          "position": [
            0,
            0,
            0
          ],
          "rotation": [
            1,
            0,
            0,
            0,
            1.000008,
            0,
            0,
            0,
            1.000004
          ]
        }
      }
    },
    {
      "id": "RBX78A844BA3AA94D57A1153D72CF54B08F",
      "parent": "RBX308761A8E2FE47C3A0A40CA166FB4242",
      "class": "SpecialMesh",
      "name": "Mesh",
      "properties": {
        "MeshType": 5,
        "MeshId": "rbxassetid://12221758",
        "TextureId": null,
        "Offset": [
          0,
          0,
          0
        ],
        "Scale": [
          1.00078106,
          1.00078106,
          1.00078106
        ],
        "VertexColor": [
          1,
          1,
          1
        ],
        "Name": "Mesh"
      }
    },
    {
      "id": "RBXE9FDCDC0C8C245CEA5C5A2975CC56B54",
      "parent": "RBX141BED44B7EE415199DED5B3A20E663B",
      "class": "Model",
      "name": "Orbs",
      "properties": {
        "PrimaryPart": null,
        "Name": "Orbs"
      }
    },
    {
      "id": "RBX7282E44DB7314527A6508E1D4B549251",
      "parent": "RBXE9FDCDC0C8C245CEA5C5A2975CC56B54",
      "class": "Part",
      "name": "Middle",
      "properties": {
        "shape": 1,
        "Anchored": true,
        "CanCollide": false,
        "CanQuery": true,
        "CanTouch": true,
        "Color3uint8": [
          1,
          0,
          0
        ],
        "Massless": false,
        "Material": 272,
        "PivotOffset": {
          "position": [
            0,
            0,
            0
          ],
          "rotation": [
            1,
            0,
            0,
            0,
            1,
            0,
            0,
            0,
            1
          ]
        },
        "Reflectance": 0,
        "Transparency": 1,
        "size": [
          0.16730991,
          0.16730991,
          0.16730991
        ],
        "Name": "Middle",
        "LocalCFrame": {
          "position": [
            0.029855,
            -1.08083,
            -0.613523
          ],
          "rotation": [
            0.999769,
            -0.000235,
            0.021507,
            -0.000506,
            0.99941,
            0.03445,
            -0.021503,
            -0.034452,
            0.999177
          ]
        }
      }
    },
    {
      "id": "RBX68D589BEFB964EE49B9E87B070558F27",
      "parent": "RBXE9FDCDC0C8C245CEA5C5A2975CC56B54",
      "class": "MeshPart",
      "name": "color5",
      "properties": {
        "HasSkinnedMesh": false,
        "MeshId": "rbxassetid://132824265770557",
        "RenderFidelity": 0,
        "TextureID": null,
        "Anchored": false,
        "CanCollide": true,
        "CanQuery": true,
        "CanTouch": true,
        "Color3uint8": [
          0.917647,
          0.721569,
          0.572549
        ],
        "Massless": false,
        "Material": 272,
        "PivotOffset": {
          "position": [
            -0.00000508680478,
            -0.357878953,
            0.0090063028
          ],
          "rotation": [
            1,
            1.22464685e-16,
            -1.22464685e-16,
            -1.22464685e-16,
            1,
            -1.22464685e-16,
            1.22464685e-16,
            1.22464685e-16,
            1
          ]
        },
        "Reflectance": 0,
        "Transparency": 0,
        "size": [
          0.90820086,
          0.757959187,
          0.53173393
        ],
        "Name": "color5",
        "LocalCFrame": {
          "position": [
            0.034245,
            -1.498542,
            -0.565645
          ],
          "rotation": [
            -0.999769,
            0.000515,
            -0.021502,
            0.000506,
            1.000004,
            0.00045,
            0.021503,
            0.000439,
            -0.999771
          ]
        }
      }
    },
    {
      "id": "RBX912FBA97E4A34AC381B90318B43A6764",
      "parent": "RBX68D589BEFB964EE49B9E87B070558F27",
      "class": "Bone",
      "name": "Bone",
      "properties": {
        "CFrame": {
          "position": [
            0.00182123762,
            0.20994468,
            0.0119900191
          ],
          "rotation": [
            1,
            -1.22464685e-16,
            -1.22464685e-16,
            -1.22464685e-16,
            -1,
            -6.12323426e-17,
            -1.22464685e-16,
            6.12323426e-17,
            -1
          ]
        },
        "Visible": false,
        "Name": "Bone"
      }
    },
    {
      "id": "RBXE1818BE249A74AC7ACEC966C62118721",
      "parent": "RBX912FBA97E4A34AC381B90318B43A6764",
      "class": "Bone",
      "name": "Bone.001",
      "properties": {
        "CFrame": {
          "position": [
            0.00000762939453,
            0.538992882,
            0
          ],
          "rotation": [
            0.707106829,
            -0.707106829,
            -4.09781897e-8,
            0.707106769,
            0.707106829,
            -4.09782324e-8,
            5.79519366e-8,
            2.84217094e-14,
            1
          ]
        },
        "Visible": false,
        "Name": "Bone.001"
      }
    },
    {
      "id": "RBX13578E16444246B4B9149B2283070003",
      "parent": "RBX912FBA97E4A34AC381B90318B43A6764",
      "class": "Bone",
      "name": "Bone.002",
      "properties": {
        "CFrame": {
          "position": [
            0.00000762939453,
            0.538992882,
            0
          ],
          "rotation": [
            0.707106829,
            0.707106829,
            -1.00582845e-7,
            -0.707106769,
            0.707106829,
            1.00582845e-7,
            1.42245611e-7,
            0,
            1
          ]
        },
        "Visible": false,
        "Name": "Bone.002"
      }
    }
  ]
}
