{
  "format": "overlay_json_v1",
  "kind": "morph_bundle",
  "version": 1,
  "asset_id": "morph_2328-umbradragon-s",
  "name": "UmbraDragon (S)",
  "source_file": "2328-umbradragon-s.rbxmx",
  "anchor": "HumanoidRootPart",
  "anchor_candidates": [
    "HumanoidRootPart",
    "UpperTorso",
    "Torso",
    "Head"
  ],
  "jiggle": false,
  "root_cframe": {
    "position": [
      -177.86171,
      161.565857,
      -688.755188
    ],
    "rotation": [
      1,
      0,
      0,
      0,
      0.965925872,
      0.258818835,
      0,
      -0.258818835,
      0.965925872
    ]
  },
  "class_counts": {
    "Folder": 1,
    "Model": 3,
    "MeshPart": 54,
    "Decal": 17,
    "ParticleEmitter": 2,
    "Part": 3,
    "SpecialMesh": 1,
    "UnionOperation": 1,
    "Texture": 6
  },
  "nodes": [
    {
      "id": "RBXC1BB1845EFD840BE9F1CBCE360FCB6F2",
      "parent": null,
      "class": "Folder",
      "name": "UmbraDragon (S)",
      "properties": {
        "Name": "UmbraDragon (S)"
      }
    },
    {
      "id": "RBX4AA0B328686C4CE994DCF8040DA9E2C6",
      "parent": "RBXC1BB1845EFD840BE9F1CBCE360FCB6F2",
      "class": "Model",
      "name": "Rod",
      "properties": {
        "PrimaryPart": null,
        "Name": "Rod"
      }
    },
    {
      "id": "RBX0238AF1867D0467CBC131C96526678D4",
      "parent": "RBX4AA0B328686C4CE994DCF8040DA9E2C6",
      "class": "MeshPart",
      "name": "color2",
      "properties": {
        "HasSkinnedMesh": false,
        "MeshId": "rbxassetid://109603669938432",
        "RenderFidelity": 0,
        "TextureID": null,
        "Anchored": false,
        "CanCollide": true,
        "CanQuery": true,
        "CanTouch": true,
        "Color3uint8": [
          0.639216,
          0.635294,
          0.647059
        ],
        "Massless": false,
        "Material": 272,
        "PivotOffset": {
          "position": [
            0.0074922624,
            0.00536538707,
            -0.0232154783
          ],
          "rotation": [
            0.999961257,
            -0.00869747717,
            -0.00139766175,
            -0.000908270827,
            0.0560197942,
            -0.998429239,
            0.00876211282,
            0.998391807,
            0.056009721
          ]
        },
        "Reflectance": 0,
        "Transparency": 0,
        "size": [
          0.0852342173,
          0.10552185,
          0.143407419
        ],
        "Name": "color2",
        "LocalCFrame": {
          "position": [
            0,
            0,
            0
          ],
          "rotation": [
            1,
            0,
            0,
            0,
            1,
            0,
            0,
            0,
            1
          ]
        }
      }
    },
    {
      "id": "RBXBA7706E062894395A8F37285917662FE",
      "parent": "RBX4AA0B328686C4CE994DCF8040DA9E2C6",
      "class": "MeshPart",
      "name": "color2",
      "properties": {
        "HasSkinnedMesh": false,
        "MeshId": "rbxassetid://79828855320948",
        "RenderFidelity": 0,
        "TextureID": null,
        "Anchored": false,
        "CanCollide": true,
        "CanQuery": true,
        "CanTouch": true,
        "Color3uint8": [
          0.639216,
          0.635294,
          0.647059
        ],
        "Massless": false,
        "Material": 272,
        "PivotOffset": {
          "position": [
            0.000207845776,
            0.0144822486,
            -0.0200837255
          ],
          "rotation": [
            0.999961257,
            -0.00869747624,
            -0.0013976621,
            -0.0041818535,
            -0.329046249,
            -0.944304526,
            0.00775317196,
            0.94427377,
            -0.329069853
          ]
        },
        "Reflectance": 0,
        "Transparency": 0,
        "size": [
          0.0964841992,
          0.120816559,
          0.111120097
        ],
        "Name": "color2",
        "LocalCFrame": {
          "position": [
            0.072998,
            0.035598,
            0.03393
          ],
          "rotation": [
            1,
            0,
            0,
            0,
            0.95057,
            0.310511,
            0,
            -0.310511,
            0.95057
          ]
        }
      }
    },
    {
      "id": "RBXEF33708B377B4348B5373FE2D582922E",
      "parent": "RBX4AA0B328686C4CE994DCF8040DA9E2C6",
      "class": "MeshPart",
      "name": "color2",
      "properties": {
        "HasSkinnedMesh": false,
        "MeshId": "rbxassetid://121244210642943",
        "RenderFidelity": 0,
        "TextureID": null,
        "Anchored": false,
        "CanCollide": true,
        "CanQuery": true,
        "CanTouch": true,
        "Color3uint8": [
          0.639216,
          0.635294,
          0.647059
        ],
        "Massless": false,
        "Material": 272,
        "PivotOffset": {
          "position": [
            0.0499185361,
            -1.30670822,
            -3.42214894
          ],
          "rotation": [
            0.999961138,
            -0.00869747531,
            -0.00139766082,
            -0.000827297219,
            0.0652393475,
            -0.997869253,
            0.00877012592,
            0.997831702,
            0.0652296245
          ]
        },
        "Reflectance": 0,
        "Transparency": 0,
        "size": [
          0.109181471,
          0.195387334,
          0.170887411
        ],
        "Name": "color2",
        "LocalCFrame": {
          "position": [
            0.088959,
            -0.334445,
            1.178068
          ],
          "rotation": [
            1,
            0,
            0,
            0,
            1,
            0,
            0,
            0,
            1
          ]
        }
      }
    },
    {
      "id": "RBX7E0C4201EFAE4407ADE2D0243DA32DDB",
      "parent": "RBX4AA0B328686C4CE994DCF8040DA9E2C6",
      "class": "MeshPart",
      "name": "color2",
      "properties": {
        "HasSkinnedMesh": false,
        "MeshId": "rbxassetid://105329415107949",
        "RenderFidelity": 0,
        "TextureID": null,
        "Anchored": false,
        "CanCollide": true,
        "CanQuery": true,
        "CanTouch": true,
        "Color3uint8": [
          0.639216,
          0.635294,
          0.647059
        ],
        "Massless": false,
        "Material": 272,
        "PivotOffset": {
          "position": [
            -1.04827547,
            0.151734531,
            -3.01834273
          ],
          "rotation": [
            0.999961138,
            -0.00869747531,
            -0.00139766082,
            -0.000827297219,
            0.0652393475,
            -0.997869253,
            0.00877012592,
            0.997831702,
            0.0652296245
          ]
        },
        "Reflectance": 0,
        "Transparency": 0,
        "size": [
          0.109816067,
          0.0933450311,
          0.201222584
        ],
        "Name": "color2",
        "LocalCFrame": {
          "position": [
            0.266663,
            -0.570437,
            1.112686
          ],
          "rotation": [
            1,
            0,
            0,
            0,
            1,
            0,
            0,
            0,
            1
          ]
        }
      }
    },
    {
      "id": "RBX37820A0458F5471E810E22C2FAE23FD5",
      "parent": "RBX4AA0B328686C4CE994DCF8040DA9E2C6",
      "class": "MeshPart",
      "name": "color2",
      "properties": {
        "HasSkinnedMesh": false,
        "MeshId": "rbxassetid://120940753092005",
        "RenderFidelity": 0,
        "TextureID": null,
        "Anchored": false,
        "CanCollide": true,
        "CanQuery": true,
        "CanTouch": true,
        "Color3uint8": [
          0.639216,
          0.635294,
          0.647059
        ],
        "Massless": false,
        "Material": 272,
        "PivotOffset": {
          "position": [
            0.00664932001,
            -0.012563874,
            -0.0302597713
          ],
          "rotation": [
            0.999961257,
            -0.00869747717,
            -0.00139766175,
            -0.000908270827,
            0.0560197942,
            -0.998429239,
            0.00876211282,
            0.998391807,
            0.056009721
          ]
        },
        "Reflectance": 0,
        "Transparency": 0,
        "size": [
          0.0504138954,
          0.135027125,
          0.15062879
        ],
        "Name": "color2",
        "LocalCFrame": {
          "position": [
            -0.03273,
            -0.051388,
            -0.054652
          ],
          "rotation": [
            1,
            0,
            0,
            0,
            1,
            0,
            0,
            0,
            1
          ]
        }
      }
    },
    {
      "id": "RBX4168B0F18C474472B6921AE37E2A5BA5",
      "parent": "RBX4AA0B328686C4CE994DCF8040DA9E2C6",
      "class": "MeshPart",
      "name": "color2",
      "properties": {
        "HasSkinnedMesh": false,
        "MeshId": "rbxassetid://109037560952550",
        "RenderFidelity": 0,
        "TextureID": null,
        "Anchored": false,
        "CanCollide": true,
        "CanQuery": true,
        "CanTouch": true,
        "Color3uint8": [
          0.639216,
          0.635294,
          0.647059
        ],
        "Massless": false,
        "Material": 272,
        "PivotOffset": {
          "position": [
            -0.743755281,
            0.31441012,
            -2.64330864
          ],
          "rotation": [
            0.999961138,
            -0.00869747531,
            -0.00139766082,
            -0.000827297219,
            0.0652393475,
            -0.997869253,
            0.00877012592,
            0.997831702,
            0.0652296245
          ]
        },
        "Reflectance": 0,
        "Transparency": 0,
        "size": [
          0.0702293143,
          0.137881801,
          0.22796382
        ],
        "Name": "color2",
        "LocalCFrame": {
          "position": [
            0.217392,
            -0.596746,
            1.051989
          ],
          "rotation": [
            1,
            0,
            0,
            0,
            1,
            0,
            0,
            0,
            1
          ]
        }
      }
    },
    {
      "id": "RBX9D9C7FA364A045298214A885792C2625",
      "parent": "RBX4AA0B328686C4CE994DCF8040DA9E2C6",
      "class": "MeshPart",
      "name": "color2",
      "properties": {
        "HasSkinnedMesh": false,
        "MeshId": "rbxassetid://79482338354217",
        "RenderFidelity": 0,
        "TextureID": null,
        "Anchored": false,
        "CanCollide": true,
        "CanQuery": true,
        "CanTouch": true,
        "Color3uint8": [
          0.639216,
          0.635294,
          0.647059
        ],
        "Massless": false,
        "Material": 272,
        "PivotOffset": {
          "position": [
            0.926473975,
            0.0474002585,
            -3.25326824
          ],
          "rotation": [
            0.999961138,
            -0.00869747531,
            -0.00139766082,
            -0.000827297219,
            0.0652393475,
            -0.997869253,
            0.00877012592,
            0.997831702,
            0.0652296245
          ]
        },
        "Reflectance": 0,
        "Transparency": 0,
        "size": [
          0.129454702,
          0.106863581,
          0.210618287
        ],
        "Name": "color2",
        "LocalCFrame": {
          "position": [
            -0.052871,
            -0.553562,
            1.150698
          ],
          "rotation": [
            1,
            0,
            0,
            0,
            1,
            0,
            0,
            0,
            1
          ]
        }
      }
    },
    {
      "id": "RBX7369F34EEFF4459B8CCFDCD0E134ED53",
      "parent": "RBX4AA0B328686C4CE994DCF8040DA9E2C6",
      "class": "MeshPart",
      "name": "color2",
      "properties": {
        "HasSkinnedMesh": false,
        "MeshId": "rbxassetid://128907273222778",
        "RenderFidelity": 0,
        "TextureID": null,
        "Anchored": false,
        "CanCollide": true,
        "CanQuery": true,
        "CanTouch": true,
        "Color3uint8": [
          0.639216,
          0.635294,
          0.647059
        ],
        "Massless": false,
        "Material": 272,
        "PivotOffset": {
          "position": [
            -1.04229224,
            -0.939066768,
            -2.78537321
          ],
          "rotation": [
            0.999961138,
            -0.00869747531,
            -0.00139766082,
            -0.000827297219,
            0.0652393475,
            -0.997869253,
            0.00877012592,
            0.997831702,
            0.0652296245
          ]
        },
        "Reflectance": 0,
        "Transparency": 0,
        "size": [
          0.063385807,
          0.138298109,
          0.142001286
        ],
        "Name": "color2",
        "LocalCFrame": {
          "position": [
            0.265702,
            -0.393916,
            1.074997
          ],
          "rotation": [
            1,
            0,
            0,
            0,
            1,
            0,
            0,
            0,
            1
          ]
        }
      }
    },
    {
      "id": "RBX6174263F8EA64080915A5DCA806439CF",
      "parent": "RBX4AA0B328686C4CE994DCF8040DA9E2C6",
      "class": "MeshPart",
      "name": "color2",
      "properties": {
        "HasSkinnedMesh": false,
        "MeshId": "rbxassetid://111021588386718",
        "RenderFidelity": 0,
        "TextureID": null,
        "Anchored": false,
        "CanCollide": true,
        "CanQuery": true,
        "CanTouch": true,
        "Color3uint8": [
          0.639216,
          0.635294,
          0.647059
        ],
        "Massless": false,
        "Material": 272,
        "PivotOffset": {
          "position": [
            0.687630177,
            -2.35657668,
            3.86636758
          ],
          "rotation": [
            0.999961138,
            -0.00869747531,
            -0.00139766082,
            -0.000827297219,
            0.0652393475,
            -0.997869253,
            0.00877012592,
            0.997831702,
            0.0652296245
          ]
        },
        "Reflectance": 0,
        "Transparency": 0,
        "size": [
          0.0796343535,
          0.118470781,
          0.164801642
        ],
        "Name": "color2",
        "LocalCFrame": {
          "position": [
            -0.014236,
            -0.164583,
            -0.001321
          ],
          "rotation": [
            1,
            0,
            0,
            0,
            1,
            0,
            0,
            0,
            1
          ]
        }
      }
    },
    {
      "id": "RBX2ACF20E7D93A4E049B20F6D2000A40BF",
      "parent": "RBX4AA0B328686C4CE994DCF8040DA9E2C6",
      "class": "MeshPart",
      "name": "color2",
      "properties": {
        "HasSkinnedMesh": false,
        "MeshId": "rbxassetid://76605666826613",
        "RenderFidelity": 0,
        "TextureID": null,
        "Anchored": false,
        "CanCollide": true,
        "CanQuery": true,
        "CanTouch": true,
        "Color3uint8": [
          0.639216,
          0.635294,
          0.647059
        ],
        "Massless": false,
        "Material": 272,
        "PivotOffset": {
          "position": [
            -0.174285561,
            -2.05610728,
            4.07858515
          ],
          "rotation": [
            0.999961138,
            -0.00869747531,
            -0.00139766082,
            -0.000827297219,
            0.0652393475,
            -0.997869253,
            0.00877012592,
            0.997831702,
            0.0652296245
          ]
        },
        "Reflectance": 0,
        "Transparency": 0,
        "size": [
          0.100061983,
          0.108478986,
          0.134562537
        ],
        "Name": "color2",
        "LocalCFrame": {
          "position": [
            0.125245,
            -0.213203,
            -0.035707
          ],
          "rotation": [
            1,
            0,
            0,
            0,
            1,
            0,
            0,
            0,
            1
          ]
        }
      }
    },
    {
      "id": "RBXE1F662F4E4104C0989BFF93B8AAFFE11",
      "parent": "RBX4AA0B328686C4CE994DCF8040DA9E2C6",
      "class": "MeshPart",
      "name": "color2",
      "properties": {
        "HasSkinnedMesh": false,
        "MeshId": "rbxassetid://77879700399768",
        "RenderFidelity": 0,
        "TextureID": null,
        "Anchored": false,
        "CanCollide": true,
        "CanQuery": true,
        "CanTouch": true,
        "Color3uint8": [
          0.639216,
          0.635294,
          0.647059
        ],
        "Massless": false,
        "Material": 272,
        "PivotOffset": {
          "position": [
            0.988123715,
            -0.322571009,
            -3.36509323
          ],
          "rotation": [
            0.999961138,
            -0.00869747531,
            -0.00139766082,
            -0.000827297219,
            0.0652393475,
            -0.997869253,
            0.00877012592,
            0.997831702,
            0.0652296245
          ]
        },
        "Reflectance": 0,
        "Transparency": 0,
        "size": [
          0.13677451,
          0.154895186,
          0.176890805
        ],
        "Name": "color2",
        "LocalCFrame": {
          "position": [
            -0.062851,
            -0.493682,
            1.168764
          ],
          "rotation": [
            1,
            0,
            0,
            0,
            1,
            0,
            0,
            0,
            1
          ]
        }
      }
    },
    {
      "id": "RBX8BF70830FAE24E72A81AD5412D4BF043",
      "parent": "RBX4AA0B328686C4CE994DCF8040DA9E2C6",
      "class": "MeshPart",
      "name": "color2",
      "properties": {
        "HasSkinnedMesh": false,
        "MeshId": "rbxassetid://76138860686590",
        "RenderFidelity": 0,
        "TextureID": null,
        "Anchored": false,
        "CanCollide": true,
        "CanQuery": true,
        "CanTouch": true,
        "Color3uint8": [
          0.639216,
          0.635294,
          0.647059
        ],
        "Massless": false,
        "Material": 272,
        "PivotOffset": {
          "position": [
            -0.736933887,
            0.46086356,
            -2.86103845
          ],
          "rotation": [
            0.999961138,
            -0.00869747531,
            -0.00139766082,
            -0.000827297219,
            0.0652393475,
            -0.997869253,
            0.00877012592,
            0.997831702,
            0.0652296245
          ]
        },
        "Reflectance": 0,
        "Transparency": 0,
        "size": [
          0.118988857,
          0.0666726902,
          0.206881747
        ],
        "Name": "color2",
        "LocalCFrame": {
          "position": [
            0.216278,
            -0.620479,
            1.087208
          ],
          "rotation": [
            1,
            0,
            0,
            0,
            1,
            0,
            0,
            0,
            1
          ]
        }
      }
    },
    {
      "id": "RBX8487E84AD1304CA99317DE3F955E530F",
      "parent": "RBX4AA0B328686C4CE994DCF8040DA9E2C6",
      "class": "MeshPart",
      "name": "color2",
      "properties": {
        "HasSkinnedMesh": false,
        "MeshId": "rbxassetid://82936911289053",
        "RenderFidelity": 0,
        "TextureID": null,
        "Anchored": false,
        "CanCollide": true,
        "CanQuery": true,
        "CanTouch": true,
        "Color3uint8": [
          0.639216,
          0.635294,
          0.647059
        ],
        "Massless": false,
        "Material": 272,
        "PivotOffset": {
          "position": [
            0.0485709198,
            -1.32753658,
            -3.22536397
          ],
          "rotation": [
            0.999961138,
            -0.00869747531,
            -0.00139766082,
            -0.000827297219,
            0.0652393475,
            -0.997869253,
            0.00877012592,
            0.997831702,
            0.0652296245
          ]
        },
        "Reflectance": 0,
        "Transparency": 0,
        "size": [
          0.109063067,
          0.160469487,
          0.168456957
        ],
        "Name": "color2",
        "LocalCFrame": {
          "position": [
            0.089173,
            -0.331051,
            1.146183
          ],
          "rotation": [
            1,
            0,
            0,
            0,
            1,
            0,
            0,
            0,
            1
          ]
        }
      }
    },
    {
      "id": "RBX53C19C0078154101A74B6D82A4FD891A",
      "parent": "RBX4AA0B328686C4CE994DCF8040DA9E2C6",
      "class": "MeshPart",
      "name": "color2",
      "properties": {
        "HasSkinnedMesh": false,
        "MeshId": "rbxassetid://109408743260161",
        "RenderFidelity": 0,
        "TextureID": null,
        "Anchored": false,
        "CanCollide": true,
        "CanQuery": true,
        "CanTouch": true,
        "Color3uint8": [
          0.639216,
          0.635294,
          0.647059
        ],
        "Massless": false,
        "Material": 272,
        "PivotOffset": {
          "position": [
            -0.0000715355854,
            0.0207782537,
            -0.0126289753
          ],
          "rotation": [
            0.999961257,
            -0.00869747717,
            -0.00139766175,
            -0.000908270827,
            0.0560197942,
            -0.998429239,
            0.00876211282,
            0.998391807,
            0.056009721
          ]
        },
        "Reflectance": 0,
        "Transparency": 0,
        "size": [
          0.0969032943,
          0.106469937,
          0.125615895
        ],
        "Name": "color2",
        "LocalCFrame": {
          "position": [
            0.121827,
            -0.173442,
            -0.09873
          ],
          "rotation": [
            1,
            0,
            0,
            0,
            1,
            0,
            0,
            0,
            1
          ]
        }
      }
    },
    {
      "id": "RBX3AEADE6BEB4046EC93F37FDB2F80A0FC",
      "parent": "RBX4AA0B328686C4CE994DCF8040DA9E2C6",
      "class": "MeshPart",
      "name": "color2",
      "properties": {
        "HasSkinnedMesh": false,
        "MeshId": "rbxassetid://91990840701553",
        "RenderFidelity": 0,
        "TextureID": null,
        "Anchored": false,
        "CanCollide": true,
        "CanQuery": true,
        "CanTouch": true,
        "Color3uint8": [
          0.639216,
          0.635294,
          0.647059
        ],
        "Massless": false,
        "Material": 272,
        "PivotOffset": {
          "position": [
            -0.0110636987,
            0.0305749215,
            0.00278923358
          ],
          "rotation": [
            0.977436006,
            -0.21084854,
            -0.012719471,
            -0.000908250164,
            0.0560199954,
            -0.998429239,
            0.211229905,
            0.975912213,
            0.0545644611
          ]
        },
        "Reflectance": 0,
        "Transparency": 0,
        "size": [
          0.0758668333,
          0.111231782,
          0.143043056
        ],
        "Name": "color2",
        "LocalCFrame": {
          "position": [
            0.21074,
            -0.13757,
            -0.08716
          ],
          "rotation": [
            1,
            0,
            0,
            0,
            1,
            0,
            0,
            0,
            1
          ]
        }
      }
    },
    {
      "id": "RBX364C762E82234A16919B99826D6C91AE",
      "parent": "RBX4AA0B328686C4CE994DCF8040DA9E2C6",
      "class": "MeshPart",
      "name": "color2",
      "properties": {
        "HasSkinnedMesh": false,
        "MeshId": "rbxassetid://105472209533876",
        "RenderFidelity": 0,
        "TextureID": null,
        "Anchored": false,
        "CanCollide": true,
        "CanQuery": true,
        "CanTouch": true,
        "Color3uint8": [
          0.639216,
          0.635294,
          0.647059
        ],
        "Massless": false,
        "Material": 272,
        "PivotOffset": {
          "position": [
            -0.00143158413,
            -1.5098207,
            0.461441845
          ],
          "rotation": [
            0.999961138,
            -0.00869747531,
            -0.00139766082,
            -0.000827297219,
            0.0652393475,
            -0.997869253,
            0.00877012592,
            0.997831702,
            0.0652296245
          ]
        },
        "Reflectance": 0,
        "Transparency": 0,
        "size": [
          0.416204304,
          0.779172957,
          1.47221172
        ],
        "Name": "color2",
        "LocalCFrame": {
          "position": [
            0.097275,
            -0.301577,
            0.549622
          ],
          "rotation": [
            1,
            0,
            0,
            0,
            1,
            0,
            0,
            0,
            1
          ]
        }
      }
    },
    {
      "id": "RBX490F927E87DC4757AA2999689B019307",
      "parent": "RBX364C762E82234A16919B99826D6C91AE",
      "class": "Decal",
      "name": "Decal",
      "properties": {
        "Color3": [
          1,
          1,
          1
        ],
        "Texture": "rbxassetid://14292192744",
        "Transparency": 0,
        "Face": 3,
        "Name": "Decal"
      }
    },
    {
      "id": "RBXD618157A08E14E15860CCEE6414A3F4A",
      "parent": "RBX364C762E82234A16919B99826D6C91AE",
      "class": "ParticleEmitter",
      "name": "Mist",
      "properties": {
        "Acceleration": [
          0,
          0,
          0
        ],
        "Color": "0 1 1 1 0 1 1 1 1 0",
        "Drag": 0,
        "Enabled": true,
        "Lifetime": [
          0.7,
          0.7
        ],
        "LightEmission": 0,
        "LightInfluence": 1,
        "LockedToPart": false,
        "Rate": 10,
        "RotSpeed": [
          0,
          0
        ],
        "Rotation": [
          0,
          0
        ],
        "Size": "0 1 0 1 1 0",
        "Speed": [
          0.7,
          0.7
        ],
        "SpreadAngle": [
          5,
          5
        ],
        "Texture": "rbxassetid://534953301",
        "TimeScale": 1,
        "Transparency": "0 0.8 0 1 0.8 0",
        "VelocityInheritance": 0,
        "ZOffset": 0,
        "Name": "Mist"
      }
    },
    {
      "id": "RBX535C064155F541B99256EDC0563A7F93",
      "parent": "RBX364C762E82234A16919B99826D6C91AE",
      "class": "Decal",
      "name": "Decal",
      "properties": {
        "Color3": [
          1,
          1,
          1
        ],
        "Texture": "rbxassetid://14292192744",
        "Transparency": 0,
        "Face": 0,
        "Name": "Decal"
      }
    },
    {
      "id": "RBX391A5BCC74DF4B2EAF0363EE2BB1260C",
      "parent": "RBX364C762E82234A16919B99826D6C91AE",
      "class": "Decal",
      "name": "Decal",
      "properties": {
        "Color3": [
          1,
          1,
          1
        ],
        "Texture": "rbxassetid://14292192744",
        "Transparency": 0,
        "Face": 2,
        "Name": "Decal"
      }
    },
    {
      "id": "RBX27B1B220DFF646FB9504772591142EEF",
      "parent": "RBX364C762E82234A16919B99826D6C91AE",
      "class": "Decal",
      "name": "Decal",
      "properties": {
        "Color3": [
          1,
          1,
          1
        ],
        "Texture": "rbxassetid://14292192744",
        "Transparency": 0,
        "Face": 5,
        "Name": "Decal"
      }
    },
    {
      "id": "RBX9B31FBBD17D047EA9E9E87AE619AAA50",
      "parent": "RBX364C762E82234A16919B99826D6C91AE",
      "class": "Decal",
      "name": "Decal",
      "properties": {
        "Color3": [
          1,
          1,
          1
        ],
        "Texture": "rbxassetid://14292192744",
        "Transparency": 0,
        "Face": 4,
        "Name": "Decal"
      }
    },
    {
      "id": "RBX7818544AAA1E45FC9F931087A819FD48",
      "parent": "RBX364C762E82234A16919B99826D6C91AE",
      "class": "Decal",
      "name": "Decal",
      "properties": {
        "Color3": [
          1,
          1,
          1
        ],
        "Texture": "rbxassetid://14292192744",
        "Transparency": 0,
        "Face": 1,
        "Name": "Decal"
      }
    },
    {
      "id": "RBX10680FBE986843A482C1A0FF4A166AB5",
      "parent": "RBX4AA0B328686C4CE994DCF8040DA9E2C6",
      "class": "MeshPart",
      "name": "color2",
      "properties": {
        "HasSkinnedMesh": false,
        "MeshId": "rbxassetid://124940129441501",
        "RenderFidelity": 0,
        "TextureID": null,
        "Anchored": false,
        "CanCollide": true,
        "CanQuery": true,
        "CanTouch": true,
        "Color3uint8": [
          0.639216,
          0.635294,
          0.647059
        ],
        "Massless": false,
        "Material": 272,
        "PivotOffset": {
          "position": [
            -0.405499488,
            -3.30616927,
            3.34146714
          ],
          "rotation": [
            0.999961138,
            -0.00869747531,
            -0.00139766082,
            -0.000827297219,
            0.0652393475,
            -0.997869253,
            0.00877012592,
            0.997831702,
            0.0652296245
          ]
        },
        "Reflectance": 0,
        "Transparency": 0,
        "size": [
          0.109756127,
          0.0878077596,
          0.154055893
        ],
        "Name": "color2",
        "LocalCFrame": {
          "position": [
            0.162659,
            -0.010927,
            0.08364
          ],
          "rotation": [
            1,
            0,
            0,
            0,
            1,
            0,
            0,
            0,
            1
          ]
        }
      }
    },
    {
      "id": "RBXD6D48B4B93E441E3BDD32A82CC66BC97",
      "parent": "RBX4AA0B328686C4CE994DCF8040DA9E2C6",
      "class": "MeshPart",
      "name": "color2",
      "properties": {
        "HasSkinnedMesh": false,
        "MeshId": "rbxassetid://120991668097655",
        "RenderFidelity": 0,
        "TextureID": null,
        "Anchored": false,
        "CanCollide": true,
        "CanQuery": true,
        "CanTouch": true,
        "Color3uint8": [
          0.639216,
          0.635294,
          0.647059
        ],
        "Massless": false,
        "Material": 272,
        "PivotOffset": {
          "position": [
            -0.988879204,
            -1.276564,
            -2.88760614
          ],
          "rotation": [
            0.999961138,
            -0.00869747531,
            -0.00139766082,
            -0.000827297219,
            0.0652393475,
            -0.997869253,
            0.00877012592,
            0.997831702,
            0.0652296245
          ]
        },
        "Reflectance": 0,
        "Transparency": 0,
        "size": [
          0.0749895498,
          0.12857087,
          0.146399036
        ],
        "Name": "color2",
        "LocalCFrame": {
          "position": [
            0.25705,
            -0.339326,
            1.091583
          ],
          "rotation": [
            1,
            0,
            0,
            0,
            1,
            0,
            0,
            0,
            1
          ]
        }
      }
    },
    {
      "id": "RBXE6B5AB6A99994D5FA04196DCB7858051",
      "parent": "RBX4AA0B328686C4CE994DCF8040DA9E2C6",
      "class": "MeshPart",
      "name": "color2",
      "properties": {
        "HasSkinnedMesh": false,
        "MeshId": "rbxassetid://102018581876195",
        "RenderFidelity": 0,
        "TextureID": null,
        "Anchored": false,
        "CanCollide": true,
        "CanQuery": true,
        "CanTouch": true,
        "Color3uint8": [
          0.639216,
          0.635294,
          0.647059
        ],
        "Massless": false,
        "Material": 272,
        "PivotOffset": {
          "position": [
            0.603177607,
            -3.16111565,
            3.44463086
          ],
          "rotation": [
            0.999961138,
            -0.00869747531,
            -0.00139766082,
            -0.000827297219,
            0.0652393475,
            -0.997869253,
            0.00877012592,
            0.997831702,
            0.0652296245
          ]
        },
        "Reflectance": 0,
        "Transparency": 0,
        "size": [
          0.0880278051,
          0.107723631,
          0.153362423
        ],
        "Name": "color2",
        "LocalCFrame": {
          "position": [
            -0.000564,
            -0.034362,
            0.066871
          ],
          "rotation": [
            1,
            0,
            0,
            0,
            1,
            0,
            0,
            0,
            1
          ]
        }
      }
    },
    {
      "id": "RBXE5A70131BA3543CD97D9DBF167FBEA3A",
      "parent": "RBX4AA0B328686C4CE994DCF8040DA9E2C6",
      "class": "MeshPart",
      "name": "color2",
      "properties": {
        "HasSkinnedMesh": false,
        "MeshId": "rbxassetid://111386649406321",
        "RenderFidelity": 0,
        "TextureID": null,
        "Anchored": false,
        "CanCollide": true,
        "CanQuery": true,
        "CanTouch": true,
        "Color3uint8": [
          0.639216,
          0.635294,
          0.647059
        ],
        "Massless": false,
        "Material": 272,
        "PivotOffset": {
          "position": [
            0.137341574,
            -3.36617684,
            3.29506588
          ],
          "rotation": [
            0.999961138,
            -0.00869747531,
            -0.00139766082,
            -0.000827297219,
            0.0652393475,
            -0.997869253,
            0.00877012592,
            0.997831702,
            0.0652296245
          ]
        },
        "Reflectance": 0,
        "Transparency": 0,
        "size": [
          0.0996383652,
          0.0846643001,
          0.150560379
        ],
        "Name": "color2",
        "LocalCFrame": {
          "position": [
            0.074814,
            -0.001222,
            0.091106
          ],
          "rotation": [
            1,
            0,
            0,
            0,
            1,
            0,
            0,
            0,
            1
          ]
        }
      }
    },
    {
      "id": "RBXE3B9AE2CA46D4A4E981AEECA89C0A150",
      "parent": "RBX4AA0B328686C4CE994DCF8040DA9E2C6",
      "class": "MeshPart",
      "name": "color2",
      "properties": {
        "HasSkinnedMesh": false,
        "MeshId": "rbxassetid://127588433528744",
        "RenderFidelity": 0,
        "TextureID": null,
        "Anchored": false,
        "CanCollide": true,
        "CanQuery": true,
        "CanTouch": true,
        "Color3uint8": [
          0.639216,
          0.635294,
          0.647059
        ],
        "Massless": false,
        "Material": 272,
        "PivotOffset": {
          "position": [
            1.24659657,
            -0.54535979,
            -1.81780457
          ],
          "rotation": [
            0.999961138,
            -0.00869747531,
            -0.00139766082,
            -0.000827297219,
            0.0652393475,
            -0.997869253,
            0.00877012592,
            0.997831702,
            0.0652296245
          ]
        },
        "Reflectance": 0,
        "Transparency": 0,
        "size": [
          0.0369105004,
          0.117153227,
          0.162120998
        ],
        "Name": "color2",
        "LocalCFrame": {
          "position": [
            -0.104675,
            -0.457639,
            0.918402
          ],
          "rotation": [
            1,
            0,
            0,
            0,
            1,
            0,
            0,
            0,
            1
          ]
        }
      }
    },
    {
      "id": "RBXEB8F74D693324823887C246BA106C2A4",
      "parent": "RBX4AA0B328686C4CE994DCF8040DA9E2C6",
      "class": "MeshPart",
      "name": "color2",
      "properties": {
        "HasSkinnedMesh": false,
        "MeshId": "rbxassetid://128344836792819",
        "RenderFidelity": 0,
        "TextureID": null,
        "Anchored": false,
        "CanCollide": true,
        "CanQuery": true,
        "CanTouch": true,
        "Color3uint8": [
          0.639216,
          0.635294,
          0.647059
        ],
        "Massless": false,
        "Material": 272,
        "PivotOffset": {
          "position": [
            -0.6249277,
            -1.41658258,
            -3.09245276
          ],
          "rotation": [
            0.999961138,
            -0.00869747531,
            -0.00139766082,
            -0.000827297219,
            0.0652393475,
            -0.997869253,
            0.00877012592,
            0.997831702,
            0.0652296245
          ]
        },
        "Reflectance": 0,
        "Transparency": 0,
        "size": [
          0.0875700638,
          0.123309173,
          0.130315349
        ],
        "Name": "color2",
        "LocalCFrame": {
          "position": [
            0.198166,
            -0.316684,
            1.124694
          ],
          "rotation": [
            1,
            0,
            0,
            0,
            1,
            0,
            0,
            0,
            1
          ]
        }
      }
    },
    {
      "id": "RBX24461F5D10454207ABF272EFB8351925",
      "parent": "RBX4AA0B328686C4CE994DCF8040DA9E2C6",
      "class": "MeshPart",
      "name": "color2",
      "properties": {
        "HasSkinnedMesh": false,
        "MeshId": "rbxassetid://101345682844260",
        "RenderFidelity": 0,
        "TextureID": null,
        "Anchored": false,
        "CanCollide": true,
        "CanQuery": true,
        "CanTouch": true,
        "Color3uint8": [
          0.639216,
          0.635294,
          0.647059
        ],
        "Massless": false,
        "Material": 272,
        "PivotOffset": {
          "position": [
            -0.918625653,
            -0.501178205,
            -3.44865203
          ],
          "rotation": [
            0.999961138,
            -0.00869747531,
            -0.00139766082,
            -0.000827297219,
            0.0652393475,
            -0.997869253,
            0.00877012592,
            0.997831702,
            0.0652296245
          ]
        },
        "Reflectance": 0,
        "Transparency": 0,
        "size": [
          0.127020717,
          0.151510626,
          0.180242702
        ],
        "Name": "color2",
        "LocalCFrame": {
          "position": [
            0.245682,
            -0.464788,
            1.18232
          ],
          "rotation": [
            1,
            0,
            0,
            0,
            1,
            0,
            0,
            0,
            1
          ]
        }
      }
    },
    {
      "id": "RBX80F71CC19B6444B191DB9ED7B305CF22",
      "parent": "RBX4AA0B328686C4CE994DCF8040DA9E2C6",
      "class": "MeshPart",
      "name": "color2",
      "properties": {
        "HasSkinnedMesh": false,
        "MeshId": "rbxassetid://93869977160904",
        "RenderFidelity": 0,
        "TextureID": null,
        "Anchored": false,
        "CanCollide": true,
        "CanQuery": true,
        "CanTouch": true,
        "Color3uint8": [
          0.639216,
          0.635294,
          0.647059
        ],
        "Massless": false,
        "Material": 272,
        "PivotOffset": {
          "position": [
            0.812051475,
            -2.83287597,
            3.79893279
          ],
          "rotation": [
            0.999961138,
            -0.00869747531,
            -0.00139766082,
            -0.000827297219,
            0.0652393475,
            -0.997869253,
            0.00877012592,
            0.997831702,
