{
  "format": "overlay_json_v1",
  "kind": "morph_bundle",
  "version": 1,
  "asset_id": "morph_1367-pawg-ass-urnewx-5v",
  "name": "Pawg Ass(Urnewx 5V)",
  "source_file": "1367-pawg-ass-urnewx-5v.rbxmx",
  "anchor": "LowerTorso",
  "anchor_candidates": [
    "LowerTorso",
    "Torso",
    "HumanoidRootPart",
    "UpperTorso"
  ],
  "jiggle": true,
  "root_cframe": {
    "position": [
      3.19604492,
      2,
      -13.0380859
    ],
    "rotation": [
      0.999982774,
      -1.06087477e-8,
      -0.00592321157,
      -3.20969775e-8,
      1,
      -1.49011612e-8,
      0.00592321157,
      4.4060954e-8,
      0.999982774
    ]
  },
  "class_counts": {
    "Folder": 1,
    "Model": 3,
    "Part": 3,
    "SpecialMesh": 3,
    "Weld": 3,
    "MeshPart": 2,
    "Bone": 32,
    "Decal": 1
  },
  "nodes": [
    {
      "id": "RBXD5BEE256DBAD490A84F748BF10AD3A7A",
      "parent": null,
      "class": "Folder",
      "name": "Pawg Ass(Urnewx 5V)",
      "properties": {
        "Name": "Pawg Ass(Urnewx 5V)"
      }
    },
    {
      "id": "RBX1EAE27B10EAD4677BB77E2FB12377CD4",
      "parent": "RBXD5BEE256DBAD490A84F748BF10AD3A7A",
      "class": "Model",
      "name": "LowerL",
      "properties": {
        "PrimaryPart": null,
        "Name": "LowerL"
      }
    },
    {
      "id": "RBXAA9161AECC2E41BDAA5FF6A9E05EF54E",
      "parent": "RBX1EAE27B10EAD4677BB77E2FB12377CD4",
      "class": "Part",
      "name": "Middle",
      "properties": {
        "shape": 1,
        "Anchored": false,
        "CanCollide": false,
        "CanQuery": true,
        "CanTouch": true,
        "Color3uint8": [
          1,
          0,
          0
        ],
        "Massless": false,
        "Material": 272,
        "PivotOffset": {
          "position": [
            0,
            0,
            0
          ],
          "rotation": [
            1,
            0,
            0,
            0,
            1,
            0,
            0,
            0,
            1
          ]
        },
        "Reflectance": 0,
        "Transparency": 1,
        "size": [
          0.226228729,
          0.226228729,
          0.226228729
        ],
        "Name": "Middle",
        "LocalCFrame": {
          "position": [
            0,
            0,
            0
          ],
          "rotation": [
            1.000001,
            0,
            0,
            0,
            1,
            0,
            0,
            0,
            1.000001
          ]
        }
      }
    },
    {
      "id": "RBX4BF92EAA15B74ED1A41B4F06E989D0F7",
      "parent": "RBXAA9161AECC2E41BDAA5FF6A9E05EF54E",
      "class": "SpecialMesh",
      "name": "Mesh",
      "properties": {
        "MeshType": 6,
        "MeshId": null,
        "TextureId": null,
        "Offset": [
          0,
          0,
          0
        ],
        "Scale": [
          0,
          0,
          0
        ],
        "VertexColor": [
          1,
          1,
          1
        ],
        "Name": "Mesh"
      }
    },
    {
      "id": "RBX23F1E491D15843078E408771940F374A",
      "parent": "RBXAA9161AECC2E41BDAA5FF6A9E05EF54E",
      "class": "Weld",
      "name": "Weld",
      "properties": {
        "C0": {
          "position": [
            0,
            0,
            0
          ],
          "rotation": [
            -1,
            0,
            0,
            0,
            1,
            0,
            0,
            0,
            -1
          ]
        },
        "C1": {
          "position": [
            0,
            0,
            0
          ],
          "rotation": [
            -1,
            0,
            0,
            0,
            1,
            0,
            0,
            0,
            -1
          ]
        },
        "Enabled": true,
        "Part0": "RBXAA9161AECC2E41BDAA5FF6A9E05EF54E",
        "Part1": "RBXAA9161AECC2E41BDAA5FF6A9E05EF54E",
        "Name": "Weld"
      }
    },
    {
      "id": "RBX2A5E555ADF9948B89EAD1C3CB7921C13",
      "parent": "RBX1EAE27B10EAD4677BB77E2FB12377CD4",
      "class": "MeshPart",
      "name": "color5",
      "properties": {
        "HasSkinnedMesh": true,
        "MeshId": "rbxassetid://17837346792",
        "RenderFidelity": 0,
        "TextureID": null,
        "Anchored": false,
        "CanCollide": false,
        "CanQuery": true,
        "CanTouch": true,
        "Color3uint8": [
          1,
          0.8,
          0.6
        ],
        "Massless": false,
        "Material": 272,
        "PivotOffset": {
          "position": [
            0.0290862378,
            -0.00234352564,
            -6.25266168e-8
          ],
          "rotation": [
            1,
            0,
            0,
            0,
            0,
            -1,
            0,
            1,
            0
          ]
        },
        "Reflectance": 0,
        "Transparency": 0,
        "size": [
          1.4357276,
          1.58625209,
          1.25777221
        ],
        "Name": "color5",
        "LocalCFrame": {
          "position": [
            -0.276261,
            -0.125,
            0.018726
          ],
          "rotation": [
            0.965932,
            0.258797,
            -0.000029,
            -0.249973,
            0.933026,
            0.258797,
            0.067003,
            -0.249973,
            0.965932
          ]
        }
      }
    },
    {
      "id": "RBX2E492E7AFD9140859A28720644BCB762",
      "parent": "RBX2A5E555ADF9948B89EAD1C3CB7921C13",
      "class": "Bone",
      "name": "Bone",
      "properties": {
        "CFrame": {
          "position": [
            0.0290862378,
            0.752770722,
            -6.25266239e-8
          ],
          "rotation": [
            -1,
            0,
            0,
            0,
            -1,
            0,
            0,
            0,
            1
          ]
        },
        "Visible": false,
        "Name": "Bone"
      }
    },
    {
      "id": "RBXD1D6997E4FAC48FF813A92E57304C7EC",
      "parent": "RBX2E492E7AFD9140859A28720644BCB762",
      "class": "Bone",
      "name": "Bone.001",
      "properties": {
        "CFrame": {
          "position": [
            0.00938074663,
            0.802265167,
            -0.00864720158
          ],
          "rotation": [
            0.999890924,
            0.0147747649,
            0.0000266659881,
            -0.0147747658,
            0.999884486,
            0.00359380082,
            0.0000264346545,
            -0.00359380245,
            0.999993682
          ]
        },
        "Visible": false,
        "Name": "Bone.001"
      }
    },
    {
      "id": "RBXEA43EE4A7B344AE4BC2DEC48810ABA54",
      "parent": "RBXD1D6997E4FAC48FF813A92E57304C7EC",
      "class": "Bone",
      "name": "Bone.001_Tail",
      "properties": {
        "CFrame": {
          "position": [
            0.00121682172,
            0.801738799,
            0.0185025949
          ],
          "rotation": [
            0.999998808,
            0.00159010675,
            0.000157747578,
            -0.00158429076,
            0.999493718,
            -0.0317785069,
            -0.000208198922,
            0.0317782126,
            0.999495029
          ]
        },
        "Visible": false,
        "Name": "Bone.001_Tail"
      }
    },
    {
      "id": "RBX1FA9030BB5734B0881EB00F16AEF7EB3",
      "parent": "RBXEA43EE4A7B344AE4BC2DEC48810ABA54",
      "class": "Bone",
      "name": "Bone.001_Tail_Tail",
      "properties": {
        "CFrame": {
          "position": [
            -0.00187269726,
            0.802170336,
            -0.00125997129
          ],
          "rotation": [
            1,
            3.72528817e-8,
            0,
            -3.72528817e-8,
            1,
            0,
            0,
            0,
            1
          ]
        },
        "Visible": false,
        "Name": "Bone.001_Tail_Tail"
      }
    },
    {
      "id": "RBX001C1350CDE749608F7854CD2196C7FB",
      "parent": "RBX2E492E7AFD9140859A28720644BCB762",
      "class": "Bone",
      "name": "Bone.002",
      "properties": {
        "CFrame": {
          "position": [
            0.00938074663,
            0.802265167,
            -0.00864720158
          ],
          "rotation": [
            0.00630102307,
            0.999944925,
            -0.00839659292,
            -0.999980211,
            0.00630102027,
            -0.0000268017357,
            0.0000261068344,
            0.00839659385,
            0.999964833
          ]
        },
        "Visible": false,
        "Name": "Bone.002"
      }
    },
    {
      "id": "RBXE29899DBEE2845FA9B25F1A45C1889DF",
      "parent": "RBX001C1350CDE749608F7854CD2196C7FB",
      "class": "Bone",
      "name": "Bone.002_Tail",
      "properties": {
        "CFrame": {
          "position": [
            0.0823037401,
            0.68042773,
            0.0407678448
          ],
          "rotation": [
            0.997199237,
            0.074786,
            -0.000899672741,
            -0.074778907,
            0.996740699,
            -0.0302700102,
            -0.00136703218,
            0.0302525051,
            0.999541461
          ]
        },
        "Visible": false,
        "Name": "Bone.002_Tail"
      }
    },
    {
      "id": "RBX1C4B1D1DFC65442599E285080B24D1AB",
      "parent": "RBXE29899DBEE2845FA9B25F1A45C1889DF",
      "class": "Bone",
      "name": "Bone.002_Tail_Tail",
      "properties": {
        "CFrame": {
          "position": [
            0.00791365653,
            0.688548446,
            0.00272706151
          ],
          "rotation": [
            1,
            -6.70552112e-8,
            2.98023171e-8,
            6.70552112e-8,
            1,
            -2.98022993e-8,
            -2.98023153e-8,
            2.98023011e-8,
            1
          ]
        },
        "Visible": false,
        "Name": "Bone.002_Tail_Tail"
      }
    },
    {
      "id": "RBXC94910662A274ADBAC794BD3CE2EC027",
      "parent": "RBX2E492E7AFD9140859A28720644BCB762",
      "class": "Bone",
      "name": "Bone.003",
      "properties": {
        "CFrame": {
          "position": [
            0.00938074663,
            0.802265167,
            -0.00864720158
          ],
          "rotation": [
            0.00288033485,
            -0.999964237,
            0.00795358233,
            0.999995947,
            0.00288033625,
            -0.0000112566868,
            -0.0000116527081,
            0.0079535814,
            0.999968469
          ]
        },
        "Visible": false,
        "Name": "Bone.003"
      }
    },
    {
      "id": "RBXF87CF7F11D0B416BBB64D3F5B505A115",
      "parent": "RBXC94910662A274ADBAC794BD3CE2EC027",
      "class": "Bone",
      "name": "Bone.003_Tail",
      "properties": {
        "CFrame": {
          "position": [
            -0.0768237412,
            0.686805248,
            0.0417861752
          ],
          "rotation": [
            0.99770391,
            -0.0677050352,
            0.00174193038,
            0.0676899776,
            0.995966971,
            -0.0588901006,
            0.00225225068,
            0.0588727891,
            0.998263061
          ]
        },
        "Visible": false,
        "Name": "Bone.003_Tail"
      }
    },
    {
      "id": "RBX4F70D2BB9DE7485489CEAEFEEC85600E",
      "parent": "RBXF87CF7F11D0B416BBB64D3F5B505A115",
      "class": "Bone",
      "name": "Bone.003_Tail_Tail",
      "properties": {
        "CFrame": {
          "position": [
            -0.0073268204,
            0.688695192,
            0.00453934912
          ],
          "rotation": [
            1,
            1.34110451e-7,
            -1.19209233e-7,
            -1.34110422e-7,
            1,
            2.08616129e-7,
            1.19209261e-7,
            -2.08616115e-7,
            1
          ]
        },
        "Visible": false,
        "Name": "Bone.003_Tail_Tail"
      }
    },
    {
      "id": "RBXBCF3ACD307BE48ED8DA54D9606E71704",
      "parent": "RBX2E492E7AFD9140859A28720644BCB762",
      "class": "Bone",
      "name": "Bone.004",
      "properties": {
        "CFrame": {
          "position": [
            0.00938074663,
            0.802265167,
            -0.00864720158
          ],
          "rotation": [
            0.999959946,
            0.00895156991,
            0.0000225305648,
            -0.0000218748937,
            0.00496050576,
            -0.999987781,
            -0.00895156991,
            0.999947727,
            0.00496050296
          ]
        },
        "Visible": false,
        "Name": "Bone.004"
      }
    },
    {
      "id": "RBX8992419A0DCB44EEB366EC529A5E6144",
      "parent": "RBXBCF3ACD307BE48ED8DA54D9606E71704",
      "class": "Bone",
      "name": "Bone.004_Tail",
      "properties": {
        "CFrame": {
          "position": [
            0.0206773374,
            0.759055078,
            0.0783598721
          ],
          "rotation": [
            0.999349296,
            0.0360454023,
            -0.00131896615,
            -0.0360380933,
            0.996284366,
            -0.078222841,
            -0.00150550809,
            0.0782194659,
            0.996935129
          ]
        },
        "Visible": false,
        "Name": "Bone.004_Tail"
      }
    },
    {
      "id": "RBX82EF2CA7735A4D5AB5E2A72B85C886D1",
      "parent": "RBX8992419A0DCB44EEB366EC529A5E6144",
      "class": "Bone",
      "name": "Bone.004_Tail_Tail",
      "properties": {
        "CFrame": {
          "position": [
            -0.00307225925,
            0.755827546,
            0.00333978701
          ],
          "rotation": [
            1,
            1.78813863e-7,
            -6.70551685e-8,
            -1.78813849e-7,
            1,
            1.78813835e-7,
            6.7055197e-8,
            -1.78813821e-7,
            1
          ]
        },
        "Visible": false,
        "Name": "Bone.004_Tail_Tail"
      }
    },
    {
      "id": "RBX6060A77EF03D47CBA0B6143E9C571508",
      "parent": "RBX2E492E7AFD9140859A28720644BCB762",
      "class": "Bone",
      "name": "Bone.005",
      "properties": {
        "CFrame": {
          "position": [
            0.00938074663,
            0.802265167,
            -0.00864720158
          ],
          "rotation": [
            0.999962032,
            0.00871857442,
            -0.000022030963,
            -0.0000212713967,
            0.00496655516,
            0.999987781,
            0.00871857628,
            -0.999949753,
            0.0049665519
          ]
        },
        "Visible": false,
        "Name": "Bone.005"
      }
    },
    {
      "id": "RBXEF32E63320664D0EABC280543B61165E",
      "parent": "RBX6060A77EF03D47CBA0B6143E9C571508",
      "class": "Bone",
      "name": "Bone.005_Tail",
      "properties": {
        "CFrame": {
          "position": [
            0.0209534951,
            0.744177043,
            -0.0819326639
          ],
          "rotation": [
            0.999394,
            0.0347894952,
            0.00119384076,
            -0.0347842053,
            0.996747255,
            0.0726979226,
            0.00133916654,
            -0.0726953894,
            0.997353375
          ]
        },
        "Visible": false,
        "Name": "Bone.005_Tail"
      }
    },
    {
      "id": "RBX66F00CEFE9434CBEA3084A405FC622CA",
      "parent": "RBXEF32E63320664D0EABC280543B61165E",
      "class": "Bone",
      "name": "Bone.005_Tail_Tail",
      "properties": {
        "CFrame": {
          "position": [
            -0.00295143994,
            0.755810201,
            -0.00314129842
          ],
          "rotation": [
            1,
            -5.9604595e-8,
            9.68574838e-8,
            5.96046021e-8,
            1,
            -7.45057704e-8,
            -9.68574767e-8,
            7.45057775e-8,
            1
          ]
        },
        "Visible": false,
        "Name": "Bone.005_Tail_Tail"
      }
    },
    {
      "id": "RBX8BDC1D53FF834F94A9341C9D54A3F3FC",
      "parent": "RBXD5BEE256DBAD490A84F748BF10AD3A7A",
      "class": "Model",
      "name": "LowerStatic",
      "properties": {
        "PrimaryPart": "RBX02C441B61D024ED29ED78ABB94522019",
        "Name": "LowerStatic"
      }
    },
    {
      "id": "RBX02C441B61D024ED29ED78ABB94522019",
      "parent": "RBX8BDC1D53FF834F94A9341C9D54A3F3FC",
      "class": "Part",
      "name": "Middle",
      "properties": {
        "shape": 1,
        "Anchored": false,
        "CanCollide": false,
        "CanQuery": true,
        "CanTouch": true,
        "Color3uint8": [
          0.972549,
          0.972549,
          0.972549
        ],
        "Massless": false,
        "Material": 272,
        "PivotOffset": {
          "position": [
            0,
            0,
            0
          ],
          "rotation": [
            1,
            0,
            0,
            0,
            1,
            0,
            0,
            0,
            1
          ]
        },
        "Reflectance": 0,
        "Transparency": 0,
        "size": [
          2,
          2,
          1
        ],
        "Name": "Middle",
        "LocalCFrame": {
          "position": [
            0.27953,
            0.900133,
            -0.499509
          ],
          "rotation": [
            1,
            0,
            0,
            0,
            1,
            0,
            0,
            0,
            1
          ]
        }
      }
    },
    {
      "id": "RBXF713596CFE6A4644B0B99E1C22AE2FCF",
      "parent": "RBX02C441B61D024ED29ED78ABB94522019",
      "class": "SpecialMesh",
      "name": "Mesh",
      "properties": {
        "MeshType": 5,
        "MeshId": "rbxassetid://12221758",
        "TextureId": null,
        "Offset": [
          0,
          0,
          0
        ],
        "Scale": [
          1,
          1,
          1
        ],
        "VertexColor": [
          1,
          1,
          1
        ],
        "Name": "Mesh"
      }
    },
    {
      "id": "RBX056BF474CFC444F0B307874F1C851E75",
      "parent": "RBX02C441B61D024ED29ED78ABB94522019",
      "class": "Weld",
      "name": "Weld",
      "properties": {
        "C0": {
          "position": [
            0,
            0,
            0
          ],
          "rotation": [
            -1,
            0,
            0,
            0,
            1,
            0,
            0,
            0,
            -1
          ]
        },
        "C1": {
          "position": [
            0,
            0,
            0
          ],
          "rotation": [
            -1,
            0,
            0,
            0,
            1,
            0,
            0,
            0,
            -1
          ]
        },
        "Enabled": true,
        "Part0": "RBX02C441B61D024ED29ED78ABB94522019",
        "Part1": "RBX02C441B61D024ED29ED78ABB94522019",
        "Name": "Weld"
      }
    },
    {
      "id": "RBXF5EDC9E99B2D4403883F2337DD87E45D",
      "parent": "RBXD5BEE256DBAD490A84F748BF10AD3A7A",
      "class": "Model",
      "name": "LowerR",
      "properties": {
        "PrimaryPart": null,
        "Name": "LowerR"
      }
    },
    {
      "id": "RBX86F69482655E4DC3BE785286CDD6180C",
      "parent": "RBXF5EDC9E99B2D4403883F2337DD87E45D",
      "class": "Part",
      "name": "Middle",
      "properties": {
        "shape": 1,
        "Anchored": false,
        "CanCollide": false,
        "CanQuery": true,
        "CanTouch": true,
        "Color3uint8": [
          1,
          0,
          0
        ],
        "Massless": false,
        "Material": 272,
        "PivotOffset": {
          "position": [
            0,
            0,
            0
          ],
          "rotation": [
            1,
            0,
            0,
            0,
            1,
            0,
            0,
            0,
            1
          ]
        },
        "Reflectance": 0,
        "Transparency": 1,
        "size": [
          0.226228729,
          0.226228729,
          0.226228729
        ],
        "Name": "Middle",
        "LocalCFrame": {
          "position": [
            0.566168,
            0,
            -0.000668
          ],
          "rotation": [
            1,
            0,
            0,
            0,
            1,
            0,
            0,
            0,
            1
          ]
        }
      }
    },
    {
      "id": "RBX6B3612CEEDA24E6FB87CCA1260CEB958",
      "parent": "RBX86F69482655E4DC3BE785286CDD6180C",
      "class": "SpecialMesh",
      "name": "Mesh",
      "properties": {
        "MeshType": 6,
        "MeshId": null,
        "TextureId": null,
        "Offset": [
          0,
          0,
          0
        ],
        "Scale": [
          0,
          0,
          0
        ],
        "VertexColor": [
          1,
          1,
          1
        ],
        "Name": "Mesh"
      }
    },
    {
      "id": "RBXFEC6EF724B4B4CF8B1E578583521C4F2",
      "parent": "RBX86F69482655E4DC3BE785286CDD6180C",
      "class": "Weld",
      "name": "Weld",
      "properties": {
        "C0": {
          "position": [
            0,
            0,
            0
          ],
          "rotation": [
            -1,
            0,
            0,
            0,
            1,
            0,
            0,
            0,
            -1
          ]
        },
        "C1": {
          "position": [
            0,
            0,
            0
          ],
          "rotation": [
            -1,
            0,
            0,
            0,
            1,
            0,
            0,
            0,
            -1
          ]
        },
        "Enabled": true,
        "Part0": "RBX86F69482655E4DC3BE785286CDD6180C",
        "Part1": "RBX86F69482655E4DC3BE785286CDD6180C",
        "Name": "Weld"
      }
    },
    {
      "id": "RBXF7DC45CE79AB424DBE3F88B29FB37815",
      "parent": "RBXF5EDC9E99B2D4403883F2337DD87E45D",
      "class": "MeshPart",
      "name": "color5",
      "properties": {
        "HasSkinnedMesh": true,
        "MeshId": "rbxassetid://17837346792",
        "RenderFidelity": 0,
        "TextureID": null,
        "Anchored": false,
        "CanCollide": false,
        "CanQuery": true,
        "CanTouch": true,
        "Color3uint8": [
          1,
          0.8,
          0.6
        ],
        "Massless": false,
        "Material": 272,
        "PivotOffset": {
          "position": [
            0.0290862359,
            -0.00234352518,
            -6.25266168e-8
          ],
          "rotation": [
            1,
            0,
            0,
            0,
            0,
            -1,
            0,
            1,
            0
          ]
        },
        "Reflectance": 0,
        "Transparency": 0,
        "size": [
          1.4357276,
          1.58625209,
          1.25777221
        ],
        "Name": "color5",
        "LocalCFrame": {
          "position": [
            0.841431,
            -0.125,
            0.01821
          ],
          "rotation": [
            -0.965932,
            -0.258797,
            -0.000029,
            -0.249973,
            0.933026,
            -0.258797,
            0.067003,
            -0.249973,
            -0.965932
          ]
        }
      }
    },
    {
      "id": "RBXCEAF358372D94D5A8252CEEFA80A10B8",
      "parent": "RBXF7DC45CE79AB424DBE3F88B29FB37815",
      "class": "Bone",
      "name": "Bone",
      "properties": {
        "CFrame": {
          "position": [
            0.0290862359,
            0.752770722,
            -6.25266239e-8
          ],
          "rotation": [
            -1,
            0,
            0,
            0,
            -1,
            0,
            0,
            0,
            1
          ]
        },
        "Visible": false,
        "Name": "Bone"
      }
    },
    {
      "id": "RBXE359407D23BA47BC9B02A08517FDEC44",
      "parent": "RBXCEAF358372D94D5A8252CEEFA80A10B8",
      "class": "Bone",
      "name": "Bone.001",
      "properties": {
        "CFrame": {
          "position": [
            -0.00636889692,
            0.80218327,
            -0.00519522466
          ],
          "rotation": [
            0.999963522,
            -0.00854535308,
            -0.0000752888591,
            0.00854535773,
            0.999809325,
            0.0175590795,
            -0.0000747740269,
            -0.0175590813,
            0.999845862
          ]
        },
        "Visible": false,
        "Name": "Bone.001"
      }
    },
    {
      "id": "RBXCAF79C6576CD4C5FB67E61DC96581DAB",
      "parent": "RBXE359407D23BA47BC9B02A08517FDEC44",
      "class": "Bone",
      "name": "Bone.001_Tail",
      "properties": {
        "CFrame": {
          "position": [
            -0.0090528084,
            0.801844537,
            -0.00659327535
          ],
          "rotation": [
            0.999887049,
            -0.0150314309,
            -0.000286507711,
            0.0150341447,
            0.999675274,
            0.0205750894,
            -0.0000228583795,
            -0.0205770712,
            0.999788344
          ]
        },
        "Visible": false,
        "Name": "Bone.001_Tail"
      }
    },
    {
      "id": "RBX03F3BDDC0FC44340AE65CCD131CD6288",
      "parent": "RBXCAF79C6576CD4C5FB67E61DC96581DAB",
      "class": "Bone",
      "name": "Bone.001_Tail_Tail",
      "properties": {
        "CFrame": {
          "position": [
            0.00267528184,
            0.8021487,
            0.00169146853
          ],
          "rotation": [
            1,
            -2.16066795e-7,
            2.38418508e-7,
            2.1606678e-7,
            1,
            4.47035085e-8,
            -2.38418522e-7,
            -4.47034587e-8,
            1
          ]
        },
        "Visible": false,
        "Name": "Bone.001_Tail_Tail"
      }
    },
    {
      "id": "RBX1D625F1146984056929F329DBF86A505",
      "parent": "RBXCEAF358372D94D5A8252CEEFA80A10B8",
      "class": "Bone",
      "name": "Bone.002",
      "properties": {
        "CFrame": {
          "position": [
            -0.00691258302,
            0.802096963,
            -0.00485002715
          ],
          "rotation": [
            0.00296132313,
            0.999844909,
            0.0173668545,
            -0.999995649,
            0.00296131615,
            0.0000261231726,
            -0.0000253096259,
            -0.0173668563,
            0.999849319
          ]
        },
        "Visible": false,
        "Name": "Bone.002"
      }
    },
    {
      "id": "RBXC974A76738EB468DA7A105DA742D4905",
      "parent": "RBX1D625F1146984056929F329DBF86A505",
      "class": "Bone",
      "name": "Bone.002_Tail",
      "properties": {
        "CFrame": {
          "position": [
            0.0848948881,
            0.684509635,
            -0.0121509572
          ],
          "rotation": [
            0.996672034,
            0.0815074891,
            0.00115855539,
            -0.0815156996,
            0.996580362,
            0.0135237034,
            -0.0000523105264,
            -0.013573138,
            0.999907911
          ]
        },
        "Visible": false,
        "Name": "Bone.002_Tail"
      }
    },
    {
      "id": "RBX592465726C6D43E4991C5A77DE9D2D97",
      "parent": "RBXC974A76738EB468DA7A105DA742D4905",
      "class": "Bone",
      "name": "Bone.002_Tail_Tail",
      "properties": {
        "CFrame": {
          "position": [
            0.00895895809,
            0.688660622,
            -0.002053926
          ],
          "rotation": [
            1,
            -2.60770321e-8,
            -2.23517489e-8,
            2.60770356e-8,
            1,
            1.49011584e-7,
            2.23517453e-8,
            -1.49011584e-7,
            1
          ]
        },
        "Visible": false,
        "Name": "Bone.002_Tail_Tail"
      }
    },
    {
      "id": "RBX778472B1DD95497BBDFD641AD0F31933",
      "parent": "RBXCEAF358372D94D5A8252CEEFA80A10B8",
      "class": "Bone",
      "name": "Bone.003",
      "properties": {
        "CFrame": {
          "position": [
            -0.00691258302,
            0.802096963,
            -0.00485002715
          ],
          "rotation": [
            0.000139225274,
            -0.999832869,
            -0.0182837863,
            1,
            0.000139225158,
            0.00000127917815,
            0.0000012665987,
            -0.0182837863,
            0.999832869
          ]
        },
        "Visible": false,
        "Name": "Bone.003"
      }
    },
    {
      "id": "RBX80DB89FF42F84EE7B4FDD12D705EDDA9",
      "parent": "RBX778472B1DD95497BBDFD641AD0F31933",
      "class": "Bone",
      "name": "Bone.003_Tail",
      "properties": {
        "CFrame": {
          "position": [
            -0.0989660025,
            0.681558251,
            -0.0175705608
          ],
          "rotation": [
            0.994820237,
            -0.10165026,
            -0.000206183176,
            0.101642586,
            0.994766295,
            -0.0104342625,
            0.00126574945,
            0.0103592565,
            0.999945641
          ]
        },
        "Visible": false,
        "Name": "Bone.003_Tail"
      }
    },
    {
      "id": "RBXB571B6442877480DA581AACAF6E4A6AD",
      "parent": "RBX80DB89FF42F84EE7B4FDD12D705EDDA9",
      "class": "Bone",
      "name": "Bone.003_Tail_Tail",
      "properties": {
        "CFrame": {
          "position": [
            -0.0115382308,
            0.689109445,
            -0.000569576165
          ],
          "rotation": [
            1,
            7.45058948e-9,
            7.4505806e-8,
            -7.4505806e-9,
            1,
            -1.19209261e-7,
            -7.4505806e-8,
            1.19209261e-7,
            1
          ]
        },
        "Visible": false,
        "Name": "Bone.003_Tail_Tail"
      }
    },
    {
      "id": "RBXBC628831EB3244C297719268A8D96C5D",
      "parent": "RBXCEAF358372D94D5A8252CEEFA80A10B8",
      "class": "Bone",
      "name": "Bone.004",
      "properties": {
        "CFrame": {
          "position": [
            -0.00691258302,
            0.802096963,
            -0.00485002715
          ],
          "rotation": [
            0.999946713,
            -0.0103248954,
            -0.00000734331206,
            0.00000678375363,
            0.00136821705,
            -0.999999166,
            0.0103248954,
            0.999945819,
            0.00136821426
          ]
        },
        "Visible": false,
        "Name": "Bone.004"
      }
    },
    {
      "id": "RBX109F012EB3D747FE8E00C8D0F6AEE94A",
      "parent": "RBXBC628831EB3244C297719268A8D96C5D",
      "class": "Bone",
      "name": "Bone.004_Tail",
      "properties": {
        "CFrame": {
          "position": [
            0.00469468813,
            0.750356138,
            0.0866748169
          ],
          "rotation": [
            0.999949694,
            -0.0100160027,
            0.000586080016,
            0.0100281537,
            0.995906115,
            -0.0898363665,
            0.000316120684,
            0.0898377225,
            0.995956421
          ]
        },
        "Visible": false,
        "Name": "Bone.004_Tail"
      }
    },
    {
      "id": "RBXE53883D37DF44E53863FAA02E9903BFA",
      "parent": "RBX109F012EB3D747FE8E00C8D0F6AEE94A",
      "class": "Bone",
      "name": "Bone.004_Tail_Tail",
      "properties": {
        "CFrame": {
          "position": [
            0.00139805058,
            0.756190002,
            0.00409706449
          ],
          "rotation": [
            1,
            -5.24580252e-15,
            -5.21540571e-8,
            0,
            1,
            -1.00582824e-7,
            5.21540571e-8,
            1.00582824e-7,
            1
          ]
        },
        "Visible": false,
        "Name": "Bone.004_Tail_Tail"
      }
    },
    {
      "id": "RBXB2BDF478686B4991BA9BB68D628500A6",
      "parent": "RBXCEAF358372D94D5A8252CEEFA80A10B8",
      "class": "Bone",
      "name": "Bone.005",
      "properties": {
        "CFrame": {
          "position": [
            -0.00691258302,
            0.802096963,
            -0.00485002715
          ],
          "rotation": [
            0.999945879,
            -0.0104075968,
            0.00000832736896,
            0.00000809878111,
            0.00157824159,
            0.999998808,
            -0.0104075968,
            -0.999944627,
            0.00157824042
          ]
        },
        "Visible": false,
        "Name": "Bone.005"
      }
    },
    {
      "id": "RBX22AE2D850806469B89CE3E7A5453A29B",
      "parent": "RBXB2BDF478686B4991BA9BB68D628500A6",
      "class": "Bone",
      "name": "Bone.005_Tail",
      "properties": {
        "CFrame": {
          "position": [
            0.00488454709,
            0.750873864,
            -0.0967718437
          ],
          "rotation": [
            1,
            0.00014160898,
            -0.000133150388,
            -0.000129044041,
            0.995937586,
            0.090046078,
            0.000145360813,
            -0.0900460556,
            0.995937586
          ]
        },
        "Visible": false,
        "Name": "Bone.005_Tail"
      }
    },
    {
      "id": "RBX91E4AB5077D2447F9EA00C888D77B688",
      "parent": "RBX22AE2D850806469B89CE3E7A5453A29B",
      "class": "Bone",
      "name": "Bone.005_Tail_Tail",
      "properties": {
        "CFrame": {
          "position": [
            0.000966553402,
            0.755465031,
            -0.00411648164
          ],
          "rotation": [
            1,
            4.66293543e-15,
            2.23517365e-8,
            0,
            1,
            -2.08616257e-7,
            -2.23517365e-8,
            2.08616257e-7,
            1
          ]
        },
        "Visible": false,
        "Name": "Bone.005_Tail_Tail"
      }
    },
    {
      "id": "RBX2044648D920041ADA97754FB1C4205E3",
      "parent": "RBXF7DC45CE79AB424DBE3F88B29FB37815",
      "class": "Decal",
      "name": "Decal",
      "properties": {
        "Color3": [
          1,
          1,
          1
        ],
        "Texture": "rbxassetid://126543392198898",
        "Transparency": 0,
        "Face": 5,
        "Name": "Decal"
      }
    }
  ]
}
