{
  "format": "overlay_json_v1",
  "kind": "morph_bundle",
  "version": 1,
  "asset_id": "morph_1712-catears2black",
  "name": "Catears2Black",
  "source_file": "1712-catears2black.rbxmx",
  "anchor": "Head",
  "anchor_candidates": [
    "Head",
    "UpperTorso",
    "Torso",
    "HumanoidRootPart"
  ],
  "jiggle": true,
  "root_cframe": {
    "position": [
      98.5189743,
      4.5,
      130.862076
    ],
    "rotation": [
      0,
      1.46037658e-24,
      -1,
      -1.32348898e-23,
      1,
      -1.46037658e-24,
      1,
      -1.32348898e-23,
      0
    ]
  },
  "class_counts": {
    "Folder": 1,
    "Model": 1,
    "Part": 1,
    "SpecialMesh": 1,
    "MeshPart": 1,
    "Bone": 7
  },
  "nodes": [
    {
      "id": "RBX545E188A9FB845159D12FCA6F1A4F4AA",
      "parent": null,
      "class": "Folder",
      "name": "Catears2Black",
      "properties": {
        "Name": "Catears2Black"
      }
    },
    {
      "id": "RBXA5CD7F476CF140F09453EB9DBF021BB8",
      "parent": "RBX545E188A9FB845159D12FCA6F1A4F4AA",
      "class": "Model",
      "name": "HeadAcc",
      "properties": {
        "PrimaryPart": null,
        "Name": "HeadAcc"
      }
    },
    {
      "id": "RBXC5C12E58192347B690B867253C1364E8",
      "parent": "RBXA5CD7F476CF140F09453EB9DBF021BB8",
      "class": "Part",
      "name": "Middle",
      "properties": {
        "shape": 1,
        "Anchored": true,
        "CanCollide": false,
        "CanQuery": true,
        "CanTouch": true,
        "Color3uint8": [
          0.972549,
          0.972549,
          0.972549
        ],
        "Massless": false,
        "Material": 272,
        "PivotOffset": {
          "position": [
            0,
            0,
            0
          ],
          "rotation": [
            1,
            0,
            0,
            0,
            1,
            0,
            0,
            0,
            1
          ]
        },
        "Reflectance": 0,
        "Transparency": 0,
        "size": [
          1,
          1,
          1
        ],
        "Name": "Middle",
        "LocalCFrame": {
          "position": [
            0,
            0,
            0
          ],
          "rotation": [
            1,
            0,
            0,
            0,
            1,
            0,
            0,
            0,
            1
          ]
        }
      }
    },
    {
      "id": "RBX5EB7D26E19984A24966900A5ECA68F7E",
      "parent": "RBXC5C12E58192347B690B867253C1364E8",
      "class": "SpecialMesh",
      "name": "Mesh",
      "properties": {
        "MeshType": 0,
        "MeshId": null,
        "TextureId": null,
        "Offset": [
          0,
          0,
          0
        ],
        "Scale": [
          1.25,
          1.25,
          1.25
        ],
        "VertexColor": [
          1,
          1,
          1
        ],
        "Name": "Mesh"
      }
    },
    {
      "id": "RBXD94BB53B4BB848EAA3E4D16B127A92DB",
      "parent": "RBXA5CD7F476CF140F09453EB9DBF021BB8",
      "class": "MeshPart",
      "name": "fluffy ears2.2B",
      "properties": {
        "HasSkinnedMesh": true,
        "MeshId": "rbxassetid://18665666707",
        "RenderFidelity": 0,
        "TextureID": "rbxassetid://18665666749",
        "Anchored": false,
        "CanCollide": true,
        "CanQuery": true,
        "CanTouch": true,
        "Color3uint8": [
          0.639216,
          0.635294,
          0.647059
        ],
        "Massless": false,
        "Material": 256,
        "PivotOffset": {
          "position": [
            0.00000797740995,
            -0.00918548834,
            -0.0347735286
          ],
          "rotation": [
            1,
            1.22464672e-16,
            -1.22464685e-16,
            -1.22464685e-16,
            1,
            -7.54979013e-8,
            1.22464672e-16,
            7.54979013e-8,
            1
          ]
        },
        "Reflectance": 0,
        "Transparency": 0,
        "size": [
          1.38253403,
          0.764693499,
          0.856343031
        ],
        "Name": "fluffy ears2.2B",
        "LocalCFrame": {
          "position": [
            0.032974,
            0.882347,
            0.071831
          ],
          "rotation": [
            -1,
            0,
            0,
            0,
            1,
            0,
            0,
            0,
            -1
          ]
        }
      }
    },
    {
      "id": "RBX46BC9B97439D4BCAA07BCC25A800A527",
      "parent": "RBXD94BB53B4BB848EAA3E4D16B127A92DB",
      "class": "Bone",
      "name": "Bone",
      "properties": {
        "CFrame": {
          "position": [
            0.245304465,
            -0.543760836,
            -0.0347735286
          ],
          "rotation": [
            -0.0322293788,
            -0.999480546,
            3.8434198e-9,
            0.999480486,
            -0.0322293825,
            -3.60328056e-9,
            3.72527942e-9,
            3.72529163e-9,
            1.00000012
          ]
        },
        "Visible": false,
        "Name": "Bone"
      }
    },
    {
      "id": "RBX9DBCA92D7CCD42F4A1C93691CF2A4B91",
      "parent": "RBX46BC9B97439D4BCAA07BCC25A800A527",
      "class": "Bone",
      "name": "Bone.004",
      "properties": {
        "CFrame": {
          "position": [
            3.98870483e-8,
            0.490847945,
            6.64389155e-10
          ],
          "rotation": [
            0.611465096,
            0.791271389,
            -1.35521361e-7,
            -0.791271389,
            0.611465096,
            1.44709702e-8,
            9.43170448e-8,
            9.83856836e-8,
            1
          ]
        },
        "Visible": false,
        "Name": "Bone.004"
      }
    },
    {
      "id": "RBXB7A63F0C215244D6BC1CEBD5F5E8B4CC",
      "parent": "RBX9DBCA92D7CCD42F4A1C93691CF2A4B91",
      "class": "Bone",
      "name": "Bone.005",
      "properties": {
        "CFrame": {
          "position": [
            -3.98870483e-8,
            0.369067371,
            -8.45431947e-10
          ],
          "rotation": [
            0.992708623,
            0.120538838,
            -4.84721134e-8,
            -0.120538831,
            0.992708683,
            6.87016266e-9,
            4.89468022e-8,
            -9.77297909e-10,
            1.00000012
          ]
        },
        "Visible": false,
        "Name": "Bone.005"
      }
    },
    {
      "id": "RBX81CF6B0465C048FD9C03A18F2D4F51B3",
      "parent": "RBXB7A63F0C215244D6BC1CEBD5F5E8B4CC",
      "class": "Bone",
      "name": "Bone.006",
      "properties": {
        "CFrame": {
          "position": [
            -1.19661138e-7,
            0.491140842,
            -7.36040562e-10
          ],
          "rotation": [
            0.960492074,
            0.278307676,
            -5.98063181e-8,
            -0.278307706,
            0.960492015,
            3.38438824e-8,
            6.68625049e-8,
            -1.58622182e-8,
            1.00000012
          ]
        },
        "Visible": false,
        "Name": "Bone.006"
      }
    },
    {
      "id": "RBXCECA16CA335D4CE29C46F669EB35D2EE",
      "parent": "RBXD94BB53B4BB848EAA3E4D16B127A92DB",
      "class": "Bone",
      "name": "Bone.001",
      "properties": {
        "CFrame": {
          "position": [
            0.245304495,
            -0.543760836,
            -0.0347735286
          ],
          "rotation": [
            -1.51962624e-7,
            0.640184402,
            0.768221259,
            1.06533036e-14,
            0.768221259,
            -0.640184402,
            -1,
            -9.72840937e-8,
            -1.16740928e-7
          ]
        },
        "Visible": false,
        "Name": "Bone.001"
      }
    },
    {
      "id": "RBX4014BD8E83994EA689BA1A7D9938D847",
      "parent": "RBXCECA16CA335D4CE29C46F669EB35D2EE",
      "class": "Bone",
      "name": "Bone.002",
      "properties": {
        "CFrame": {
          "position": [
            -6.51616858e-8,
            0.413554609,
            -7.97740967e-8
          ],
          "rotation": [
            1,
            1.16941692e-7,
            2.18999787e-7,
            -1.58936388e-7,
            0.979207873,
            0.202859432,
            -1.90723597e-7,
            -0.202859432,
            0.979207873
          ]
        },
        "Visible": false,
        "Name": "Bone.002"
      }
    },
    {
      "id": "RBXBC199959DA7A4EABA1B1B5DCB05E9DFE",
      "parent": "RBX4014BD8E83994EA689BA1A7D9938D847",
      "class": "Bone",
      "name": "Bone.003",
      "properties": {
        "CFrame": {
          "position": [
            -1.17721221e-7,
            0.386419982,
            7.97740967e-8
          ],
          "rotation": [
            1,
            8.62156355e-8,
            2.38361125e-7,
            -1.19394571e-7,
            0.989735901,
            0.142908633,
            -2.23593588e-7,
            -0.142908633,
            0.989735901
          ]
        },
        "Visible": false,
        "Name": "Bone.003"
      }
    }
  ]
}
