{
  "format": "overlay_json_v1",
  "kind": "morph_bundle",
  "version": 1,
  "asset_id": "morph_1780-nekomatatailsjb",
  "name": "nekomatatailsJB",
  "source_file": "1780-nekomatatailsjb.rbxmx",
  "anchor": "LowerTorso",
  "anchor_candidates": [
    "LowerTorso",
    "Torso",
    "HumanoidRootPart",
    "UpperTorso"
  ],
  "jiggle": true,
  "root_cframe": {
    "position": [
      62.9998932,
      2.99955773,
      -5.5081358
    ],
    "rotation": [
      1,
      -2.61934474e-10,
      2.32960486e-30,
      -2.61934474e-10,
      1,
      -2.03287907e-20,
      2.32960486e-30,
      -2.03287907e-20,
      1
    ]
  },
  "class_counts": {
    "Folder": 1,
    "Model": 1,
    "Part": 1,
    "MeshPart": 1,
    "Bone": 13
  },
  "nodes": [
    {
      "id": "RBX50BE83A7CA0643EB9D8B4F3DFAF54E90",
      "parent": null,
      "class": "Folder",
      "name": "nekomatatailsJB",
      "properties": {
        "Name": "nekomatatailsJB"
      }
    },
    {
      "id": "RBX01FF1EBA8F7E4129B84B5E37B094A171",
      "parent": "RBX50BE83A7CA0643EB9D8B4F3DFAF54E90",
      "class": "Model",
      "name": "UpperStatic",
      "properties": {
        "PrimaryPart": "RBX5FED36E94B364CF9ACC22712BEB10B33",
        "Name": "UpperStatic"
      }
    },
    {
      "id": "RBX5FED36E94B364CF9ACC22712BEB10B33",
      "parent": "RBX01FF1EBA8F7E4129B84B5E37B094A171",
      "class": "Part",
      "name": "Middle",
      "properties": {
        "shape": 1,
        "Anchored": true,
        "CanCollide": false,
        "CanQuery": true,
        "CanTouch": true,
        "Color3uint8": [
          0.972549,
          0.972549,
          0.972549
        ],
        "Massless": false,
        "Material": 272,
        "PivotOffset": {
          "position": [
            0,
            0,
            0
          ],
          "rotation": [
            1,
            0,
            0,
            0,
            1,
            0,
            0,
            0,
            1
          ]
        },
        "Reflectance": 0,
        "Transparency": 0,
        "size": [
          2,
          2,
          1
        ],
        "Name": "Middle",
        "LocalCFrame": {
          "position": [
            0,
            0,
            0
          ],
          "rotation": [
            1,
            0,
            0,
            0,
            1,
            0,
            0,
            0,
            1
          ]
        }
      }
    },
    {
      "id": "RBX1B47B7B77F954D2FA4F79EA9AA66195C",
      "parent": "RBX01FF1EBA8F7E4129B84B5E37B094A171",
      "class": "MeshPart",
      "name": "nekomatatail",
      "properties": {
        "HasSkinnedMesh": true,
        "MeshId": "rbxassetid://18133397577",
        "RenderFidelity": 0,
        "TextureID": "rbxassetid://13988892224",
        "Anchored": false,
        "CanCollide": true,
        "CanQuery": true,
        "CanTouch": true,
        "Color3uint8": [
          0.639216,
          0.635294,
          0.647059
        ],
        "Massless": false,
        "Material": 256,
        "PivotOffset": {
          "position": [
            -0.019853238,
            0.0640238523,
            0.00498264236
          ],
          "rotation": [
            1,
            -4.72937023e-10,
            5.82074909e-11,
            4.72937023e-10,
            1,
            -2.98132363e-8,
            -5.8207477e-11,
            2.98132363e-8,
            1
          ]
        },
        "Reflectance": 0,
        "Transparency": 0,
        "size": [
          2.18951917,
          2.13365674,
          3.72297359
        ],
        "Name": "nekomatatail",
        "LocalCFrame": {
          "position": [
            -0.023567,
            -0.904386,
            1.619623
          ],
          "rotation": [
            -1,
            0,
            0,
            0,
            1,
            0,
            0,
            0,
            -1
          ]
        }
      }
    },
    {
      "id": "RBX512F955A61D84F42BB311148131CA849",
      "parent": "RBX1B47B7B77F954D2FA4F79EA9AA66195C",
      "class": "Bone",
      "name": "RootBone1",
      "properties": {
        "CFrame": {
          "position": [
            0.0126378937,
            0.705702066,
            1.79391396
          ],
          "rotation": [
            -0.985423744,
            0.170105949,
            0.00201734155,
            0.0438575633,
            0.265488803,
            -0.96311605,
            -0.164367318,
            -0.948988855,
            -0.269079417
          ]
        },
        "Visible": false,
        "Name": "RootBone1"
      }
    },
    {
      "id": "RBXB57C4514180D4E5FB370AC7BF38C911A",
      "parent": "RBX512F955A61D84F42BB311148131CA849",
      "class": "Bone",
      "name": "Bone.001",
      "properties": {
        "CFrame": {
          "position": [
            0,
            0.766886353,
            0
          ],
          "rotation": [
            0.976885974,
            -0.139531538,
            -0.161941081,
            0.0360365063,
            0.854233503,
            -0.518639207,
            0.210702002,
            0.500815451,
            0.839516997
          ]
        },
        "Visible": false,
        "Name": "Bone.001"
      }
    },
    {
      "id": "RBXD525AC563A3D47C08AD31042CC592DBF",
      "parent": "RBXB57C4514180D4E5FB370AC7BF38C911A",
      "class": "Bone",
      "name": "Bone.002",
      "properties": {
        "CFrame": {
          "position": [
            -5.73295473e-8,
            0.863518,
            5.73295473e-8
          ],
          "rotation": [
            0.985204101,
            0.0890300348,
            -0.146446645,
            -0.165656686,
            0.713760018,
            -0.680517852,
            0.0439412408,
            0.694708765,
            0.717947662
          ]
        },
        "Visible": false,
        "Name": "Bone.002"
      }
    },
    {
      "id": "RBXE8C3B0DBADB94DB2A71708297634B169",
      "parent": "RBXD525AC563A3D47C08AD31042CC592DBF",
      "class": "Bone",
      "name": "Bone.003",
      "properties": {
        "CFrame": {
          "position": [
            2.29318189e-7,
            0.995467305,
            3.58309684e-8
          ],
          "rotation": [
            0.992603421,
            0.0314120688,
            0.117267676,
            -0.0525495969,
            0.981935143,
            0.181774765,
            -0.109439313,
            -0.186592624,
            0.976322889
          ]
        },
        "Visible": false,
        "Name": "Bone.003"
      }
    },
    {
      "id": "RBX926EAC4F97634A24B7DE149C2614A7C5",
      "parent": "RBXE8C3B0DBADB94DB2A71708297634B169",
      "class": "Bone",
      "name": "Bone.004",
      "properties": {
        "CFrame": {
          "position": [
            -5.73295473e-8,
            0.714289069,
            -3.29644905e-7
          ],
          "rotation": [
            0.988235533,
            -0.0922273323,
            0.122002617,
            0.0129004093,
            0.845141888,
            0.534386396,
            -0.152394548,
            -0.526525736,
            0.836389005
          ]
        },
        "Visible": false,
        "Name": "Bone.004"
      }
    },
    {
      "id": "RBX9459EAD3D87244EEA4541218BA9EB7D6",
      "parent": "RBX926EAC4F97634A24B7DE149C2614A7C5",
      "class": "Bone",
      "name": "Bone.005",
      "properties": {
        "CFrame": {
          "position": [
            -1.14659095e-7,
            0.640049875,
            -5.73295473e-8
          ],
          "rotation": [
            0.993987322,
            -0.0743183568,
            0.0804118887,
            0.00807404332,
            0.782133162,
            0.623059034,
            -0.109197527,
            -0.61866349,
            0.778030515
          ]
        },
        "Visible": false,
        "Name": "Bone.005"
      }
    },
    {
      "id": "RBXC7E2F4CF1D7B4CD8B13B3CDBDE6344E3",
      "parent": "RBX1B47B7B77F954D2FA4F79EA9AA66195C",
      "class": "Bone",
      "name": "RootBone2",
      "properties": {
        "CFrame": {
          "position": [
            0.0126378937,
            0.705702245,
            1.79391408
          ],
          "rotation": [
            0.999987006,
            -0.00510500744,
            -0.000167149294,
            0.00510499254,
            0.999987006,
            -0.0000900569794,
            0.00016760685,
            0.0000892025055,
            1.00000012
          ]
        },
        "Visible": false,
        "Name": "RootBone2"
      }
    },
    {
      "id": "RBX20319BB9F606470B95A21475D4DFCD30",
      "parent": "RBX1B47B7B77F954D2FA4F79EA9AA66195C",
      "class": "Bone",
      "name": "RootBone3",
      "properties": {
        "CFrame": {
          "position": [
            0.012637808,
            0.705702245,
            1.7939142
          ],
          "rotation": [
            0.248006672,
            -0.339768678,
            -0.907221019,
            0.949383795,
            0.271596819,
            0.157815337,
            0.192777649,
            -0.900440097,
            0.389928699
          ]
        },
        "Visible": false,
        "Name": "RootBone3"
      }
    },
    {
      "id": "RBX93FA080E40F243A6B5A15674DAD10503",
      "parent": "RBX20319BB9F606470B95A21475D4DFCD30",
      "class": "Bone",
      "name": "Bone.008",
      "properties": {
        "CFrame": {
          "position": [
            0,
            0.785594583,
            -2.29318189e-7
          ],
          "rotation": [
            0.876042962,
            -0.481021851,
            -0.0341579765,
            0.471765399,
            0.840195775,
            0.267410815,
            -0.0999310538,
            -0.250377893,
            0.962977052
          ]
        },
        "Visible": false,
        "Name": "Bone.008"
      }
    },
    {
      "id": "RBX1814BC4D36B1498AAED85303A9B4375F",
      "parent": "RBX93FA080E40F243A6B5A15674DAD10503",
      "class": "Bone",
      "name": "Bone.009",
      "properties": {
        "CFrame": {
          "position": [
            -1.43323874e-7,
            0.895387232,
            -2.29318189e-7
          ],
          "rotation": [
            0.694494009,
            -0.715611219,
            0.0746911019,
            0.690616965,
            0.692131519,
            0.209767073,
            -0.201807722,
            -0.094099015,
            0.974894404
          ]
        },
        "Visible": false,
        "Name": "Bone.009"
      }
    },
    {
      "id": "RBX93EB2C65FFE54FD6A12DDA37F9E94AD2",
      "parent": "RBX1814BC4D36B1498AAED85303A9B4375F",
      "class": "Bone",
      "name": "Bone.010",
      "properties": {
        "CFrame": {
          "position": [
            -3.00980133e-7,
            0.969467402,
            -1.71988646e-7
          ],
          "rotation": [
            0.978328645,
            0.197061315,
            -0.0635611862,
            -0.199596912,
            0.979205132,
            -0.0363099687,
            0.0550841466,
            0.0482096933,
            0.997317255
          ]
        },
        "Visible": false,
        "Name": "Bone.010"
      }
    },
    {
      "id": "RBX48E66DBB4F9B402A91FE5CF13EA301C3",
      "parent": "RBX93EB2C65FFE54FD6A12DDA37F9E94AD2",
      "class": "Bone",
      "name": "Bone.011",
      "properties": {
        "CFrame": {
          "position": [
            3.58309677e-7,
            0.696217716,
            -1.43323874e-7
          ],
          "rotation": [
            0.867137253,
            0.486109376,
            -0.108493157,
            -0.497350425,
            0.856793046,
            -0.136192203,
            0.0267518815,
            0.172056422,
            0.984723866
          ]
        },
        "Visible": false,
        "Name": "Bone.011"
      }
    },
    {
      "id": "RBX86F3597539E84394814C0BD5CF28F2B3",
      "parent": "RBX48E66DBB4F9B402A91FE5CF13EA301C3",
      "class": "Bone",
      "name": "Bone.012",
      "properties": {
        "CFrame": {
          "position": [
            1.71988646e-7,
            0.614811242,
            -1.43323874e-7
          ],
          "rotation": [
            0.764116645,
            0.612558782,
            -0.202231377,
            -0.637244523,
            0.765493274,
            -0.0891036689,
            0.100225523,
            0.196956441,
            0.975275874
          ]
        },
        "Visible": false,
        "Name": "Bone.012"
      }
    }
  ]
}
