{
  "format": "overlay_json_v1",
  "kind": "morph_bundle",
  "version": 1,
  "asset_id": "morph_2658-pyhc-balls",
  "name": "Pyhc balls",
  "source_file": "2658-pyhc-balls.rbxmx",
  "anchor": "HumanoidRootPart",
  "anchor_candidates": [
    "HumanoidRootPart",
    "UpperTorso",
    "Torso",
    "Head"
  ],
  "jiggle": true,
  "root_cframe": {
    "position": [
      -123.988503,
      1.25541496,
      -9.47640705
    ],
    "rotation": [
      1,
      2.03885062e-10,
      0.0000106210346,
      -2.03726785e-10,
      1,
      -1.49012731e-8,
      -0.0000106210346,
      1.49012713e-8,
      1
    ]
  },
  "class_counts": {
    "Folder": 1,
    "Model": 2,
    "Part": 2,
    "MeshPart": 1,
    "Bone": 6,
    "SpecialMesh": 1
  },
  "nodes": [
    {
      "id": "RBX1B2D169DCE2648E18CC244F75DA7DEE8",
      "parent": null,
      "class": "Folder",
      "name": "Pyhc balls",
      "properties": {
        "Name": "Pyhc balls"
      }
    },
    {
      "id": "RBXB1D1AD620A624C8C992DA92DF3DD1504",
      "parent": "RBX1B2D169DCE2648E18CC244F75DA7DEE8",
      "class": "Model",
      "name": "Orbs",
      "properties": {
        "PrimaryPart": null,
        "Name": "Orbs"
      }
    },
    {
      "id": "RBX1935E5836D9B4A9E85EE709C2334160C",
      "parent": "RBXB1D1AD620A624C8C992DA92DF3DD1504",
      "class": "Part",
      "name": "Middle",
      "properties": {
        "shape": 1,
        "Anchored": true,
        "CanCollide": false,
        "CanQuery": true,
        "CanTouch": true,
        "Color3uint8": [
          1,
          0,
          0
        ],
        "Massless": false,
        "Material": 272,
        "PivotOffset": {
          "position": [
            0,
            0,
            0
          ],
          "rotation": [
            1,
            0,
            0,
            0,
            1,
            0,
            0,
            0,
            1
          ]
        },
        "Reflectance": 0,
        "Transparency": 0,
        "size": [
          0.134495616,
          0.134495616,
          0.134495616
        ],
        "Name": "Middle",
        "LocalCFrame": {
          "position": [
            0,
            0,
            0
          ],
          "rotation": [
            1,
            0,
            0,
            0,
            1,
            0,
            0,
            0,
            1
          ]
        }
      }
    },
    {
      "id": "RBX4CFEC93EF44B4ED3B9451F9E2A6B12F7",
      "parent": "RBXB1D1AD620A624C8C992DA92DF3DD1504",
      "class": "MeshPart",
      "name": "color5",
      "properties": {
        "HasSkinnedMesh": true,
        "MeshId": "rbxassetid://17824281256",
        "RenderFidelity": 0,
        "TextureID": null,
        "Anchored": false,
        "CanCollide": true,
        "CanQuery": true,
        "CanTouch": true,
        "Color3uint8": [
          0.639216,
          0.635294,
          0.647059
        ],
        "Massless": false,
        "Material": 272,
        "PivotOffset": {
          "position": [
            -3.04638377e-8,
            0.397899657,
            0.0265558306
          ],
          "rotation": [
            1,
            8.74227837e-8,
            -1.22464685e-16,
            -1.22464672e-16,
            -6.12323426e-17,
            -1,
            -8.74227837e-8,
            1,
            -6.12323294e-17
          ]
        },
        "Reflectance": 0,
        "Transparency": 0,
        "size": [
          0.922234654,
          1.25916469,
          0.57563597
        ],
        "Name": "color5",
        "LocalCFrame": {
          "position": [
            -0.000076,
            -0.308314,
            -0.026896
          ],
          "rotation": [
            1,
            0,
            -0.000011,
            0,
            1,
            0,
            0.000011,
            0,
            1
          ]
        }
      }
    },
    {
      "id": "RBXB977F59FCA314B0C8287F2167DF0F0A1",
      "parent": "RBX4CFEC93EF44B4ED3B9451F9E2A6B12F7",
      "class": "Bone",
      "name": "p1",
      "properties": {
        "CFrame": {
          "position": [
            -2.63658038e-8,
            0.361093849,
            0.0734317899
          ],
          "rotation": [
            1,
            -1.0089189e-8,
            -0.00000151735048,
            1.65088181e-7,
            -0.993318558,
            0.11540509,
            -0.00000150837661,
            -0.11540509,
            -0.993318558
          ]
        },
        "Visible": false,
        "Name": "p1"
      }
    },
    {
      "id": "RBXA3C2699B2A7A48519E12DDC39A46BB99",
      "parent": "RBXB977F59FCA314B0C8287F2167DF0F0A1",
      "class": "Bone",
      "name": "p2",
      "properties": {
        "CFrame": {
          "position": [
            0.113998316,
            0.377640784,
            0.00257465476
          ],
          "rotation": [
            0.86629504,
            0.496038437,
            0.0589817166,
            -0.497706175,
            0.867177725,
            0.0170711894,
            -0.04267966,
            -0.0441442467,
            0.998113155
          ]
        },
        "Visible": false,
        "Name": "p2"
      }
    },
    {
      "id": "RBX71A6BB841A6B4B82B1687146298CE41E",
      "parent": "RBXA3C2699B2A7A48519E12DDC39A46BB99",
      "class": "Bone",
      "name": "p2.1",
      "properties": {
        "CFrame": {
          "position": [
            8.53269313e-8,
            0.253527999,
            -1.70653863e-7
          ],
          "rotation": [
            0.87178582,
            -0.489814013,
            -0.0084740147,
            0.489739984,
            0.870969117,
            0.0395947173,
            -0.012013441,
            -0.0386681743,
            0.999180019
          ]
        },
        "Visible": false,
        "Name": "p2.1"
      }
    },
    {
      "id": "RBXF62DBD28D4CA436FBADFB05E176AA7D9",
      "parent": "RBXB977F59FCA314B0C8287F2167DF0F0A1",
      "class": "Bone",
      "name": "p3",
      "properties": {
        "CFrame": {
          "position": [
            -0.113998659,
            0.377640873,
            0.00257482543
          ],
          "rotation": [
            0.866295278,
            -0.496038407,
            -0.0589788482,
            0.497705996,
            0.867177844,
            0.0170711931,
            0.042677179,
            -0.0441428162,
            0.998113394
          ]
        },
        "Visible": false,
        "Name": "p3"
      }
    },
    {
      "id": "RBX3399606028B54E19BD9949B2B1BDF2B4",
      "parent": "RBXF62DBD28D4CA436FBADFB05E176AA7D9",
      "class": "Bone",
      "name": "p3.1",
      "properties": {
        "CFrame": {
          "position": [
            3.41307725e-7,
            0.253527552,
            0
          ],
          "rotation": [
            0.871785998,
            0.489813715,
            0.00847403705,
            -0.489739716,
            0.870969236,
            0.0395947099,
            0.0120134056,
            -0.0386681817,
            0.999180019
          ]
        },
        "Visible": false,
        "Name": "p3.1"
      }
    },
    {
      "id": "RBXB5646856DBA04D31B0C86F38C4966843",
      "parent": "RBX4CFEC93EF44B4ED3B9451F9E2A6B12F7",
      "class": "Bone",
      "name": "Root",
      "properties": {
        "CFrame": {
          "position": [
            -2.63658126e-8,
            0.361093849,
            0.0734317899
          ],
          "rotation": [
            -1,
            -8.74227837e-8,
            2.44929371e-16,
            -2.44929371e-16,
            6.12323426e-17,
            -1,
            8.74227837e-8,
            -1,
            -6.12323625e-17
          ]
        },
        "Visible": false,
        "Name": "Root"
      }
    },
    {
      "id": "RBXB1341B3517DA45CFB6078C66D1D4EA6B",
      "parent": "RBX1B2D169DCE2648E18CC244F75DA7DEE8",
      "class": "Model",
      "name": "LowerStaticA",
      "properties": {
        "PrimaryPart": "RBXED91415F6F054A76817B0F9A7F8C44B7",
        "Name": "LowerStaticA"
      }
    },
    {
      "id": "RBXED91415F6F054A76817B0F9A7F8C44B7",
      "parent": "RBXB1341B3517DA45CFB6078C66D1D4EA6B",
      "class": "Part",
      "name": "Middle",
      "properties": {
        "shape": 1,
        "Anchored": true,
        "CanCollide": false,
        "CanQuery": true,
        "CanTouch": true,
        "Color3uint8": [
          0.972549,
          0.972549,
          0.972549
        ],
        "Massless": false,
        "Material": 272,
        "PivotOffset": {
          "position": [
            0,
            0,
            0
          ],
          "rotation": [
            1,
            0,
            0,
            0,
            1,
            0,
            0,
            0,
            1
          ]
        },
        "Reflectance": 0,
        "Transparency": 0,
        "size": [
          2,
          2,
          1
        ],
        "Name": "Middle",
        "LocalCFrame": {
          "position": [
            -0.002606,
            0.806461,
            0.47862
          ],
          "rotation": [
            1,
            0,
            -0.000011,
            0,
            1,
            0,
            0.000011,
            0,
            1
          ]
        }
      }
    },
    {
      "id": "RBX03E051312E7B4CC8AA5201230E74D2A1",
      "parent": "RBXED91415F6F054A76817B0F9A7F8C44B7",
      "class": "SpecialMesh",
      "name": "Mesh",
      "properties": {
        "MeshType": 5,
        "MeshId": "rbxassetid://12221758",
        "TextureId": null,
        "Offset": [
          0,
          0,
          0
        ],
        "Scale": [
          1,
          1,
          1
        ],
        "VertexColor": [
          1,
          1,
          1
        ],
        "Name": "Mesh"
      }
    }
  ]
}
