{
  "format": "overlay_json_v1",
  "kind": "morph_bundle",
  "version": 1,
  "asset_id": "morph_2195-cum-drippin",
  "name": "Cum Drippin",
  "source_file": "2195-cum-drippin.rbxmx",
  "anchor": "HumanoidRootPart",
  "anchor_candidates": [
    "HumanoidRootPart",
    "UpperTorso",
    "Torso",
    "Head"
  ],
  "jiggle": true,
  "root_cframe": {
    "position": [
      21.05583,
      -101.038284,
      -2460.94727
    ],
    "rotation": [
      0,
      0,
      1,
      0,
      1,
      0,
      -1,
      0,
      0
    ]
  },
  "class_counts": {
    "Folder": 1,
    "Model": 3,
    "Part": 4,
    "UnionOperation": 16,
    "SpecialMesh": 1,
    "ParticleEmitter": 1,
    "Motor6D": 24,
    "MeshPart": 9,
    "Bone": 21
  },
  "nodes": [
    {
      "id": "RBX7307A2443E304F7899E09C203D4F107E",
      "parent": null,
      "class": "Folder",
      "name": "Cum Drippin",
      "properties": {
        "Name": "Cum Drippin"
      }
    },
    {
      "id": "RBXBA0EBCAEF5904480933B0DAC6DF51FDF",
      "parent": "RBX7307A2443E304F7899E09C203D4F107E",
      "class": "Model",
      "name": "Orbs",
      "properties": {
        "PrimaryPart": null,
        "Name": "Orbs"
      }
    },
    {
      "id": "RBXC7710BFB20D9459EAA59861BF5FFDA57",
      "parent": "RBXBA0EBCAEF5904480933B0DAC6DF51FDF",
      "class": "Part",
      "name": "Middle",
      "properties": {
        "shape": 1,
        "Anchored": true,
        "CanCollide": false,
        "CanQuery": true,
        "CanTouch": true,
        "Color3uint8": [
          1,
          0,
          0
        ],
        "Massless": false,
        "Material": 256,
        "PivotOffset": {
          "position": [
            0,
            0,
            0
          ],
          "rotation": [
            1,
            0,
            0,
            0,
            1,
            0,
            0,
            0,
            1
          ]
        },
        "Reflectance": 0,
        "Transparency": 0,
        "size": [
          0.200000003,
          0.200000003,
          0.200000003
        ],
        "Name": "Middle",
        "LocalCFrame": {
          "position": [
            -0.00025,
            -0.850403,
            -0.499798
          ],
          "rotation": [
            1,
            0,
            0,
            0,
            1,
            0,
            0,
            0,
            1
          ]
        }
      }
    },
    {
      "id": "RBX150436902A04430797C6A39671A80D7D",
      "parent": "RBXBA0EBCAEF5904480933B0DAC6DF51FDF",
      "class": "UnionOperation",
      "name": "color5",
      "properties": {
        "UsePartColor": true,
        "Anchored": false,
        "CanCollide": true,
        "CanQuery": true,
        "CanTouch": true,
        "Color3uint8": [
          0.972549,
          0.972549,
          0.972549
        ],
        "Massless": false,
        "Material": 272,
        "PivotOffset": {
          "position": [
            0,
            0,
            0
          ],
          "rotation": [
            1,
            0,
            0,
            0,
            1,
            0,
            0,
            0,
            1
          ]
        },
        "Reflectance": 0,
        "Transparency": 0,
        "size": [
          0.934382975,
          0.48762092,
          0.819720864
        ],
        "Name": "color5",
        "LocalCFrame": {
          "position": [
            0.03955,
            -1.254349,
            -0.487835
          ],
          "rotation": [
            -0.342878,
            -0.001166,
            0.939379,
            -0.939379,
            0.001416,
            -0.342877,
            -0.00093,
            -0.999998,
            -0.001581
          ]
        }
      }
    },
    {
      "id": "RBX9518199A5B984F00804BF089A47E120F",
      "parent": "RBX7307A2443E304F7899E09C203D4F107E",
      "class": "Model",
      "name": "LowerStaticA",
      "properties": {
        "PrimaryPart": "RBXB891C33F8B0343ACA0828486A9D1323B",
        "Name": "LowerStaticA"
      }
    },
    {
      "id": "RBXB891C33F8B0343ACA0828486A9D1323B",
      "parent": "RBX9518199A5B984F00804BF089A47E120F",
      "class": "Part",
      "name": "Middle",
      "properties": {
        "shape": 1,
        "Anchored": true,
        "CanCollide": false,
        "CanQuery": true,
        "CanTouch": true,
        "Color3uint8": [
          0.972549,
          0.972549,
          0.972549
        ],
        "Massless": false,
        "Material": 272,
        "PivotOffset": {
          "position": [
            0,
            0,
            0
          ],
          "rotation": [
            1,
            0,
            0,
            0,
            1,
            0,
            0,
            0,
            1
          ]
        },
        "Reflectance": 0,
        "Transparency": 0,
        "size": [
          2,
          2,
          1
        ],
        "Name": "Middle",
        "LocalCFrame": {
          "position": [
            0,
            0,
            0
          ],
          "rotation": [
            1,
            0,
            0,
            0,
            1,
            0,
            0,
            0,
            1
          ]
        }
      }
    },
    {
      "id": "RBX3F8B14EAA9DA45C8B47196751A9C4573",
      "parent": "RBXB891C33F8B0343ACA0828486A9D1323B",
      "class": "SpecialMesh",
      "name": "Mesh",
      "properties": {
        "MeshType": 5,
        "MeshId": "rbxassetid://12221758",
        "TextureId": null,
        "Offset": [
          0,
          0,
          0
        ],
        "Scale": [
          1,
          1,
          1
        ],
        "VertexColor": [
          1,
          1,
          1
        ],
        "Name": "Mesh"
      }
    },
    {
      "id": "RBX485369FFE9134634AA127F44DE64C3B9",
      "parent": "RBX7307A2443E304F7899E09C203D4F107E",
      "class": "Model",
      "name": "Rod",
      "properties": {
        "PrimaryPart": null,
        "Name": "Rod"
      }
    },
    {
      "id": "RBXA11B538DE2EC4462AFA8FA09249F93F0",
      "parent": "RBX485369FFE9134634AA127F44DE64C3B9",
      "class": "Part",
      "name": "Middle",
      "properties": {
        "shape": 1,
        "Anchored": true,
        "CanCollide": false,
        "CanQuery": true,
        "CanTouch": true,
        "Color3uint8": [
          0.627451,
          0.372549,
          0.207843
        ],
        "Massless": false,
        "Material": 256,
        "PivotOffset": {
          "position": [
            0,
            0,
            0
          ],
          "rotation": [
            1,
            0,
            0,
            0,
            1,
            0,
            0,
            0,
            1
          ]
        },
        "Reflectance": 0,
        "Transparency": 0,
        "size": [
          0.20137006,
          0.20137006,
          0.20137006
        ],
        "Name": "Middle",
        "LocalCFrame": {
          "position": [
            0.00244,
            -0.818123,
            -0.514898
          ],
          "rotation": [
            1,
            0,
            0,
            0,
            1,
            0.000038,
            -0.000005,
            -0.000038,
            1
          ]
        }
      }
    },
    {
      "id": "RBX7331A9AE211F418F9347C9E0203F2805",
      "parent": "RBX485369FFE9134634AA127F44DE64C3B9",
      "class": "Part",
      "name": "Particle1",
      "properties": {
        "shape": 1,
        "Anchored": true,
        "CanCollide": true,
        "CanQuery": true,
        "CanTouch": true,
        "Color3uint8": [
          1,
          0.580392,
          0.580392
        ],
        "Massless": false,
        "Material": 272,
        "PivotOffset": {
          "position": [
            0,
            0,
            0
          ],
          "rotation": [
            1,
            0,
            0,
            0,
            1,
            0,
            0,
            0,
            1
          ]
        },
        "Reflectance": 0,
        "Transparency": 1,
        "size": [
          0.155455127,
          0.155455127,
          0.155455127
        ],
        "Name": "Particle1",
        "LocalCFrame": {
          "position": [
            0.01269,
            -0.399796,
            -2.06844
          ],
          "rotation": [
            -0.999751,
            0.022197,
            0.002303,
            0.00367,
            0.265327,
            -0.964152,
            -0.022007,
            -0.963903,
            -0.265343
          ]
        }
      }
    },
    {
      "id": "RBX90451E1EEFE54FF88F6D4B5804EDD00B",
      "parent": "RBX7331A9AE211F418F9347C9E0203F2805",
      "class": "ParticleEmitter",
      "name": "Particles",
      "properties": {
        "Acceleration": [
          0,
          -15,
          0
        ],
        "Color": "0 1 1 1 0 1 1 1 1 0",
        "Drag": 0,
        "Enabled": false,
        "Lifetime": [
          1,
          1.5
        ],
        "LightEmission": 0,
        "LightInfluence": 1,
        "LockedToPart": false,
        "Rate": 25,
        "RotSpeed": [
          0,
          0
        ],
        "Rotation": [
          90,
          90
        ],
        "Size": "0 0.08 0 0.8 0.08 0 1 0 0",
        "Speed": [
          4,
          6
        ],
        "SpreadAngle": [
          10,
          10
        ],
        "Texture": "rbxassetid://3202767053",
        "TimeScale": 1,
        "Transparency": "0 0 0 0.9 0 0 1 1 0",
        "VelocityInheritance": 0,
        "ZOffset": 0,
        "Name": "Particles"
      }
    },
    {
      "id": "RBXBD4144B5CB944ECA81D36B5FCFB35CC3",
      "parent": "RBX485369FFE9134634AA127F44DE64C3B9",
      "class": "UnionOperation",
      "name": "color5",
      "properties": {
        "UsePartColor": true,
        "Anchored": false,
        "CanCollide": true,
        "CanQuery": true,
        "CanTouch": true,
        "Color3uint8": [
          0.627451,
          0.372549,
          0.207843
        ],
        "Massless": false,
        "Material": 272,
        "PivotOffset": {
          "position": [
            0,
            0,
            0
          ],
          "rotation": [
            1,
            0,
            0,
            0,
            1,
            0,
            0,
            0,
            1
          ]
        },
        "Reflectance": 0,
        "Transparency": 0,
        "size": [
          0.0672404617,
          0.74760133,
          0.094783783
        ],
        "Name": "color5",
        "LocalCFrame": {
          "position": [
            -0.1272,
            -0.951104,
            -0.762073
          ],
          "rotation": [
            0.666572,
            -0.173829,
            -0.72489,
            -0.719341,
            0.10507,
            -0.686666,
            0.195523,
            0.979156,
            -0.055002
          ]
        }
      }
    },
    {
      "id": "RBXCCC4B8ED2A99474B91B6DC42784C71A2",
      "parent": "RBX485369FFE9134634AA127F44DE64C3B9",
      "class": "UnionOperation",
      "name": "color5",
      "properties": {
        "UsePartColor": true,
        "Anchored": false,
        "CanCollide": true,
        "CanQuery": true,
        "CanTouch": true,
        "Color3uint8": [
          0.627451,
          0.372549,
          0.207843
        ],
        "Massless": false,
        "Material": 272,
        "PivotOffset": {
          "position": [
            0,
            0,
            0
          ],
          "rotation": [
            1,
            0,
            0,
            0,
            1,
            0,
            0,
            0,
            1
          ]
        },
        "Reflectance": 0,
        "Transparency": 0,
        "size": [
          0.101011865,
          0.4268713,
          0.0498303063
        ],
        "Name": "color5",
        "LocalCFrame": {
          "position": [
            0.0559,
            -0.531578,
            -1.60445
          ],
          "rotation": [
            0.999438,
            -0.018992,
            -0.027642,
            -0.022939,
            0.214141,
            -0.976534,
            0.02446,
            0.976618,
            0.213585
          ]
        }
      }
    },
    {
      "id": "RBXF37621FD90D845E2983675F071644B94",
      "parent": "RBX485369FFE9134634AA127F44DE64C3B9",
      "class": "UnionOperation",
      "name": "color5",
      "properties": {
        "UsePartColor": true,
        "Anchored": false,
        "CanCollide": true,
        "CanQuery": true,
        "CanTouch": true,
        "Color3uint8": [
          0.627451,
          0.372549,
          0.207843
        ],
        "Massless": false,
        "Material": 272,
        "PivotOffset": {
          "position": [
            0,
            0,
            0
          ],
          "rotation": [
            1,
            0,
            0,
            0,
            1,
            0,
            0,
            0,
            1
          ]
        },
        "Reflectance": 0,
        "Transparency": 0,
        "size": [
          0.193128511,
          0.958393097,
          0.129691765
        ],
        "Name": "color5",
        "LocalCFrame": {
          "position": [
            0.06396,
            -0.638619,
            -0.745182
          ],
          "rotation": [
            0.922327,
            -0.26777,
            0.278589,
            0.267696,
            -0.077142,
            -0.96041,
            0.278655,
            0.960391,
            0.00053
          ]
        }
      }
    },
    {
      "id": "RBX36DA840736CB4AD182E2A64D617C6DCC",
      "parent": "RBX485369FFE9134634AA127F44DE64C3B9",
      "class": "UnionOperation",
      "name": "color5",
      "properties": {
        "UsePartColor": true,
        "Anchored": false,
        "CanCollide": true,
        "CanQuery": true,
        "CanTouch": true,
        "Color3uint8": [
          0.627451,
          0.372549,
          0.207843
        ],
        "Massless": false,
        "Material": 272,
        "PivotOffset": {
          "position": [
            0,
            0,
            0
          ],
          "rotation": [
            1,
            0,
            0,
            0,
            1,
            0,
            0,
            0,
            1
          ]
        },
        "Reflectance": 0,
        "Transparency": 0,
        "size": [
          0.159674957,
          0.414373487,
          0.159429312
        ],
        "Name": "color5",
        "LocalCFrame": {
          "position": [
            0.2102,
            -0.689064,
            -1.487442
          ],
          "rotation": [
            0.303835,
            -0.314184,
            -0.899429,
            -0.838376,
            0.360273,
            -0.409059,
            0.45256,
            0.878346,
            -0.15394
          ]
        }
      }
    },
    {
      "id": "RBX9934735160D5418289A28EC2CEA59604",
      "parent": "RBX485369FFE9134634AA127F44DE64C3B9",
      "class": "UnionOperation",
      "name": "color5",
      "properties": {
        "UsePartColor": true,
        "Anchored": false,
        "CanCollide": true,
        "CanQuery": true,
        "CanTouch": true,
        "Color3uint8": [
          0.627451,
          0.372549,
          0.207843
        ],
        "Massless": false,
        "Material": 272,
        "PivotOffset": {
          "position": [
            0,
            0,
            0
          ],
          "rotation": [
            1,
            0,
            0,
            0,
            1,
            0,
            0,
            0,
            1
          ]
        },
        "Reflectance": 0,
        "Transparency": 0,
        "size": [
          0.231794223,
          0.372422874,
          0.230792791
        ],
        "Name": "color5",
        "LocalCFrame": {
          "position": [
            0.19018,
            -0.747902,
            -1.299883
          ],
          "rotation": [
            0.017931,
            0.249488,
            -0.968212,
            -0.466693,
            0.858493,
            0.212573,
            0.884238,
            0.448045,
            0.131833
          ]
        }
      }
    },
    {
      "id": "RBX34657DC142D643ED93227F89ACFE4BF6",
      "parent": "RBX485369FFE9134634AA127F44DE64C3B9",
      "class": "UnionOperation",
      "name": "color5",
      "properties": {
        "UsePartColor": true,
        "Anchored": false,
        "CanCollide": true,
        "CanQuery": true,
        "CanTouch": true,
        "Color3uint8": [
          0.627451,
          0.372549,
          0.207843
        ],
        "Massless": false,
        "Material": 272,
        "PivotOffset": {
          "position": [
            0,
            0,
            0
          ],
          "rotation": [
            1,
            0,
            0,
            0,
            1,
            0,
            0,
            0,
            1
          ]
        },
        "Reflectance": 0,
        "Transparency": 0,
        "size": [
          0.209427893,
          0.871791184,
          0.223462313
        ],
        "Name": "color5",
        "LocalCFrame": {
          "position": [
            -0.13575,
            -0.963196,
            -0.904667
          ],
          "rotation": [
            0.685659,
            0.463745,
            0.561082,
            0.687674,
            -0.159909,
            -0.708191,
            -0.238701,
            0.871416,
            -0.428551
          ]
        }
      }
    },
    {
      "id": "RBX06CD7A6F4A274A298C187FD121F207EA",
      "parent": "RBX485369FFE9134634AA127F44DE64C3B9",
      "class": "UnionOperation",
      "name": "color5",
      "properties": {
        "UsePartColor": true,
        "Anchored": false,
        "CanCollide": true,
        "CanQuery": true,
        "CanTouch": true,
        "Color3uint8": [
          0.627451,
          0.372549,
          0.207843
        ],
        "Massless": false,
        "Material": 272,
        "PivotOffset": {
          "position": [
            0,
            0,
            0
          ],
          "rotation": [
            1,
            0,
            0,
            0,
            1,
            0,
            0,
            0,
            1
          ]
        },
        "Reflectance": 0,
        "Transparency": 0,
        "size": [
          0.09340287,
          0.336072564,
          0.297804117
        ],
        "Name": "color5",
        "LocalCFrame": {
          "position": [
            -0.19117,
            -0.831452,
            -1.604015
          ],
          "rotation": [
            0.964944,
            0.185562,
            0.185607,
            0.245322,
            -0.889028,
            -0.386582,
            0.093275,
            0.418563,
            -0.903385
          ]
        }
      }
    },
    {
      "id": "RBXB6B4056B55D4403996BD10438D5A036B",
      "parent": "RBX485369FFE9134634AA127F44DE64C3B9",
      "class": "UnionOperation",
      "name": "color5",
      "properties": {
        "UsePartColor": true,
        "Anchored": false,
        "CanCollide": true,
        "CanQuery": true,
        "CanTouch": true,
        "Color3uint8": [
          0.627451,
          0.372549,
          0.207843
        ],
        "Massless": false,
        "Material": 272,
        "PivotOffset": {
          "position": [
            0,
            0,
            0
          ],
          "rotation": [
            1,
            0,
            0,
            0,
            1,
            0,
            0,
            0,
            1
          ]
        },
        "Reflectance": 0,
        "Transparency": 0,
        "size": [
          0.157960832,
          0.723692298,
          0.23527348
        ],
        "Name": "color5",
        "LocalCFrame": {
          "position": [
            -0.17945,
            -0.856095,
            -1.466351
          ],
          "rotation": [
            0.94893,
            -0.0343,
            0.313617,
            0.3153,
            0.06889,
            -0.946488,
            0.010855,
            0.997035,
            0.076185
          ]
        }
      }
    },
    {
      "id": "RBX2BDBECD38BE7448C887251D3298B02FB",
      "parent": "RBX485369FFE9134634AA127F44DE64C3B9",
      "class": "UnionOperation",
      "name": "color1",
      "properties": {
        "UsePartColor": true,
        "Anchored": false,
        "CanCollide": true,
        "CanQuery": true,
        "CanTouch": true,
        "Color3uint8": [
          0.627451,
          0.372549,
          0.207843
        ],
        "Massless": false,
        "Material": 272,
        "PivotOffset": {
          "position": [
            0,
            0,
            0
          ],
          "rotation": [
            1,
            0,
            0,
            0,
            1,
            0,
            0,
            0,
            1
          ]
        },
        "Reflectance": 0,
        "Transparency": 0,
        "size": [
          0.444578707,
          0.463351339,
          0.338040709
        ],
        "Name": "color1",
        "LocalCFrame": {
          "position": [
            0.01123,
            -0.448647,
            -1.878901
          ],
          "rotation": [
            -1,
            -0.000008,
            -0.000055,
            -0.000052,
            0.490333,
            0.871535,
            0.000026,
            0.871535,
            -0.490333
          ]
        }
      }
    },
    {
      "id": "RBXC7CC2372052B47B996CA505CE6C9DB5B",
      "parent": "RBX485369FFE9134634AA127F44DE64C3B9",
      "class": "UnionOperation",
      "name": "color5",
      "properties": {
        "UsePartColor": true,
        "Anchored": false,
        "CanCollide": true,
        "CanQuery": true,
        "CanTouch": true,
        "Color3uint8": [
          0.627451,
          0.372549,
          0.207843
        ],
        "Massless": false,
        "Material": 272,
        "PivotOffset": {
          "position": [
            0,
            0,
            0
          ],
          "rotation": [
            1,
            0,
            0,
            0,
            1,
            0,
            0,
            0,
            1
          ]
        },
        "Reflectance": 0,
        "Transparency": 0,
        "size": [
          0.239110559,
          1.65540743,
          0.673674107
        ],
        "Name": "color5",
        "LocalCFrame": {
          "position": [
            0.00561,
            -0.818329,
            -1.239609
          ],
          "rotation": [
            -1,
            0.000042,
            -0.000033,
            -0.000049,
            -0.476721,
            0.879055,
            0.000026,
            0.879055,
            0.476721
          ]
        }
      }
    },
    {
      "id": "RBX9D27CEA515CC454C90EA70126AFBBF02",
      "parent": "RBX485369FFE9134634AA127F44DE64C3B9",
      "class": "UnionOperation",
      "name": "color5",
      "properties": {
        "UsePartColor": true,
        "Anchored": false,
        "CanCollide": true,
        "CanQuery": true,
        "CanTouch": true,
        "Color3uint8": [
          0.627451,
          0.372549,
          0.207843
        ],
        "Massless": false,
        "Material": 272,
        "PivotOffset": {
          "position": [
            0,
            0,
            0
          ],
          "rotation": [
            1,
            0,
            0,
            0,
            1,
            0,
            0,
            0,
            1
          ]
        },
        "Reflectance": 0,
        "Transparency": 0,
        "size": [
          0.564713299,
          1.92810857,
          0.60895431
        ],
        "Name": "color5",
        "LocalCFrame": {
          "position": [
            0.00537,
            -0.805031,
            -1.13084
          ],
          "rotation": [
            -1,
            0.000032,
            -0.000045,
            -0.00005,
            -0.207791,
            0.978173,
            0.000027,
            0.978173,
            0.207791
          ]
        }
      }
    },
    {
      "id": "RBX36BD0CDE9FDD4E28985BBE040D6EE9C7",
      "parent": "RBX9D27CEA515CC454C90EA70126AFBBF02",
      "class": "Motor6D",
      "name": "urethra",
      "properties": {
        "C0": {
          "position": [
            -0.000150749649,
            -0.117961615,
            -0.0386496186
          ],
          "rotation": [
            1,
            0.00000136332346,
            -3.03055458e-7,
            -0.00000122116944,
            0.95892626,
            0.283655882,
            6.73657382e-7,
            -0.283655852,
            0.95892626
          ]
        },
        "C1": {
          "position": [
            0,
            0,
            0
          ],
          "rotation": [
            1,
            0,
            0,
            0,
            1,
            0,
            0,
            0,
            1
          ]
        },
        "Enabled": true,
        "Part0": "RBX9D27CEA515CC454C90EA70126AFBBF02",
        "Part1": "RBXC7CC2372052B47B996CA505CE6C9DB5B",
        "Name": "urethra"
      }
    },
    {
      "id": "RBXDC6C0F5CFF3D41D8A5AB8ACE580B29CF",
      "parent": "RBX9D27CEA515CC454C90EA70126AFBBF02",
      "class": "Motor6D",
      "name": "tip",
      "properties": {
        "C0": {
          "position": [
            -0.0059357672,
            -0.820115805,
            0.190118879
          ],
          "rotation": [
            1,
            0.00000207558151,
            9.18792466e-7,
            -9.50723916e-7,
            0.75062573,
            -0.660727739,
            -0.00000206473169,
            0.66072768,
            0.75062573
          ]
        },
        "C1": {
          "position": [
            0,
            0,
            0
          ],
          "rotation": [
            1,
            0,
            0,
            0,
            1,
            0,
            0,
            0,
            1
          ]
        },
        "Enabled": true,
        "Part0": "RBX9D27CEA515CC454C90EA70126AFBBF02",
        "Part1": "RBX2BDBECD38BE7448C887251D3298B02FB",
        "Name": "tip"
      }
    },
    {
      "id": "RBXFBB2B82CCD574FE9830912FAD627F6B2",
      "parent": "RBX9D27CEA515CC454C90EA70126AFBBF02",
      "class": "Motor6D",
      "name": "Union",
      "properties": {
        "C0": {
          "position": [
            -0.204812229,
            -0.387238175,
            0.0362823829
          ],
          "rotation": [
            -0.303783685,
            0.31418559,
            0.899445951,
            0.616900623,
            0.784308553,
            -0.0656115264,
            -0.726053238,
            0.534935832,
            -0.432079792
          ]
        },
        "C1": {
          "position": [
            0,
            0,
            0
          ],
          "rotation": [
            1,
            0,
            0,
            0,
            1,
            0,
            0,
            0,
            1
          ]
        },
        "Enabled": true,
        "Part0": "RBX9D27CEA515CC454C90EA70126AFBBF02",
        "Part1": "RBX36DA840736CB4AD182E2A64D617C6DCC",
        "Name": "Union"
      }
    },
    {
      "id": "RBX22C7D69312214FA898DC40A031267D1A",
      "parent": "RBX9D27CEA515CC454C90EA70126AFBBF02",
      "class": "Motor6D",
      "name": "Union",
      "properties": {
        "C0": {
          "position": [
            0.184819087,
            -0.331913054,
            -0.122704335
          ],
          "rotation": [
            -0.948945522,
            0.0343185924,
            -0.313567549,
            -0.0548634455,
            0.960956752,
            0.271205038,
            0.310632259,
            0.27456221,
            -0.910012782
          ]
        },
        "C1": {
          "position": [
            0,
            0,
            0
          ],
          "rotation": [
            1,
            0,
            0,
            0,
            1,
            0,
            0,
            0,
            1
          ]
        },
        "Enabled": true,
        "Part0": "RBX9D27CEA515CC454C90EA70126AFBBF02",
        "Part1": "RBXB6B4056B55D4403996BD10438D5A036B",
        "Name": "Union"
      }
    },
    {
      "id": "RBXD564B820C82A4D299C02C535BA795794",
      "parent": "RBX9D27CEA515CC454C90EA70126AFBBF02",
      "class": "Motor6D",
      "name": "Union",
      "properties": {
        "C0": {
          "position": [
            0.141214743,
            0.239767328,
            -0.110757418
          ],
          "rotation": [
            -0.685698569,
            -0.46371761,
            -0.561055541,
            -0.376358211,
            0.885640562,
            -0.272020817,
            0.623034537,
            0.0246336069,
            -0.781806469
          ]
        },
        "C1": {
          "position": [
            0,
            0,
            0
          ],
          "rotation": [
            1,
            0,
            0,
            0,
            1,
            0,
            0,
            0,
            1
          ]
        },
        "Enabled": true,
        "Part0": "RBX9D27CEA515CC454C90EA70126AFBBF02",
        "Part1": "RBX34657DC142D643ED93227F89ACFE4BF6",
        "Name": "Union"
      }
    },
    {
      "id": "RBX2B480AB680794BEB9F41B04DF6F8A482",
      "parent": "RBX9D27CEA515CC454C90EA70126AFBBF02",
      "class": "Motor6D",
      "name": "Union",
      "properties": {
        "C0": {
          "position": [
            -0.191847801,
            -0.192092732,
            0.0160147976
          ],
          "rotation": [
            -0.0178767499,
            -0.24951078,
            0.968206942,
            0.961916268,
            0.259879798,
            0.0847326368,
            -0.27275908,
            0.93284893,
            0.235362619
          ]
        },
        "C1": {
          "position": [
            0.0000610490824,
            0.0000152691355,
            -0.00716400193
          ],
          "rotation": [
            1,
            -0.00000938776429,
            -0.0000145582053,
            0.00000938760786,
            1,
            -0.000010739971,
            0.0000145583053,
            0.0000107398346,
            1
          ]
        },
        "Enabled": true,
        "Part0": "RBX9D27CEA515CC454C90EA70126AFBBF02",
        "Part1": "RBX9934735160D5418289A28EC2CEA59604",
        "Name": "Union"
      }
    },
    {
      "id": "RBXDA2AC73AD1684C24AF396821C790D0FF",
      "parent": "RBX9D27CEA515CC454C90EA70126AFBBF02",
      "class": "Motor6D",
      "name": "Union",
      "properties": {
        "C0": {
          "position": [
            -0.0585097075,
            0.328332722,
            0.239867404
          ],
          "rotation": [
            -0.922334492,
            0.267795175,
            -0.278540492,
            0.216982558,
            0.955448329,
            0.200092822,
            0.319714934,
            0.124114089,
            -0.93934989
          ]
        },
        "C1": {
          "position": [
            0,
            0,
            0
          ],
          "rotation": [
            1,
            0,
            0,
            0,
            1,
            0,
            0,
            0,
            1
          ]
        },
        "Enabled": true,
        "Part0": "RBX9D27CEA515CC454C90EA70126AFBBF02",
        "Part1": "RBXF37621FD90D845E2983675F071644B94",
        "Name": "Union"
      }
    },
    {
      "id": "RBX60C50DADE08B4848A426DCA3BB6533DF",
      "parent": "RBX9D27CEA515CC454C90EA70126AFBBF02",
      "class": "Motor6D",
      "name": "Union",
      "properties": {
        "C0": {
          "position": [
            0.196577579,
            -0.471695662,
            -0.127200902
          ],
          "rotation": [
            -0.964953959,
            -0.185506433,
            -0.185611039,
            0.040298935,
            0.594166815,
            -0.803338349,
            0.259307563,
            -0.782660186,
            -0.565866709
          ]
        },
        "C1": {
          "position": [
            0,
            0,
            0
          ],
          "rotation": [
            1,
            0,
            0,
            0,
            1,
            0,
            0,
            0,
            1
          ]
        },
        "Enabled": true,
        "Part0": "RBX9D27CEA515CC454C90EA70126AFBBF02",
        "Part1": "RBX06CD7A6F4A274A298C187FD121F207EA",
        "Name": "Union"
      }
    },
    {
      "id": "RBXEB1D611391234095B8EA9894A7A0933C",
      "parent": "RBX485369FFE9134634AA127F44DE64C3B9",
      "class": "UnionOperation",
      "name": "cum",
      "properties": {
        "UsePartColor": true,
        "Anchored": false,
        "CanCollide": true,
        "CanQuery": true,
        "CanTouch": true,
        "Color3uint8": [
          0.972549,
          0.972549,
          0.972549
        ],
        "Massless": false,
        "Material": 1568,
        "PivotOffset": {
          "position": [
            0,
            0,
            0
          ],
          "rotation": [
            1,
            0,
            0,
            0,
            1,
            0,
            0,
            0,
            1
          ]
        },
        "Reflectance": 0,
        "Transparency": 0.100000001,
        "size": [
          0.564713299,
          1.45937252,
          0.522953331
        ],
        "Name": "cum",
        "LocalCFrame": {
          "position": [
            0.00537,
            -0.772347,
            -1.336567
          ],
          "rotation": [
            -1,
            0.000041,
            -0.00004,
            -0.000048,
            -0.207784,
            0.978175,
            0.000037,
            0.978175,
            0.207784
          ]
        }
      }
    },
    {
      "id": "RBX39E3566093C449F29B157231733E41EE",
      "parent": "RBXEB1D611391234095B8EA9894A7A0933C",
      "class": "Motor6D",
      "name": "urethra",
      "properties": {
        "C0": {
          "position": [
            -0.000165085788,
            0.104396038,
            -0.0248293094
          ],
          "rotation": [
            1,
            0.00000934723539,
            0.00000698651365,
            -0.0000109451003,
            0.958924294,
            0.2836622,
            -0.00000404807997,
            -0.28366217,
            0.958924353
          ]
        },
        "C1": {
          "position": [
            0,
            0,
            0
          ],
          "rotation": [
            1,
            0,
            0,
            0,
            1,
            0,
            0,
            0,
            1
          ]
        },
        "Enabled": true,
        "Part0": "RBXEB1D611391234095B8EA9894A7A0933C",
        "Part1": "RBXC7CC2372052B47B996CA505CE6C9DB5B",
        "Name": "urethra"
      }
    },
    {
      "id": "RBXD716419D0E2E4EB1B292D7E0B4376293",
      "parent": "RBXEB1D611391234095B8EA9894A7A0933C",
      "class": "Motor6D",
      "name": "tip",
      "properties": {
        "C0": {
          "position": [
            -0.00596585032,
            -0.597809017,
            0.203953698
          ],
          "rotation": [
            1,
            0.0000129505643,
            -0.00000115543344,
            -0.0000104851124,
            0.750682294,
            -0.660663366,
            -0.000007688599,
            0.660663307,
            0.750682294
          ]
        },
        "C1": {
          "position": [
            0,
            0,
            0
          ],
          "rotation": [
            1,
            0,
            0,
            0,
            1,
            0,
            0,
            0,
            1
          ]
        },
        "Enabled": true,
        "Part0": "RBXEB1D611391234095B8EA9894A7A0933C",
        "Part1": "RBX2BDBECD38BE7448C887251D3298B02FB",
        "Name": "tip"
      }
    },
    {
      "id": "RBX1E4BEFB64AF645E29CD0DEBBF64FC112",
      "parent": "RBXEB1D611391234095B8EA9894A7A0933C",
      "class": "Motor6D",
      "name": "Union",
      "properties": {
        "C0": {
          "position": [
            -0.204837933,
            -0.164879829,
            0.05010508
          ],
          "rotation": [
            -0.303761035,
            0.314190626,
            0.899451792,
            0.616913497,
            0.784290612,
            -0.0656205118,
            -0.726048946,
            0.534951031,
            -0.432065278
          ]
        },
        "C1": {
          "position": [
            0,
            0,
            0
          ],
          "rotation": [
            1,
            0,
            0,
            0,
            1,
            0,
            0,
            0,
            1
          ]
        },
        "Enabled": true,
        "Part0": "RBXEB1D611391234095B8EA9894A7A0933C",
        "Part1": "RBX36DA840736CB4AD182E2A64D617C6DCC",
        "Name": "Union"
      }
    },
    {
      "id": "RBX4B3D11331B684CABB60BBC5E71ED396C",
      "parent": "RBXEB1D611391234095B8EA9894A7A0933C",
      "class": "Motor6D",
      "name": "Union",
      "properties": {
        "C0": {
          "position": [
            0.18479532,
            -0.109559953,
            -0.108890168
          ],
          "rotation": [
            -0.948942065,
            0.0343265012,
            -0.313577503,
            -0.0548438206,
            0.960969985,
            0.271162122,
            0.310646623,
            0.274514914,
            -0.91002214
          ]
        },
        "C1": {
          "position": [
            0,
            0,
            0
          ],
          "rotation": [
            1,
            0,
            0,
            0,
            1,
            0,
            0,
            0,
            1
          ]
        },
        "Enabled": true,
        "Part0": "RBXEB1D611391234095B8EA9894A7A0933C",
        "Part1": "RBXB6B4056B55D4403996BD10438D5A036B",
        "Name": "Union"
      }
    },
    {
      "id": "RBX4C30ACA8718B4745A94468D0E5FD36A1",
      "parent": "RBXEB1D611391234095B8EA9894A7A0933C",
      "class": "Motor6D",
      "name": "Union",
      "properties": {
        "C0": {
          "position": [
            0.141197205,
            0.462198585,
            -0.0969533026
          ],
          "rotation": [
            -0.68568635,
            -0.463704348,
            -0.561081588,
            -0.376356721,
            0.88564682,
            -0.272002548,
            0.623048842,
            0.024658395,
            -0.78179419
          ]
        },
        "C1": {
          "position": [
            0,
            0,
            0
          ],
          "rotation": [
            1,
            0,
            0,
            0,
            1,
            0,
            0,
            0,
            1
          ]
        },
        "Enabled": true,
        "Part0": "RBXEB1D611391234095B8EA9894A7A0933C",
        "Part1": "RBX34657DC142D643ED93227F89ACFE4BF6",
        "Name": "Union"
      }
    },
    {
      "id": "RBXAB6C713D6E52475F992E21E9A34490B8",
      "parent": "RBXEB1D611391234095B8EA9894A7A0933C",
      "class": "Motor6D",
      "name": "Union",
      "properties": {
        "C0": {
          "position": [
            -0.191871256,
            0.0302906409,
            0.0298331045
          ],
          "rotation": [
            -0.0178637225,
            -0.249495685,
            0.968211174,
            0.961917996,
            0.259879291,
            0.0847152025,
            -0.272754133,
            0.932852983,
            0.235351965
          ]
        },
        "C1": {
          "position": [
            0.0000610490824,
            0.0000152691355,
            -0.00716400193
          ],
          "rotation": [
            1,
            -0.00000938776429,
            -0.0000145582053,
